"Time,s","腰椎屈曲,deg","Lumbar Lateral - RT,deg","Lumbar Axial - RT,deg","胸椎屈曲,deg","Thoracic Lateral - RT,deg","Thoracic Axial - RT,deg","肘关节屈曲 左,deg","肘关节屈曲 右,deg","总肩屈曲 左,deg","总肩屈曲 右,deg","肩屈曲 左,deg","肩屈曲 右,deg","肩外展 左,deg","肩外展 右,deg","Shoulder Rotation - out 左,deg","Shoulder Rotation - out 右,deg","伸腕 左,deg","伸腕 右,deg","手腕径向 左,deg","手腕径向 右,deg","Wrist Supination 左,deg","Wrist Supination 右,deg","髋关节屈曲 左,deg","髋关节屈曲 右,deg","髋关节外展 左,deg","髋关节外展 右,deg","Hip Rotation - out 左,deg","Hip Rotation - out 右,deg","膝关节屈曲 左,deg","膝关节屈曲 右,deg","踝关节背屈 左,deg","踝关节背屈 右,deg","踝关节反转 左,deg","踝关节反转 右,deg","踝关节外展 左,deg","踝关节外展 右,deg","脊椎上部 course,deg","脊椎上部 pitch,deg","脊椎上部 roll,deg","上臂 course 左,deg","上臂 pitch 左,deg","上臂 roll 左,deg","前臂 course 左,deg","前臂 pitch 左,deg","前臂 roll 左,deg","手 course 左,deg","手 pitch 左,deg","手 roll 左,deg","上臂 course 右,deg","上臂 pitch 右,deg","上臂 roll 右,deg","前臂 course 右,deg","前臂 pitch 右,deg","前臂 roll 右,deg","手 course 右,deg","手 pitch 右,deg","手 roll 右,deg","脊椎下部 course,deg","脊椎下部 pitch,deg","脊椎下部 roll,deg","骨盆 course,deg","骨盆 pitch,deg","骨盆 roll,deg","大腿 course 左,deg","大腿 pitch 左,deg","大腿 roll 左,deg","胫骨 course 左,deg","胫骨 pitch 左,deg","胫骨 roll 左,deg","脚 course 左,deg","脚 pitch 左,deg","脚 roll 左,deg","大腿 course 右,deg","大腿 pitch 右,deg","大腿 roll 右,deg","胫骨 course 右,deg","胫骨 pitch 右,deg","胫骨 roll 右,deg","脚 course 右,deg","脚 pitch 右,deg","脚 roll 右,deg","脊椎上部 Accel 传感器 X,mG","脊椎上部 Accel 传感器 Y,mG","脊椎上部 Accel 传感器 Z,mG","上臂 Accel 传感器 X 左,mG","上臂 Accel 传感器 Y 左,mG","上臂 Accel 传感器 Z 左,mG","前臂 Accel 传感器 X 左,mG","前臂 Accel 传感器 Y 左,mG","前臂 Accel 传感器 Z 左,mG","手 Accel 传感器 X 左,mG","手 Accel 传感器 Y 左,mG","手 Accel 传感器 Z 左,mG","上臂 Accel 传感器 X 右,mG","上臂 Accel 传感器 Y 右,mG","上臂 Accel 传感器 Z 右,mG","前臂 Accel 传感器 X 右,mG","前臂 Accel 传感器 Y 右,mG","前臂 Accel 传感器 Z 右,mG","手 Accel 传感器 X 右,mG","手 Accel 传感器 Y 右,mG","手 Accel 传感器 Z 右,mG","脊椎下部 Accel 传感器 X,mG","脊椎下部 Accel 传感器 Y,mG","脊椎下部 Accel 传感器 Z,mG","骨盆 Accel 传感器 X,mG","骨盆 Accel 传感器 Y,mG","骨盆 Accel 传感器 Z,mG","大腿 Accel 传感器 X 左,mG","大腿 Accel 传感器 Y 左,mG","大腿 Accel 传感器 Z 左,mG","胫骨 Accel 传感器 X 左,mG","胫骨 Accel 传感器 Y 左,mG","胫骨 Accel 传感器 Z 左,mG","脚 Accel 传感器 X 左,mG","脚 Accel 传感器 Y 左,mG","脚 Accel 传感器 Z 左,mG","大腿 Accel 传感器 X 右,mG","大腿 Accel 传感器 Y 右,mG","大腿 Accel 传感器 Z 右,mG","胫骨 Accel 传感器 X 右,mG","胫骨 Accel 传感器 Y 右,mG","胫骨 Accel 传感器 Z 右,mG","脚 Accel 传感器 X 右,mG","脚 Accel 传感器 Y 右,mG","脚 Accel 传感器 Z 右,mG","脊椎上部 Rot X,","脊椎上部 Rot Y,","脊椎上部 Rot Z,","左 上臂 Rot X,","左 上臂 Rot Y,","左 上臂 Rot Z,","左 前臂 Rot X,","左 前臂 Rot Y,","左 前臂 Rot Z,","左 手 Rot X,","左 手 Rot Y,","左 手 Rot Z,","右 上臂 Rot X,","右 上臂 Rot Y,","右 上臂 Rot Z,","右 前臂 Rot X,","右 前臂 Rot Y,","右 前臂 Rot Z,","右 手 Rot X,","右 手 Rot Y,","右 手 Rot Z,","脊椎下部 Rot X,","脊椎下部 Rot Y,","脊椎下部 Rot Z,","骨盆 Rot X,","骨盆 Rot Y,","骨盆 Rot Z,","左 大腿 Rot X,","左 大腿 Rot Y,","左 大腿 Rot Z,","左 胫骨 Rot X,","左 胫骨 Rot Y,","左 胫骨 Rot Z,","左 脚 Rot X,","左 脚 Rot Y,","左 脚 Rot Z,","右 大腿 Rot X,","右 大腿 Rot Y,","右 大腿 Rot Z,","右 胫骨 Rot X,","右 胫骨 Rot Y,","右 胫骨 Rot Z,","右 脚 Rot X,","右 脚 Rot Y,","右 脚 Rot Z,"
0,1.566,0.426,3.004,2.677,2.706,4.418,3.364,1.742,3.944,3.636,1.912,1.956,3.453,3.066,-50.08,-33.65,-1.221,0.8328,-0.2384,1.986,50.98,38.34,5.065,4.43,3.513,0.561,6.28,2.157,4.774,4.496,-1.201,-2.323,0.5032,4.316,-0.2356,-6.434,-78,-5.667,1.646,-27.66,-6.314,0.3739,-27.64,-2.95,0.3718,11.38,-1.306,-1.806,-111.7,-3.876,0.8783,-111.7,-2.134,0.8771,-163.4,-1.468,0.2309,-82.41,-3.062,-0.8255,-85.44,-1.559,-1.17,-91.84,3.739,1.944,-91.95,-1.034,0.7384,-91.73,-2.236,0.2259,-83.38,2.932,-1.623,-83.19,-1.56,-3.035,-89.51,-4.195,1.729,-0.4778,-89.84,-56.64,80.07,99.6,-60.05,57.14,79.58,-100.6,61.05,60.54,23.43,-5.87,-57.13,36.62,-37.1,-138.2,13.67,0,-122.1,-38.57,24.89,-51.75,115.2,3.417,-77.15,20.02,-63.97,14.15,-122.5,4.385,-79.61,4.412,14.7,-16.53,4.458,27.34,-3.916,163.1,-33.67,6.801,32.72,49.85,71.23,26.39,0.5205,-0.004273,0.8428,0.1737,-0.638,0.3229,0.6457,-0.4033,0.4123,0.3548,-0.5505,0.315,-0.4665,-0.5119,-0.5061,-0.6981,-0.2396,-0.5044,-0.494,-0.4657,-0.5078,0.7394,-0.094,0.6643,0.5991,-0.04114,0.7989,0.5032,-0.5752,0.4577,0.5315,-0.5611,0.4491,0.02081,-0.2565,0.08173,-0.5338,-0.5207,-0.4611,-0.5335,-0.5364,-0.4912,-0.08912,-0.2609,-0.1551
0.01,1.499,0.4802,3.056,2.633,2.724,4.313,3.201,1.794,4.008,3.587,1.878,1.921,3.544,3.031,-50.22,-33.95,-1.242,0.8153,-0.2856,2.045,50.97,38.45,5.172,4.803,3.705,0.266,6.493,2.332,4.737,4.873,-1.135,-2.71,0.4191,4.582,-0.1212,-6.875,-77.7,-5.647,1.448,-27.23,-6.242,0.2793,-27.21,-3.041,0.278,11.81,-1.296,-1.983,-111.7,-3.975,0.7728,-111.7,-2.182,0.7715,-163.3,-1.568,0.143,-82.02,-3.1,-1.045,-85.11,-1.68,-1.436,-91.74,3.724,1.858,-91.84,-1.011,0.7071,-91.74,-2.146,0.2837,-82.89,3.188,-1.575,-82.69,-1.678,-3.249,-89.42,-4.743,1.875,7.824,-106,-36.61,80.07,85.45,-71.77,46.38,47.84,-100.1,70.81,63.48,14.65,-17.58,-37.6,67.38,-47.37,-115.2,25.39,6.839,-98.63,-27.83,-21.48,-104.5,59.09,-9.268,-180.2,-8.31,18.54,20.03,-77.16,21,-80.55,20.52,17.71,-43.92,0.4611,17.09,-21.47,83.49,-21.04,-48.33,63.02,96.61,312.1,29.79,0.5206,-0.007019,0.8426,0.1719,-0.6393,0.3199,0.6434,-0.4065,0.4113,0.3521,-0.5528,0.3131,-0.4655,-0.5116,-0.5068,-0.6979,-0.2382,-0.5052,-0.4941,-0.4645,-0.5084,0.7388,-0.09772,0.6643,0.5981,-0.04468,0.7994,0.5016,-0.5772,0.456,0.5312,-0.5616,0.4485,0.02039,-0.2557,0.08191,-0.5355,-0.519,-0.4606,-0.5345,-0.5337,-0.4947,-0.08985,-0.2655,-0.156
0.02,1.367,0.5007,3.125,2.656,2.761,4.202,3.028,1.854,4.061,3.538,1.832,1.873,3.627,3.004,-50.4,-34.27,-1.236,0.8098,-0.3306,2.107,50.97,38.44,5.265,5.179,3.909,-0.02308,6.718,2.463,4.706,5.256,-1.035,-2.984,0.3412,5.014,-0.02959,-7.113,-77.41,-5.625,1.246,-26.76,-6.167,0.1671,-26.75,-3.138,0.1662,12.28,-1.306,-2.178,-111.8,-4.09,0.6657,-111.7,-2.236,0.6647,-163.3,-1.679,0.05774,-81.62,-3.071,-1.291,-84.78,-1.799,-1.695,-91.67,3.699,1.791,-91.77,-1.005,0.671,-91.75,-2.04,0.3295,-82.47,3.447,-1.527,-82.24,-1.802,-3.458,-89.19,-5.173,2.164,-2.927,-124.5,-24.41,48.84,50.77,-91.8,34.19,10.73,-99.61,51.26,69.82,4.887,-29.8,-13.19,70.31,-41.49,-71.78,29.78,-21.49,-113.3,-32.72,-48.33,-158.7,12.2,-59.58,-216.3,-38.58,70.81,19.54,-22.95,28.85,-64.93,47.87,-2.004,-51.72,15.06,-32.25,6.819,40.05,-37.08,-65.92,130.4,159.1,150.3,-21.47,0.5207,-0.009766,0.8423,0.1699,-0.6407,0.3167,0.6412,-0.4096,0.4105,0.3491,-0.5552,0.3111,-0.4644,-0.5115,-0.5075,-0.6974,-0.2376,-0.5055,-0.4935,-0.4639,-0.5085,0.7385,-0.1016,0.664,0.5971,-0.0481,0.8,0.4999,-0.579,0.4545,0.531,-0.5621,0.4479,0.02008,-0.2548,0.08209,-0.5367,-0.5177,-0.4596,-0.5351,-0.5314,-0.4979,-0.09229,-0.2692,-0.1578
0.03,1.213,0.5074,3.207,2.703,2.813,4.07,2.835,1.913,4.096,3.5,1.798,1.812,3.683,2.997,-50.59,-34.58,-1.216,0.84,-0.3641,2.17,50.96,38.31,5.377,5.534,4.133,-0.3008,6.952,2.472,4.697,5.669,-0.9582,-3.06,0.2881,5.511,0.04319,-7.072,-77.13,-5.603,1.068,-26.3,-6.081,0.05913,-26.29,-3.246,0.05879,12.75,-1.343,-2.363,-111.8,-4.216,0.5703,-111.8,-2.304,0.5691,-163.5,-1.821,-0.009771,-81.22,-3.015,-1.532,-84.47,-1.914,-1.934,-91.61,3.7,1.761,-91.71,-0.9974,0.6307,-91.76,-1.954,0.3437,-82.18,3.684,-1.478,-81.93,-1.976,-3.628,-88.82,-5.441,2.52,-32.22,-124.5,-23.45,20.02,21.48,-100.1,5.36,-15.62,-77.14,32.71,75.2,1.467,-54.7,16.12,73.73,-58.58,-46.39,37.6,-43.95,-84.97,-15.13,-94.74,-210.4,-31.73,-92.29,-250,-56.16,39.05,-44.92,74.21,40.08,-24.91,19.52,10.36,-1.53,25.82,-122.5,9.25,83.96,-146,-74.26,104,162.6,111.8,-26.39,0.5207,-0.01227,0.8421,0.1679,-0.642,0.3133,0.639,-0.4123,0.4098,0.3459,-0.5574,0.3092,-0.4631,-0.5116,-0.5081,-0.6966,-0.2374,-0.5056,-0.4921,-0.4639,-0.5082,0.7384,-0.1055,0.6634,0.596,-0.05133,0.8005,0.4977,-0.5809,0.4528,0.5309,-0.5625,0.4475,0.02002,-0.2541,0.08222,-0.5381,-0.5162,-0.459,-0.5352,-0.5301,-0.5006,-0.09583,-0.2716,-0.1605
0.04,1.067,0.4946,3.289,2.74,2.86,3.963,2.638,1.958,4.116,3.471,1.774,1.744,3.717,3.002,-50.76,-34.9,-1.181,0.9025,-0.3925,2.245,50.93,38.12,5.483,5.87,4.325,-0.5514,7.153,2.377,4.672,6.082,-0.91,-2.978,0.229,6.017,0.1284,-6.73,-76.86,-5.583,0.906,-25.86,-5.983,-0.0412,-25.86,-3.346,-0.04127,13.2,-1.391,-2.532,-111.9,-4.346,0.4838,-111.8,-2.389,0.4828,-163.7,-1.997,-0.0684,-80.85,-2.97,-1.75,-84.18,-2.029,-2.13,-91.54,3.697,1.746,-91.64,-0.9746,0.5829,-91.77,-1.884,0.3579,-82.01,3.899,-1.421,-81.74,-2.171,-3.735,-88.29,-5.547,2.898,-63.49,-109.9,-8.783,-20.51,-12.2,-112.8,-34.19,-42.98,-69.34,-6.361,73.73,-19.04,-80.07,35.15,92.77,-88.37,0,49.81,-64.95,-32.72,12.7,-119.2,-240.2,-60.05,-112.3,-260.3,-69.83,50.8,-71.27,-3.428,6.846,-53.2,41.97,-1.336,-42.54,0,-175.8,-7.832,115.7,-209.5,-45.88,-3.868,81.61,-160.2,-120.6,0.5208,-0.01465,0.8418,0.1661,-0.6433,0.3101,0.637,-0.4149,0.4091,0.3428,-0.5595,0.3074,-0.4618,-0.5118,-0.5086,-0.6956,-0.2376,-0.5057,-0.4903,-0.4641,-0.5078,0.7383,-0.1091,0.6629,0.595,-0.05414,0.801,0.4954,-0.5829,0.4511,0.5308,-0.5629,0.4469,0.01996,-0.2535,0.08234,-0.5401,-0.5144,-0.4587,-0.5348,-0.5296,-0.5027,-0.1002,-0.2724,-0.1643
0.05,0.9531,0.4708,3.367,2.759,2.877,3.884,2.451,2,4.143,3.429,1.763,1.692,3.751,2.984,-50.86,-35.23,-1.138,1.006,-0.4035,2.335,50.86,37.91,5.558,6.196,4.509,-0.7387,7.296,2.24,4.609,6.512,-0.9044,-2.772,0.1889,6.356,0.2455,-6.229,-76.58,-5.567,0.7437,-25.49,-5.882,-0.1293,-25.49,-3.431,-0.1289,13.64,-1.443,-2.669,-111.9,-4.457,0.4121,-111.9,-2.456,0.4112,-164,-2.191,-0.1448,-80.5,-2.945,-1.934,-83.91,-2.13,-2.282,-91.44,3.678,1.771,-91.53,-0.9308,0.5367,-91.78,-1.832,0.3557,-81.91,4.118,-1.388,-81.62,-2.383,-3.761,-87.68,-5.527,3.164,-80.09,-106.4,-4.401,-55.65,-31.74,-95.21,-62.99,-59.58,-50.79,-35.17,71.29,-23.43,-93.76,59.56,101.6,-106,21.49,54.19,-96.68,-29.78,17.1,-142.6,-252.9,-43.46,-108.4,-244.1,-68.85,5.361,-109.4,49.32,-8.769,-57.59,31.27,-27.73,0.9181,0.9223,-192.9,0.4726,79.1,-253.9,50.78,-2.418,138.2,-292,-138.7,0.5208,-0.01703,0.8416,0.1647,-0.6444,0.3072,0.6352,-0.4171,0.4084,0.3399,-0.5612,0.3056,-0.4605,-0.512,-0.509,-0.6947,-0.2379,-0.5056,-0.4883,-0.4643,-0.5072,0.738,-0.1124,0.6626,0.5941,-0.05652,0.8014,0.4931,-0.5845,0.4499,0.5306,-0.5634,0.446,0.02002,-0.2531,0.0824,-0.5419,-0.5126,-0.4584,-0.5345,-0.5299,-0.5041,-0.1039,-0.272,-0.1689
0.06,0.8583,0.4474,3.468,2.772,2.849,3.831,2.295,2.046,4.175,3.357,1.739,1.647,3.798,2.927,-50.91,-35.52,-1.084,1.13,-0.3943,2.425,50.78,37.67,5.601,6.526,4.619,-0.8366,7.405,2.069,4.516,6.953,-0.9168,-2.475,0.1566,6.458,0.3503,-5.664,-76.32,-5.55,0.5778,-25.18,-5.794,-0.214,-25.19,-3.499,-0.2134,14.02,-1.493,-2.772,-112,-4.539,0.3631,-111.9,-2.494,0.362,-164.3,-2.367,-0.2292,-80.19,-2.922,-2.076,-83.69,-2.213,-2.392,-91.34,3.641,1.77,-91.43,-0.8737,0.4836,-91.79,-1.788,0.3383,-81.89,4.361,-1.404,-81.58,-2.582,-3.699,-87.1,-5.393,3.265,-72.27,-110.3,-25.38,-84.46,-39.07,-94.24,-94.73,-76.66,-43.95,-60.55,76.67,-30.27,-108.4,70.8,96.68,-91.81,46.87,59.08,-114.7,0,38.57,-149.9,-264.7,-29.3,-86.91,-227.5,-79.58,21.98,-162.1,71.29,-15.15,-85.45,-14.17,2.004,16.07,37.04,-205.5,30.79,75.7,-284.7,148,41.02,256.3,-269.5,-87.41,0.5208,-0.01941,0.8413,0.1635,-0.6454,0.3048,0.6336,-0.4191,0.4077,0.3373,-0.5627,0.3039,-0.4596,-0.5122,-0.5092,-0.694,-0.2382,-0.5053,-0.4864,-0.4644,-0.5066,0.7378,-0.1152,0.6623,0.5934,-0.05835,0.8018,0.491,-0.5862,0.4487,0.5306,-0.5638,0.4451,0.0202,-0.2527,0.0824,-0.5432,-0.5109,-0.4579,-0.5341,-0.5308,-0.5047,-0.1063,-0.2705,-0.1734
0.07,0.7634,0.4342,3.558,2.813,2.779,3.784,2.177,2.08,4.234,3.29,1.731,1.64,3.866,2.854,-50.89,-35.76,-1.022,1.239,-0.3571,2.505,50.68,37.41,5.588,6.858,4.716,-0.8881,7.514,1.852,4.354,7.397,-0.9828,-2.039,0.1056,6.293,0.4471,-5.041,-76.07,-5.549,0.4048,-24.95,-5.717,-0.2846,-24.96,-3.54,-0.2838,14.36,-1.537,-2.82,-112,-4.602,0.3057,-111.9,-2.522,0.305,-164.5,-2.528,-0.3171,-79.9,-2.887,-2.183,-83.49,-2.282,-2.479,-91.26,3.565,1.783,-91.34,-0.788,0.4188,-91.8,-1.767,0.3274,-81.93,4.618,-1.448,-81.61,-2.769,-3.52,-86.54,-5.094,3.202,-61.04,-111.8,-28.82,-94.25,-23.44,-118.6,-113.3,-83.99,-36.62,-83.5,68.84,-50.3,-108.4,83.49,106.9,-87.41,75.2,70.32,-119.1,24.41,40.03,-120.6,-266.1,-35.65,-77.15,-183.6,-66.89,3.887,-208,48.82,14.15,-171.9,43.96,16.04,-39.02,10.3,-208.5,66.44,130.9,-282.2,192.9,75.67,342.8,-228,-198.7,0.5206,-0.02173,0.8412,0.1627,-0.6462,0.3029,0.6322,-0.4209,0.4068,0.3352,-0.5638,0.3022,-0.4589,-0.5122,-0.5095,-0.6933,-0.2383,-0.505,-0.4847,-0.4646,-0.5059,0.7376,-0.1176,0.662,0.5928,-0.05994,0.8021,0.4889,-0.5878,0.4479,0.5307,-0.5641,0.4441,0.02033,-0.2525,0.08246,-0.5441,-0.5092,-0.4573,-0.5341,-0.5324,-0.5044,-0.1074,-0.2674,-0.1779
0.08,0.683,0.3657,3.636,2.878,2.704,3.777,2.12,2.122,4.327,3.21,1.745,1.656,3.961,2.751,-50.86,-35.95,-0.958,1.341,-0.3328,2.585,50.59,37.15,5.518,7.137,4.762,-0.8496,7.62,1.74,4.15,7.813,-1.06,-1.435,0.05189,6.027,0.5131,-4.594,-75.83,-5.569,0.2323,-24.75,-5.661,-0.3342,-24.77,-3.541,-0.3333,14.64,-1.568,-2.838,-111.9,-4.645,0.2663,-111.9,-2.523,0.2655,-164.8,-2.653,-0.4139,-79.67,-2.848,-2.283,-83.33,-2.329,-2.505,-91.2,3.454,1.812,-91.28,-0.6928,0.344,-91.8,-1.75,0.3077,-81.9,4.85,-1.515,-81.58,-2.954,-3.265,-86.1,-4.633,3.118,-65.43,-125.5,2.921,-98.16,-0.981,-111.3,-117.7,-88.87,-34.67,-92.79,67.37,-48.83,-100.6,87.89,123.5,-93.26,82.03,77.15,-134.8,43.94,45.42,-84.47,-244.1,-54.7,-66.9,-158.2,-60.54,2.949,-205.1,47.36,49.77,-219.7,38.11,3.341,-46.37,-0.9223,-161.1,116.2,135.2,-231.5,165,31.27,204.5,-315.9,16.1,0.5204,-0.02399,0.8412,0.162,-0.6468,0.3013,0.6313,-0.4225,0.4058,0.3336,-0.5645,0.3007,-0.4586,-0.5121,-0.5099,-0.693,-0.2381,-0.5048,-0.4834,-0.4646,-0.5052,0.7376,-0.1197,0.6616,0.5924,-0.06092,0.8023,0.487,-0.5892,0.4476,0.5311,-0.5643,0.443,0.02051,-0.2524,0.08246,-0.5449,-0.5076,-0.4569,-0.5347,-0.5339,-0.5039,-0.1082,-0.2631,-0.1813
0.09,0.6596,0.2742,3.688,2.897,2.601,3.82,2.106,2.159,4.439,3.121,1.74,1.682,4.085,2.631,-50.83,-36.1,-0.9024,1.39,-0.2871,2.639,50.56,36.95,5.375,7.368,4.768,-0.6985,7.748,1.724,3.866,8.184,-1.176,-0.6172,0.01056,5.665,0.5299,-4.401,-75.61,-5.575,0.04739,-24.56,-5.621,-0.3773,-24.57,-3.515,-0.3761,14.86,-1.574,-2.81,-111.8,-4.666,0.2146,-111.8,-2.507,0.214,-164.9,-2.726,-0.5072,-79.49,-2.841,-2.363,-83.21,-2.347,-2.49,-91.2,3.302,1.848,-91.27,-0.5615,0.2675,-91.8,-1.734,0.2728,-81.8,5.065,-1.647,-81.47,-3.111,-2.997,-85.84,-3.945,2.96,-82.51,-142.1,16.11,-90.82,37.11,-123,-123.5,-88.87,-22.46,-97.18,61.04,-55.66,-90.81,87.89,131.8,-85.93,81.55,73.24,-111.3,75.69,44.91,-72.25,-218.3,-68.37,-63,-132.8,-69.83,8.31,-162.6,30.76,22,-196.3,-8.328,1.002,-27.39,10.3,-126.9,197.8,88.87,-148.9,75.71,-60.04,-311,198.3,-134.7,0.5202,-0.02631,0.8411,0.1611,-0.6473,0.2999,0.6306,-0.4237,0.4048,0.3326,-0.565,0.2993,-0.4586,-0.5117,-0.5103,-0.6929,-0.2376,-0.5047,-0.4827,-0.4644,-0.5046,0.7374,-0.1213,0.6615,0.5922,-0.06146,0.8023,0.4855,-0.5903,0.4479,0.5318,-0.5641,0.442,0.02081,-0.2523,0.0824,-0.5454,-0.5057,-0.4571,-0.5358,-0.535,-0.5036,-0.1081,-0.257,-0.1831
0.1,0.6799,0.1865,3.718,2.884,2.457,3.905,2.16,2.193,4.603,3.004,1.726,1.713,4.27,2.469,-50.84,-36.19,-0.8671,1.437,-0.2576,2.688,50.62,36.79,5.183,7.518,4.772,-0.4945,7.941,1.701,3.551,8.415,-1.306,0.2003,-0.007844,5.425,0.4607,-4.374,-75.39,-5.572,-0.1502,-24.33,-5.618,-0.3952,-24.34,-3.458,-0.394,15.04,-1.556,-2.756,-111.7,-4.659,0.1735,-111.7,-2.465,0.1732,-164.9,-2.774,-0.6093,-79.36,-2.858,-2.412,-83.11,-2.343,-2.45,-91.28,3.128,1.907,-91.34,-0.4207,0.2023,-91.81,-1.725,0.2248,-81.72,5.225,-1.809,-81.38,-3.183,-2.808,-85.77,-3.188,2.853,-75.67,-151.9,14.15,-80.55,66.9,-137.2,-113.8,-67.39,-35.65,-105.9,47.85,-45.9,-83.99,76.66,141.1,-76.67,63.96,73.73,-105,83.97,46.39,-103.5,-204.1,-26.36,-78.12,-107.4,-94.24,-2.949,-100.1,22.47,-20.54,-144.5,-21.95,4.009,25.4,7.378,-208,276.4,11.24,-27.3,-15.14,74.22,-554.7,48.35,-8.768,0.52,-0.02869,0.841,0.1599,-0.6477,0.2985,0.6303,-0.4248,0.4036,0.332,-0.5653,0.2979,-0.4589,-0.5111,-0.5108,-0.6931,-0.2366,-0.5047,-0.4826,-0.4638,-0.5044,0.7371,-0.1224,0.6615,0.5922,-0.06171,0.8023,0.4841,-0.5911,0.4486,0.533,-0.5634,0.4413,0.02124,-0.2522,0.08234,-0.5461,-0.5034,-0.4581,-0.5368,-0.5356,-0.5032,-0.1081,-0.2505,-0.1833
0.11,0.6522,0.08819,3.76,2.889,2.26,3.988,2.241,2.225,4.783,2.885,1.69,1.751,4.478,2.295,-50.9,-36.26,-0.8367,1.458,-0.2237,2.706,50.74,36.7,4.97,7.55,4.708,-0.387,8.208,1.73,3.196,8.387,-1.463,0.811,-0.05008,5.278,0.3035,-4.472,-75.18,-5.546,-0.362,-24.06,-5.622,-0.4109,-24.08,-3.38,-0.4096,15.18,-1.522,-2.681,-111.6,-4.629,0.1105,-111.6,-2.404,0.1102,-164.9,-2.806,-0.7124,-79.24,-2.833,-2.424,-83.03,-2.341,-2.362,-91.44,2.932,1.946,-91.5,-0.2608,0.1232,-91.81,-1.723,0.1822,-81.6,5.259,-1.825,-81.27,-3.119,-2.771,-85.78,-2.518,2.697,-71.79,-157.2,30.77,-60.04,78.62,-147.5,-101.6,-46.38,-49.81,-100.6,53.71,-47.36,-71.28,68.85,147.5,-77.16,48.82,74.7,-100.6,75.19,41.51,-134.7,-205.6,-11.73,-97.16,-99.11,-119.1,-9.784,-44.92,37.61,-22.46,-106.5,-21.01,10.36,20.96,14.14,-296.4,291.5,-111.3,-72.23,-102.6,241.7,-411.6,-85.45,-182.2,0.52,-0.03113,0.8408,0.1583,-0.6482,0.2969,0.6302,-0.4255,0.4024,0.3318,-0.5655,0.2966,-0.4596,-0.5101,-0.5114,-0.6935,-0.2354,-0.5048,-0.4829,-0.4629,-0.5044,0.7372,-0.1232,0.6613,0.5922,-0.06153,0.8022,0.4831,-0.5918,0.4497,0.5347,-0.5624,0.4408,0.02161,-0.2522,0.08228,-0.5481,-0.5013,-0.4596,-0.5377,-0.5349,-0.5032,-0.1074,-0.2448,-0.183
0.12,0.5587,-0.006375,3.801,2.903,2.018,4.078,2.333,2.279,4.999,2.743,1.643,1.746,4.723,2.116,-51.03,-36.27,-0.8495,1.459,-0.2093,2.699,50.9,36.67,4.729,7.451,4.602,-0.3766,8.512,1.806,2.779,8.09,-1.641,1.312,-0.1083,5.039,0.08558,-4.658,-74.99,-5.48,-0.578,-23.75,-5.633,-0.3907,-23.77,-3.299,-0.3897,15.33,-1.465,-2.592,-111.4,-4.602,0.04538,-111.4,-2.324,0.04513,-164.7,-2.81,-0.8092,-79.15,-2.756,-2.4,-82.97,-2.351,-2.241,-91.67,2.697,1.984,-91.72,-0.07994,0.04194,-91.81,-1.721,0.1528,-81.45,5.15,-1.71,-81.14,-2.933,-2.813,-85.85,-1.846,2.37,-103,-168.9,15.14,-46.87,76.66,-165,-87.9,-20.51,-67.87,-90.32,53.22,-23.43,-81.54,46.87,150.9,-76.17,35.64,89.35,-100.6,58.1,41.51,-165,-180.2,-11.73,-118.2,-121.6,-150.9,-14.16,3.891,37.1,0,-71.27,36.12,11.69,-18.06,-3.382,-296.4,215.3,-193.4,-193.8,-82.97,263.7,-478.1,75.24,-182.2,0.5203,-0.03351,0.8405,0.1565,-0.6485,0.2951,0.6302,-0.4261,0.4012,0.3317,-0.5657,0.2951,-0.4603,-0.5089,-0.5123,-0.6942,-0.2341,-0.5049,-0.4837,-0.4618,-0.5049,0.7375,-0.1237,0.6607,0.5921,-0.06098,0.8022,0.4821,-0.5925,0.451,0.5368,-0.5609,0.4405,0.02185,-0.2522,0.08222,-0.5503,-0.5003,-0.4611,-0.5389,-0.5334,-0.5032,-0.1052,-0.2389,-0.1824
0.13,0.3877,-0.1232,3.845,2.922,1.734,4.182,2.401,2.326,5.231,2.563,1.57,1.701,4.992,1.918,-51.21,-36.23,-0.8971,1.434,-0.1939,2.687,51.08,36.69,4.475,7.284,4.431,-0.3325,8.768,1.903,2.33,7.627,-1.818,1.722,-0.1641,4.834,-0.112,-4.901,-74.83,-5.361,-0.802,-23.42,-5.638,-0.3437,-23.43,-3.236,-0.3426,15.48,-1.406,-2.493,-111.2,-4.557,-0.02269,-111.2,-2.231,-0.02257,-164.5,-2.785,-0.9122,-79.1,-2.617,-2.344,-82.96,-2.374,-2.066,-91.89,2.434,2.019,-91.93,0.1066,-0.04937,-91.81,-1.713,0.1113,-81.31,4.961,-1.575,-81.01,-2.659,-2.862,-85.99,-1.18,2.065,-130.4,-172.9,-19.54,-47.87,64.46,-175.8,-79.11,-7.81,-69.82,-65.91,56.15,-28.32,-89.84,39.55,142.1,-76.17,33.21,98.14,-111.8,36.63,35.64,-176.3,-141.6,-21.49,-135.3,-170.9,-152.3,-21.49,36.12,58.59,21.46,1.945,48.81,11.69,-7.804,-2.459,-342.3,115.3,-178.7,-285.2,-72.27,192.4,-480,112.9,-245.1,0.521,-0.03589,0.84,0.1546,-0.6487,0.2932,0.63,-0.4267,0.4,0.3317,-0.5659,0.2935,-0.4614,-0.5075,-0.5132,-0.695,-0.2329,-0.5049,-0.485,-0.4604,-0.5054,0.7383,-0.1238,0.6598,0.5921,-0.05988,0.8023,0.481,-0.5934,0.4524,0.5388,-0.5595,0.44,0.02222,-0.2522,0.08216,-0.5508,-0.501,-0.4617,-0.5402,-0.5315,-0.5028,-0.103,-0.2332,-0.1813
0.14,0.1867,-0.2697,3.921,2.958,1.405,4.294,2.458,2.388,5.495,2.387,1.528,1.66,5.281,1.717,-51.39,-36.17,-0.9338,1.376,-0.1975,2.651,51.25,36.71,4.215,7.092,4.154,-0.2399,8.948,1.936,1.862,7.039,-1.997,2.011,-0.2115,4.724,-0.2859,-5.057,-74.68,-5.243,-1.034,-23.09,-5.634,-0.2674,-23.1,-3.176,-0.2667,15.65,-1.377,-2.393,-111,-4.514,-0.09744,-111,-2.126,-0.09723,-164.3,-2.724,-1.006,-79.06,-2.462,-2.254,-82.99,-2.406,-1.823,-92.07,2.149,2.022,-92.1,0.2874,-0.1428,-91.81,-1.711,0.06002,-81.27,4.734,-1.428,-81.01,-2.3,-2.866,-86.16,-0.5419,1.898,-135.2,-149.9,-63.47,-68.86,48.35,-172.9,-82.01,-20.51,-82.52,-67.38,51.77,-20.02,-120.6,27.84,139.2,-99.12,27.84,128.4,-142.6,0.4993,40.54,-174.3,-125.5,-45.42,-138.2,-199.7,-138.2,1.966,59.56,64.94,-13.69,43.92,84.99,5.345,-15.15,3.843,-388.7,-3.443,-80.56,-338.4,-113.8,163.6,-493.6,-89.84,-339.8,0.5217,-0.03827,0.8395,0.1527,-0.6486,0.2912,0.6298,-0.4272,0.3985,0.3314,-0.566,0.2919,-0.4625,-0.506,-0.5143,-0.696,-0.2314,-0.505,-0.4866,-0.459,-0.5059,0.7392,-0.1237,0.6587,0.5919,-0.05805,0.8025,0.4799,-0.5945,0.4537,0.5407,-0.5583,0.4394,0.02265,-0.2522,0.08204,-0.5502,-0.5031,-0.4615,-0.5416,-0.5299,-0.5014,-0.1019,-0.2278,-0.1798
0.15,-0.02405,-0.4499,4.058,2.971,1.066,4.359,2.471,2.475,5.742,2.214,1.507,1.598,5.543,1.533,-51.6,-36.03,-0.9862,1.283,-0.1791,2.606,51.37,36.7,3.987,6.905,3.822,-0.07298,9.037,1.906,1.388,6.348,-2.185,1.526,-0.2664,4.473,-0.4243,-5.277,-74.57,-5.128,-1.25,-22.78,-5.612,-0.185,-22.79,-3.141,-0.1845,15.84,-1.352,-2.283,-110.7,-4.489,-0.1662,-110.7,-2.014,-0.1659,-164,-2.619,-1.09,-79.02,-2.328,-2.139,-83.08,-2.465,-1.518,-92.22,1.863,2.037,-92.24,0.4778,-0.2506,-91.81,-1.704,0.003274,-81.35,4.483,-1.3,-81.12,-1.859,-2.845,-86.47,-0.5951,1.672,-149.9,-149.9,-80.07,-97.67,22.46,-158.2,-94.24,-38.09,-88.37,-86.43,43.47,-20.02,-158.7,11.72,123.5,-136.2,23.44,139.6,-176.8,-26.85,44.43,-150.4,-136.7,-82.03,-126,-224.1,-34.68,-9.784,89.84,27.84,-16.08,102.1,94.75,11.36,-32.75,10.3,-364.7,-97.63,35.65,-271.5,-166.5,206.5,581.6,-19.52,-534.7,0.5224,-0.04035,0.8391,0.151,-0.6485,0.2893,0.6295,-0.4276,0.3971,0.331,-0.5661,0.2902,-0.4637,-0.5044,-0.5155,-0.6969,-0.23,-0.5051,-0.4884,-0.4578,-0.5063,0.74,-0.1234,0.6578,0.5917,-0.05548,0.8028,0.4784,-0.5959,0.4547,0.5426,-0.5573,0.4385,0.02313,-0.2521,0.08191,-0.5489,-0.5058,-0.461,-0.5428,-0.5286,-0.4991,-0.09931,-0.2283,-0.1777
0.16,-0.1122,-0.6218,4.207,2.905,0.6771,4.43,2.449,2.585,5.995,2.072,1.541,1.562,5.797,1.362,-51.78,-35.85,-1.03,1.153,-0.1393,2.553,51.45,36.61,3.757,6.692,3.43,0.2152,8.996,1.806,0.9366,5.677,-2.353,0.7547,-0.3162,3.95,-0.4943,-5.349,-74.49,-5.048,-1.464,-22.54,-5.572,-0.08775,-22.54,-3.123,-0.0876,16.01,-1.358,-2.154,-110.5,-4.478,-0.2416,-110.5,-1.893,-0.2409,-163.9,-2.475,-1.178,-79.01,-2.302,-1.963,-83.22,-2.506,-1.16,-92.29,1.59,2.047,-92.3,0.6548,-0.3658,-91.79,-1.694,-0.06438,-81.55,4.224,-1.245,-81.35,-1.449,-2.823,-86.73,-0.9537,1.205,-85.95,-125.5,-101.1,-119.6,-0.4819,-149.4,-122.5,-80.08,-94.24,-100.1,26.37,-48.34,-174.3,0.9764,106.4,-162.6,21.49,155.8,-202.6,-45.41,54.68,-83.01,-146.5,-113.8,-102.1,-203.1,32.71,-30.78,116.2,9.268,-14.15,198.7,31.27,6.682,3.979,-3.382,-284.6,-166.5,198.2,-71.32,-30.29,178.7,-954.1,691,-992.7,0.5228,-0.04224,0.8388,0.1498,-0.6482,0.2876,0.6291,-0.4279,0.3957,0.3307,-0.5659,0.2887,-0.4647,-0.5028,-0.5169,-0.698,-0.2286,-0.5051,-0.4901,-0.4571,-0.5061,0.7402,-0.1224,0.6576,0.5916,-0.05231,0.803,0.4765,-0.5976,0.4554,0.544,-0.5567,0.4373,0.02368,-0.2521,0.08167,-0.5472,-0.5083,-0.4608,-0.5434,-0.528,-0.4965,-0.09449,-0.231,-0.1768
0.17,0.03473,-0.784,4.301,2.706,0.2491,4.554,2.437,2.74,6.244,1.989,1.645,1.57,6.027,1.223,-51.93,-35.63,-1.031,0.9837,-0.09729,2.472,51.49,36.49,3.513,6.433,2.989,0.5838,8.772,1.478,0.5279,5.172,-2.51,-0.3757,-0.3491,3.694,-0.4291,-4.99,-74.46,-5.033,-1.661,-22.36,-5.525,0.01068,-22.36,-3.088,0.01051,16.16,-1.392,-2.012,-110.2,-4.493,-0.3183,-110.2,-1.753,-0.3172,-163.7,-2.281,-1.252,-79.1,-2.473,-1.714,-83.41,-2.501,-0.7439,-92.22,1.342,2.066,-92.23,0.8166,-0.4841,-91.78,-1.69,-0.1473,-82.01,3.964,-1.227,-81.83,-1.205,-2.713,-86.8,-1.809,1.129,51.75,-103.5,-97.66,-91.31,-0.981,-125.5,-133.8,-110.3,-101.1,-81.06,0.9728,-46.88,-143.1,-13.19,81.54,-155.8,9.765,146,-189.4,-42,79.59,-18.56,-165,-90.33,-52.25,-145.5,92.28,-38.11,133.3,-26.38,-31.23,312,-60.06,-9.354,22.04,-5.38,-70.33,-206.1,272,72.8,-148,-69.31,1336,693.4,1078,0.5227,-0.04377,0.8389,0.149,-0.6479,0.2862,0.629,-0.4279,0.3943,0.3303,-0.5655,0.2873,-0.4656,-0.5014,-0.5184,-0.6991,-0.2273,-0.5049,-0.4919,-0.4567,-0.5054,0.7394,-0.1204,0.6587,0.5919,-0.04853,0.803,0.4745,-0.5993,0.4558,0.5447,-0.5568,0.4357,0.02435,-0.2521,0.08136,-0.5462,-0.5101,-0.4612,-0.5426,-0.5296,-0.4932,-0.09278,-0.2382,-0.1769
0.18,0.4495,-0.8678,4.282,2.347,-0.2088,4.779,2.412,2.935,6.486,1.967,1.819,1.615,6.231,1.123,-52,-35.41,-1.016,0.7647,-0.04201,2.359,51.49,36.32,3.261,6.113,2.588,0.911,8.407,0.967,0.1873,4.792,-2.629,-0.614,-0.3687,3.385,-0.2479,-4.187,-74.46,-5.075,-1.839,-22.29,-5.465,0.1232,-22.29,-3.053,0.1226,16.23,-1.45,-1.847,-110,-4.533,-0.4008,-110,-1.598,-0.3999,-163.7,-2.033,-1.308,-79.31,-2.854,-1.392,-83.61,-2.437,-0.343,-92.03,1.144,2.101,-92.03,0.9555,-0.5712,-91.76,-1.671,-0.2095,-82.67,3.696,-1.192,-82.52,-1.093,-2.45,-86.68,-1.88,1.065,197.3,-84.48,-40.52,-23.93,-7.814,-117.7,-77.63,-113.8,-140.1,-16.59,-31.73,-64.94,-63.49,-31.25,57.61,-93.26,-22.94,116.2,-117.2,-5.375,84.48,48.82,-145.5,5.864,39.55,3.905,125,-71.3,72.24,-31.26,-72.77,245.6,-83.5,-2.004,-4.438,-0.9223,303.2,-313,215.3,460.4,-317.4,-127.4,1041,279.4,-289.5,0.5223,-0.04499,0.8393,0.1489,-0.6473,0.2854,0.6291,-0.4276,0.3931,0.3303,-0.5646,0.2864,-0.4662,-0.5,-0.5199,-0.7002,-0.226,-0.5045,-0.4937,-0.4569,-0.5042,0.7376,-0.1171,0.6613,0.5926,-0.0448,0.8026,0.4726,-0.6008,0.456,0.5446,-0.5575,0.4339,0.02484,-0.252,0.08106,-0.5459,-0.5113,-0.4621,-0.5409,-0.5334,-0.4888,-0.09241,-0.2386,-0.178
0.19,0.9511,-0.8687,4.112,1.985,-0.6373,5.133,2.384,3.167,6.69,2.011,2.05,1.691,6.373,1.089,-51.99,-35.22,-0.9576,0.4963,0.002948,2.216,51.51,36.15,3.028,5.761,2.246,1.118,7.97,0.5358,-0.06528,4.498,-2.732,0.1289,-0.3874,2.94,0.0236,-3.42,-74.47,-5.147,-1.973,-22.33,-5.375,0.2533,-22.32,-2.991,0.2527,16.19,-1.541,-1.661,-109.8,-4.587,-0.4995,-109.9,-1.421,-0.4981,-163.7,-1.736,-1.363,-79.66,-3.269,-1.044,-83.79,-2.325,-0.007675,-91.75,1.006,2.119,-91.75,1.072,-0.6434,-91.74,-1.663,-0.2553,-83.25,3.448,-1.094,-83.12,-1.048,-2.268,-86.54,-1.052,0.7313,288.1,-72.75,24.91,88.86,-13.18,-108.4,19.51,-84.97,-171.9,84.46,-73.25,-65.43,56.64,-58.59,27.34,5.358,-79.59,61.52,-7.811,28.31,84.48,124,-73.74,126.5,140.1,186.5,100.6,-44.45,5.88,9.268,-36.15,167.5,-154.3,-29.73,44.99,-7.378,929.7,-488.8,94.73,730.5,-213.9,-153.8,-1713,-1051,125,0.5217,-0.04584,0.8397,0.1495,-0.6464,0.2851,0.6296,-0.4269,0.3921,0.3308,-0.5632,0.2862,-0.4664,-0.4988,-0.5213,-0.7015,-0.2251,-0.5039,-0.4955,-0.4575,-0.5024,0.7356,-0.1128,0.6641,0.5935,-0.04163,0.8021,0.4711,-0.602,0.4559,0.5439,-0.5586,0.4319,0.02521,-0.2519,0.08088,-0.5459,-0.5127,-0.4625,-0.5391,-0.5367,-0.4854,-0.09076,-0.2312,-0.1793
0.2,1.169,-0.7904,3.822,1.852,-0.9813,5.575,2.346,3.374,6.845,2.078,2.281,1.742,6.461,1.134,-51.84,-35.1,-0.8786,0.1557,0.01032,2.055,51.52,35.98,2.892,5.511,1.976,1.129,7.564,0.1885,-0.2129,4.274,-2.788,-0.2913,-0.3937,2.755,0.3027,-2.938,-74.47,-5.187,-2.059,-22.49,-5.258,0.4189,-22.47,-2.912,0.4177,16.03,-1.661,-1.475,-109.7,-4.652,-0.6223,-109.8,-1.277,-0.6202,-163.8,-1.408,-1.385,-80.1,-3.424,-0.7443,-83.93,-2.248,0.1967,-91.48,0.9242,2.069,-91.48,1.138,-0.6843,-91.75,-1.654,-0.2826,-83.73,3.267,-0.9217,-83.62,-1.006,-2.093,-86.54,-1.403,0.7313,301.8,-46.39,91.3,229.5,-10.74,-119.1,156.3,-46.38,-236.3,210.5,-88.86,-52.25,189.5,-94.23,-7.809,146,-134.8,-2.925,132.3,72.25,96.67,231.4,106.9,273.4,244.6,284.7,113.8,56.16,1.945,-13.68,7.308,80.05,-282.7,-30.74,73.3,38.58,1226,-496.1,-211.4,740.7,46.43,-214.8,1118,-401.4,274.4,0.5213,-0.04639,0.84,0.1511,-0.6451,0.2855,0.6304,-0.4259,0.3913,0.3317,-0.5612,0.2868,-0.4663,-0.4977,-0.5226,-0.7024,-0.2244,-0.5033,-0.4972,-0.4586,-0.5004,0.7353,-0.1083,0.6653,0.5942,-0.03949,0.8017,0.4704,-0.603,0.4555,0.543,-0.5598,0.4303,0.02545,-0.2518,0.08088,-0.5452,-0.5152,-0.4615,-0.5377,-0.5395,-0.4825,-0.0904,-0.2341,-0.1795
0.21,1.026,-0.6852,3.476,1.969,-1.239,6.013,2.238,3.531,6.957,2.132,2.51,1.749,6.496,1.219,-51.54,-35.07,-0.8164,-0.211,0.008108,1.889,51.53,35.85,2.874,5.461,1.776,1.23,7.36,-0.0477,-0.2725,4.13,-2.845,-0.1938,-0.4028,2.215,0.4439,-2.666,-74.45,-5.165,-2.112,-22.79,-5.087,0.6325,-22.76,-2.848,0.6307,15.73,-1.806,-1.271,-109.7,-4.707,-0.7538,-109.7,-1.176,-0.7513,-163.9,-1.087,-1.375,-80.52,-3.271,-0.5294,-84,-2.231,0.2917,-91.34,0.9022,1.968,-91.34,1.174,-0.6853,-91.75,-1.677,-0.2695,-84.02,3.229,-0.9405,-83.91,-0.8965,-2.012,-86.57,-1.184,0.2555,239.3,-11.72,98.15,343.8,-6.833,-117.7,312.5,0.9809,-254.4,311.5,-103,-47.36,277.4,-123.5,-20.02,271,-189.9,-60.55,270,98.63,64.95,308.6,292.5,111.8,288.6,217.3,120.1,87.38,25.86,-190.4,92.77,30.74,-255.3,0.3341,41.47,34.74,578.6,-259.7,-348.1,427.7,220.3,-80.59,-601.1,648.4,63.43,0.5214,-0.04688,0.8399,0.1539,-0.6433,0.2865,0.6314,-0.4245,0.3911,0.3332,-0.5587,0.2883,-0.466,-0.4967,-0.5237,-0.703,-0.2243,-0.5026,-0.4986,-0.4601,-0.4983,0.7366,-0.1045,0.6645,0.5943,-0.03851,0.8016,0.4704,-0.6037,0.4547,0.5424,-0.5603,0.4295,0.02533,-0.252,0.08088,-0.5429,-0.5174,-0.4599,-0.537,-0.5407,-0.4805,-0.08655,-0.2318,-0.18
0.22,0.8262,-0.5559,3.241,2.135,-1.418,6.309,2.055,3.593,7.054,2.163,2.755,1.732,6.504,1.297,-51.08,-35.13,-0.7975,-0.5389,-0.01253,1.756,51.53,35.76,2.904,5.466,1.705,1.309,7.313,-0.06116,-0.2299,4.057,-2.889,-0.4266,-0.3859,2.254,0.4759,-2.598,-74.41,-5.117,-2.153,-23.22,-4.872,0.879,-23.19,-2.817,0.8768,15.31,-1.953,-1.079,-109.7,-4.751,-0.8653,-109.7,-1.158,-0.8625,-164,-0.838,-1.319,-80.78,-3.044,-0.3995,-84.03,-2.205,0.2816,-91.32,0.945,1.881,-91.32,1.174,-0.6466,-91.76,-1.721,-0.2466,-84.06,3.258,-1.031,-83.95,-0.7962,-2.035,-86.54,-1.314,0.2771,131.3,12.7,96.2,369.6,-3.425,-94.73,412.1,15.14,-272.5,396,-73.73,-54.69,296.4,-126,-11.23,323.2,-209.5,-89.85,346.2,104.5,45.42,380.4,366.7,38.09,280.3,149.9,89.83,16.62,66.89,-245.1,143.1,-39.52,-197.3,-13.7,21.42,16.6,90.34,-155.3,-83.02,128.4,328.2,123.5,458.9,25.85,302.8,0.5218,-0.04737,0.8397,0.1577,-0.6411,0.288,0.6327,-0.4226,0.3915,0.3352,-0.5559,0.2907,-0.4655,-0.4961,-0.5243,-0.703,-0.2248,-0.5023,-0.4993,-0.4616,-0.4967,0.7382,-0.1022,0.6632,0.5945,-0.03845,0.8015,0.4705,-0.6042,0.4538,0.5422,-0.5603,0.4297,0.02515,-0.2524,0.08106,-0.5406,-0.5188,-0.4586,-0.5371,-0.5404,-0.4801,-0.08667,-0.2329,-0.1804
0.23,0.6973,-0.5065,3.233,2.305,-1.465,6.403,1.757,3.543,7.147,2.163,3.041,1.719,6.48,1.315,-50.52,-35.26,-0.7683,-0.7804,-0.03612,1.684,51.48,35.73,2.917,5.44,1.674,1.201,7.361,0.09924,-0.1504,4.074,-2.934,-0.4136,-0.3681,2.262,0.3759,-2.702,-74.37,-5.083,-2.223,-23.77,-4.587,1.113,-23.73,-2.83,1.111,14.83,-2.137,-0.9299,-109.8,-4.788,-0.937,-109.8,-1.245,-0.9338,-164.1,-0.7049,-1.218,-80.84,-2.846,-0.4399,-84.08,-2.141,0.1878,-91.43,1.009,1.747,-91.43,1.157,-0.5898,-91.78,-1.779,-0.2106,-83.96,3.299,-1.007,-83.86,-0.7717,-2.059,-86.54,-1.281,0.2608,24.91,-8.302,86.92,331.5,-6.351,-44.44,425.8,7.329,-245.1,400.4,-53.71,-71.78,247.6,-84.97,17.09,285.2,-165.5,-92.29,339.8,89.35,21.49,317.9,290.5,-13.67,223.1,40.03,33.7,-23.95,62.52,-278.8,108.4,-34.19,-119.1,3.007,39.02,17.52,-12.68,-7.832,21.49,-2.957,341.3,150.9,-78.67,145,-122,0.5219,-0.04804,0.8396,0.1625,-0.6388,0.2899,0.6341,-0.4199,0.3928,0.3372,-0.553,0.2937,-0.4649,-0.496,-0.5244,-0.7024,-0.2257,-0.5025,-0.4993,-0.4632,-0.4957,0.7394,-0.1021,0.662,0.595,-0.03882,0.8012,0.4711,-0.6046,0.4527,0.5425,-0.5596,0.4304,0.02484,-0.2529,0.08124,-0.5389,-0.5205,-0.4569,-0.5376,-0.5397,-0.4804,-0.08655,-0.2326,-0.1803
0.24,0.6439,-0.5692,3.433,2.473,-1.375,6.352,1.357,3.395,7.175,2.136,3.339,1.714,6.366,1.276,-49.92,-35.4,-0.6925,-0.8834,-0.02543,1.658,51.41,35.71,2.911,5.352,1.619,1.049,7.451,0.3677,-0.04541,4.094,-2.967,-0.4071,-0.3575,2.293,0.148,-2.835,-74.36,-5.075,-2.297,-24.37,-4.234,1.275,-24.34,-2.879,1.273,14.29,-2.351,-0.8272,-109.9,-4.807,-0.9554,-110,-1.413,-0.9524,-164.3,-0.7149,-1.066,-80.78,-2.688,-0.6244,-84.22,-2.044,0.06745,-91.67,1.079,1.56,-91.67,1.125,-0.508,-91.79,-1.842,-0.1462,-83.85,3.314,-0.9606,-83.74,-0.7792,-2.038,-86.56,-1.285,0.3156,-28.31,-42.48,65.92,227.5,-36.63,-5.369,333,-38.09,-188.5,334,-21.98,-100.6,160.6,-23.93,41.99,184.1,-94.23,-45.41,237.3,43.94,14.65,137.2,111.8,-98.13,115.7,-69.34,-44.43,-21.98,32.72,-268.1,-12.69,-14.18,-62.98,1.336,-4.897,-2.92,-120.1,94.73,-3.92,-117.2,119.1,-17.08,70.29,104.1,107.5,0.5219,-0.04865,0.8396,0.168,-0.6369,0.2916,0.6357,-0.4166,0.395,0.339,-0.55,0.2974,-0.4643,-0.4963,-0.5241,-0.7013,-0.227,-0.503,-0.4982,-0.4646,-0.4955,0.7402,-0.1035,0.6609,0.5956,-0.03894,0.8008,0.4726,-0.6047,0.4518,0.5432,-0.5583,0.432,0.02429,-0.2534,0.08149,-0.5372,-0.5224,-0.4551,-0.5382,-0.5393,-0.4808,-0.08698,-0.2327,-0.1801
0.25,0.6152,-0.6805,3.668,2.613,-1.251,6.274,0.9183,3.209,7.136,2.088,3.611,1.706,6.172,1.204,-49.32,-35.52,-0.5566,-0.8489,0.01474,1.652,51.37,35.68,2.939,5.269,1.55,0.9543,7.595,0.7004,0.1107,4.107,-2.972,-0.3855,-0.3473,2.376,-0.1588,-3.001,-74.36,-5.076,-2.362,-25,-3.848,1.356,-24.97,-2.93,1.355,13.7,-2.578,-0.7572,-110,-4.812,-0.9347,-110.1,-1.602,-0.9318,-164.4,-0.8429,-0.8927,-80.72,-2.569,-0.8301,-84.39,-1.96,-0.024,-91.99,1.171,1.383,-91.99,1.06,-0.4215,-91.81,-1.911,-0.07966,-83.69,3.321,-0.9378,-83.59,-0.783,-2.05,-86.57,-1.275,0.3895,-41,-63.48,52.24,120.6,-55.66,40.53,185,-72.75,-113.8,211.4,6.83,-141.1,39.56,17.58,56.15,71.28,-0.9781,-0.9788,90.82,-24.91,34.18,4.874,-38.58,-147.9,15.63,-148,-78.62,-31.72,0.9727,-211.9,-57.15,60.54,46.88,-11.36,5.356,-19.98,-201.6,186,7.792,-203.1,-55.68,-21.52,1.912,-43.95,-15.12,0.5219,-0.04908,0.8396,0.1739,-0.6354,0.2931,0.6379,-0.4126,0.398,0.3409,-0.547,0.3016,-0.4639,-0.4968,-0.5237,-0.7001,-0.2282,-0.5038,-0.4964,-0.4659,-0.496,0.7408,-0.1051,0.6601,0.5963,-0.0387,0.8004,0.4743,-0.6044,0.4511,0.5442,-0.5567,0.434,0.02374,-0.2539,0.08179,-0.5359,-0.5237,-0.454,-0.5388,-0.5385,-0.4815,-0.08759,-0.2327,-0.1798
0.26,0.6115,-0.7856,3.88,2.687,-1.137,6.26,0.5332,3.029,7.025,2,3.82,1.664,5.912,1.109,-48.73,-35.61,-0.3352,-0.7043,0.0925,1.662,51.41,35.59,2.985,5.191,1.504,0.9175,7.715,1.044,0.2782,4.082,-2.957,-0.3876,-0.3279,2.417,-0.4715,-3.139,-74.36,-5.07,-2.406,-25.6,-3.463,1.357,-25.59,-2.93,1.357,13.05,-2.801,-0.6763,-110.1,-4.813,-0.8653,-110.2,-1.785,-0.8625,-164.6,-1.035,-0.7115,-80.71,-2.509,-0.9965,-84.6,-1.907,-0.08172,-92.32,1.259,1.265,-92.32,0.9822,-0.3376,-91.83,-1.971,-0.02619,-83.56,3.302,-0.9393,-83.46,-0.7773,-2.034,-86.58,-1.275,0.4496,-56.14,-44.92,41.51,33.2,-67.38,71.77,29.29,-96.68,-19.05,69.34,34.67,-163.6,-64.46,34.67,61.03,-51.77,65.92,40.04,-42.49,-60.53,42,-64.45,-103,-129.4,-72.76,-166.5,-89.35,-47.36,-21,-118.2,-80.54,96.68,131.8,-16.04,-42.54,-11.68,-231,235.4,45.9,-160.2,-141.6,-67.37,12.21,-67.87,-21.47,0.5219,-0.04938,0.8397,0.1797,-0.6344,0.2945,0.6406,-0.4082,0.4011,0.3431,-0.5437,0.3061,-0.4637,-0.4975,-0.5231,-0.699,-0.2292,-0.5047,-0.494,-0.4671,-0.4967,0.7411,-0.1061,0.6598,0.5967,-0.03803,0.8003,0.4758,-0.604,0.4506,0.5451,-0.5552,0.4361,0.02332,-0.2544,0.08209,-0.5352,-0.5243,-0.4536,-0.5395,-0.538,-0.4819,-0.08808,-0.2328,-0.1796
0.27,0.6886,-0.8464,4.067,2.608,-1.069,6.295,0.2441,2.87,6.849,1.853,3.937,1.556,5.623,1.006,-48.16,-35.65,-0.0741,-0.5142,0.1655,1.679,51.51,35.44,3.038,5.066,1.492,0.9096,7.757,1.188,0.4428,3.985,-2.929,-0.405,-0.3071,2.377,-0.743,-3.061,-74.37,-5.014,-2.432,-26.19,-3.1,1.311,-26.19,-2.855,1.311,12.36,-2.976,-0.5872,-110.2,-4.811,-0.7692,-110.2,-1.941,-0.7669,-164.8,-1.235,-0.5418,-80.76,-2.541,-1.085,-84.83,-1.865,-0.1063,-92.6,1.349,1.214,-92.6,0.9079,-0.2638,-91.84,-2.019,0.01746,-83.65,3.222,-0.9495,-83.55,-0.7622,-1.974,-86.6,-1.269,0.4679,-71.79,-38.09,11.72,-36.63,-67.86,69.33,-91.79,-92.78,42.97,-34.67,54.69,-182.1,-134.8,25.88,62.01,-139.6,107.9,64.94,-133.8,-63.47,39.06,-145,-126.5,-66.4,-83.99,-121.6,-69.33,-57.63,-14.63,-1.968,-68.38,93.73,137.2,14.7,-66.41,-30.74,-150.9,218.3,88.87,-31.28,-111.8,-96.71,-31.32,-33.22,-4.921,0.5223,-0.04956,0.8394,0.1853,-0.6336,0.2959,0.6438,-0.4037,0.404,0.3458,-0.5405,0.3107,-0.4638,-0.4983,-0.5226,-0.698,-0.2298,-0.5055,-0.4917,-0.4683,-0.4974,0.7409,-0.1063,0.66,0.5971,-0.03699,0.8001,0.4769,-0.6033,0.4505,0.5459,-0.5539,0.4379,0.02295,-0.2548,0.08228,-0.5348,-0.5248,-0.4539,-0.5394,-0.5386,-0.4811,-0.0882,-0.2328,-0.1794
0.28,0.7828,-0.8426,4.222,2.475,-1.044,6.329,0.07161,2.787,6.674,1.681,4.009,1.407,5.353,0.9196,-47.66,-35.62,0.1619,-0.33,0.2079,1.701,51.69,35.27,3.075,4.889,1.522,0.8783,7.702,1.2,0.5989,3.802,-2.875,-0.4743,-0.2818,2.331,-0.905,-2.846,-74.4,-4.933,-2.434,-26.74,-2.783,1.268,-26.73,-2.711,1.268,11.63,-3.075,-0.479,-110.2,-4.817,-0.664,-110.2,-2.031,-0.662,-165,-1.383,-0.4246,-80.82,-2.597,-1.106,-85.05,-1.828,-0.1284,-92.76,1.422,1.214,-92.77,0.8223,-0.2028,-91.85,-2.048,0.04583,-83.86,3.081,-0.9424,-83.76,-0.7187,-1.938,-86.59,-1.287,0.4548,-79.11,-33.69,-4.875,-100.6,-54.68,78.61,-147,-61.52,102.5,-103.5,72.26,-184.1,-190.9,3.425,39.07,-180.7,117.2,80.08,-171.4,-34.66,20.5,-208,-152.8,-19.04,-78.12,-86.42,-53.72,-46.86,-19.06,83.99,-41,93.73,83.99,6.348,-20.96,-35.2,-46.85,164.1,74.23,19.56,27.84,-82.52,23.97,-13.7,-21.47,0.5229,-0.0495,0.8391,0.1904,-0.6329,0.2973,0.6474,-0.3993,0.4065,0.3491,-0.5373,0.3151,-0.464,-0.499,-0.5223,-0.6976,-0.2301,-0.5061,-0.4898,-0.4692,-0.4978,0.7406,-0.106,0.6604,0.5974,-0.03601,0.8,0.4779,-0.6024,0.4508,0.5462,-0.5532,0.4392,0.02271,-0.255,0.0824,-0.5345,-0.5254,-0.4545,-0.5387,-0.5395,-0.4799,-0.08808,-0.2329,-0.1795
0.29,0.7875,-0.7916,4.312,2.386,-1.051,6.381,0.05765,2.769,6.502,1.48,4.014,1.218,5.133,0.8412,-47.27,-35.53,0.3533,-0.1591,0.2171,1.735,51.98,35.12,3.11,4.694,1.609,0.8116,7.564,1.19,0.7493,3.586,-2.787,-0.523,-0.2598,2.27,-0.9626,-2.628,-74.46,-4.827,-2.437,-27.19,-2.536,1.219,-27.19,-2.478,1.219,10.87,-3.056,-0.35,-110.1,-4.84,-0.5619,-110.2,-2.071,-0.5605,-165.1,-1.491,-0.3633,-80.93,-2.58,-1.101,-85.25,-1.811,-0.1737,-92.82,1.476,1.252,-92.83,0.7271,-0.1619,-91.86,-2.059,0.06329,-84.07,2.903,-0.9253,-83.99,-0.6828,-1.908,-86.6,-1.291,0.4189,-75.67,-42,-28.32,-125.5,-28.31,81.54,-171.9,-32.72,142.6,-152.3,77.14,-164.6,-203.6,-15.62,31.74,-206.5,83.01,80.57,-197.7,-17.09,18.07,-184.1,-134.3,10.75,-92.29,-54.2,-32.71,-10.72,-21.97,154.8,-44.46,81.56,22.45,-8.686,18.06,-3.382,-6.339,71.3,44.44,-16.15,159.7,-37.07,-6.764,-24.43,-18.07,0.5237,-0.04932,0.8387,0.1945,-0.6324,0.2986,0.6512,-0.3955,0.4082,0.3532,-0.5344,0.3191,-0.4641,-0.4996,-0.5222,-0.6975,-0.2302,-0.5065,-0.4886,-0.4696,-0.498,0.7408,-0.1052,0.6604,0.5976,-0.03528,0.8,0.4789,-0.6014,0.4514,0.546,-0.5531,0.4401,0.02258,-0.2551,0.08252,-0.5341,-0.5262,-0.4551,-0.538,-0.5405,-0.4788,-0.08777,-0.2329,-0.1796
0.3,0.7444,-0.7285,4.352,2.303,-1.054,6.429,0.1545,2.805,6.322,1.268,3.965,0.9896,4.941,0.7937,-47.04,-35.39,0.4627,-0.05614,0.2362,1.795,52.36,35.02,3.153,4.512,1.709,0.7275,7.381,1.234,0.8799,3.347,-2.706,-0.5836,-0.2353,2.17,-0.9678,-2.473,-74.56,-4.693,-2.432,-27.52,-2.334,1.165,-27.52,-2.18,1.164,10.16,-2.9,-0.1736,-110.1,-4.886,-0.4782,-110.1,-2.08,-0.4765,-165.1,-1.528,-0.3651,-81.07,-2.53,-1.098,-85.43,-1.809,-0.2321,-92.83,1.523,1.292,-92.84,0.6434,-0.1157,-91.86,-2.059,0.08511,-84.22,2.724,-0.9011,-84.14,-0.6222,-1.872,-86.59,-1.287,0.3516,-56.65,-47.36,-43.46,-130.9,-3.425,94.73,-156.3,12.7,155.8,-173.8,102,-124.5,-196.8,-35.65,14.16,-204.6,39.56,62.5,-206,-3.407,19.04,-125.5,-87.9,28.32,-114.2,7.334,-2.922,41.99,-14.63,172.4,-40.08,15.62,8.769,8.686,13.16,-4.919,5.347,33.22,30.27,-40.49,209,30.3,-12.21,-30.25,-23.89,0.5247,-0.04895,0.8382,0.1976,-0.6321,0.2993,0.655,-0.3921,0.4091,0.358,-0.5318,0.3221,-0.4643,-0.5001,-0.5224,-0.6975,-0.2302,-0.5066,-0.4882,-0.4697,-0.498,0.7412,-0.1043,0.6601,0.5976,-0.03473,0.8001,0.4799,-0.6002,0.4522,0.5455,-0.5533,0.4408,0.0224,-0.2551,0.08259,-0.5335,-0.5273,-0.4555,-0.5376,-0.5411,-0.4778,-0.08722,-0.2328,-0.1798
0.31,0.6913,-0.6684,4.362,2.207,-1.036,6.471,0.349,2.895,6.145,1.08,3.878,0.7419,4.782,0.7856,-47.04,-35.23,0.4649,-0.01063,0.2536,1.848,52.84,35.01,3.199,4.36,1.825,0.6307,7.191,1.426,0.9792,3.115,-2.641,-0.6443,-0.2308,2.051,-0.949,-2.491,-74.68,-4.549,-2.423,-27.65,-2.186,1.106,-27.64,-1.838,1.105,9.538,-2.597,0.02454,-110,-4.959,-0.4178,-110.1,-2.064,-0.4165,-165.1,-1.514,-0.3953,-81.22,-2.484,-1.11,-85.6,-1.822,-0.3035,-92.8,1.557,1.337,-92.81,0.5786,-0.07591,-91.86,-2.061,0.12,-84.19,2.561,-0.8707,-84.12,-0.5523,-1.848,-86.59,-1.275,0.2562,-24.91,-42.97,-67.87,-110.4,11.72,89.84,-121.6,57.13,159.7,-153.8,119.6,-99.12,-157.7,-52.25,-3.421,-180.2,-13.18,39.55,-189.9,-9.281,27.35,-91.29,-53.72,17.08,-113.8,61.03,-10.75,54.19,1.459,147.9,12.69,-80.55,3.419,-12.7,6.886,-13.68,-11.74,24.44,20.02,-50.27,181.6,43.44,-5.441,10.21,0,0.5259,-0.04847,0.8377,0.1993,-0.6322,0.2992,0.6587,-0.3895,0.4092,0.3632,-0.53,0.3238,-0.4641,-0.5005,-0.5227,-0.6976,-0.2305,-0.5065,-0.4886,-0.4694,-0.498,0.7416,-0.1034,0.6599,0.5976,-0.03436,0.8002,0.4812,-0.5989,0.4531,0.545,-0.5535,0.4412,0.0221,-0.2551,0.08265,-0.5327,-0.5284,-0.4558,-0.5381,-0.5408,-0.4775,-0.08643,-0.2326,-0.1799
0.32,0.6669,-0.6277,4.35,2.081,-0.9928,6.514,0.6184,3.008,5.966,0.9676,3.763,0.4941,4.643,0.832,-47.24,-35.09,0.3908,-0.02127,0.2676,1.88,53.4,35.04,3.236,4.212,1.949,0.5402,7.05,1.741,1.067,2.879,-2.582,-0.7103,-0.2266,1.931,-0.9542,-2.647,-74.79,-4.405,-2.398,-27.57,-2.087,1.043,-27.56,-1.469,1.043,9.057,-2.192,0.2291,-110,-5.055,-0.3887,-110,-2.047,-0.3876,-165,-1.471,-0.4255,-81.38,-2.469,-1.128,-85.74,-1.835,-0.3624,-92.81,1.585,1.403,-92.83,0.5196,-0.04088,-91.87,-2.063,0.1506,-84.03,2.404,-0.83,-83.96,-0.4728,-1.82,-86.58,-1.265,0.1673,-7.316,-34.67,-71.29,-71.77,19.04,68.36,-87.41,95.7,133.8,-95.22,124,-78.61,-107.4,-47.85,-16.6,-142.1,-57.13,9.282,-147,0,20.02,-62.5,-3.412,30.28,-96.67,78.61,16.12,47.85,20.51,115.2,50.31,-125.5,18.09,1.336,3.979,6.763,-23.92,24.91,52.23,-25.93,93.31,82.52,1.47,42.92,15.66,0.527,-0.04785,0.8372,0.1996,-0.6327,0.2981,0.662,-0.3878,0.4085,0.3684,-0.5289,0.3242,-0.4638,-0.5008,-0.5233,-0.6977,-0.2311,-0.5062,-0.4892,-0.4691,-0.498,0.7419,-0.1025,0.6599,0.5975,-0.034,0.8003,0.4825,-0.5974,0.4544,0.5447,-0.5536,0.4417,0.02185,-0.2551,0.08277,-0.5319,-0.5296,-0.456,-0.5392,-0.5398,-0.4776,-0.0857,-0.2324,-0.1801
0.33,0.6853,-0.6063,4.296,1.948,-0.9412,6.555,0.9399,3.106,5.808,0.9603,3.639,0.2815,4.539,0.9182,-47.62,-34.96,0.2594,-0.08379,0.2786,1.87,53.96,35.1,3.223,4.062,2.033,0.4495,7.013,2.049,1.107,2.668,-2.547,-0.7645,-0.2257,1.816,-1.026,-2.837,-74.92,-4.274,-2.363,-27.31,-2.038,0.9888,-27.29,-1.098,0.9885,8.75,-1.729,0.4318,-110,-5.15,-0.3961,-110,-2.044,-0.3949,-164.9,-1.415,-0.4237,-81.54,-2.473,-1.143,-85.85,-1.823,-0.4009,-92.89,1.588,1.449,-92.9,0.4816,0,-91.88,-2.065,0.1888,-83.83,2.267,-0.7699,-83.77,-0.401,-1.776,-86.58,-1.253,0.09999,-6.361,-28.32,-64.93,-25.39,5.852,33.21,-49.82,122.6,114.3,-35.64,124,-53.22,-53.22,-45.89,-20.99,-94.72,-70.81,-20.51,-107.9,0,14.65,-30.74,35.65,42.48,-63.96,78.61,5.365,21.49,41.52,63.96,31.77,-161.6,84.99,13.7,-41.47,-11.68,12.68,43.96,54.21,21.5,-42.98,56.17,7.794,42.01,19.06,0.528,-0.04712,0.8367,0.1985,-0.6334,0.2962,0.6647,-0.3869,0.4071,0.3731,-0.5285,0.3233,-0.4633,-0.5009,-0.5239,-0.6976,-0.2319,-0.5059,-0.4898,-0.469,-0.4981,0.742,-0.1015,0.66,0.5976,-0.03369,0.8003,0.4843,-0.5956,0.456,0.5448,-0.5532,0.4423,0.02155,-0.2551,0.08289,-0.5315,-0.5307,-0.4561,-0.5406,-0.5388,-0.4778,-0.08515,-0.2322,-0.1802
0.34,0.715,-0.5996,4.212,1.831,-0.9049,6.593,1.291,3.158,5.694,1.024,3.517,0.1034,4.49,1.018,-48.16,-34.83,0.07542,-0.191,0.2705,1.841,54.46,35.16,3.163,3.912,2.042,0.4148,7.063,2.292,1.115,2.485,-2.492,-0.8186,-0.2236,1.727,-1.161,-2.991,-75.06,-4.152,-2.327,-26.91,-2.037,0.961,-26.89,-0.7463,0.9605,8.659,-1.241,0.6181,-110,-5.232,-0.4288,-110,-2.075,-0.4274,-164.9,-1.353,-0.3908,-81.71,-2.468,-1.143,-85.94,-1.788,-0.4126,-93.02,1.563,1.448,-93.04,0.4473,0.02283,-91.88,-2.044,0.2051,-83.67,2.154,-0.7418,-83.62,-0.3291,-1.734,-86.58,-1.236,0.05489,-3.404,-22.95,-62.51,2.454,-26.37,-7.809,-16.61,130.9,89.85,3.897,120.6,-5.373,-1.475,-25.39,-25.88,-51.28,-80.07,-44.92,-65.93,-8.782,3.423,-14.66,76.66,44.93,-33.7,83.01,-2.922,16.62,55.66,17.58,6.385,-147.9,120.1,-4.009,-78.65,-5.841,39.58,55.16,49.3,25.93,-148.9,48.35,-27.79,24.43,-8.321,0.529,-0.04633,0.8363,0.1963,-0.6343,0.2938,0.6667,-0.3871,0.4049,0.3769,-0.529,0.3211,-0.4628,-0.5009,-0.5245,-0.6973,-0.2329,-0.5057,-0.4903,-0.4691,-0.4981,0.7422,-0.1004,0.6601,0.5979,-0.03333,0.8002,0.4867,-0.5938,0.4579,0.5452,-0.5526,0.4431,0.02142,-0.2549,0.08295,-0.5311,-0.5313,-0.4565,-0.5417,-0.5379,-0.4778,-0.08478,-0.2321,-0.1803
0.35,0.7341,-0.593,4.131,1.764,-0.8861,6.615,1.653,3.141,5.626,1.101,3.427,-0.01005,4.472,1.1,-48.71,-34.73,-0.1209,-0.3028,0.248,1.772,54.77,35.2,3.057,3.768,2.068,0.4199,7.156,2.414,1.09,2.335,-2.46,-0.8673,-0.1988,1.624,-1.315,-3.046,-75.18,-4.055,-2.293,-26.48,-2.054,0.9579,-26.46,-0.4012,0.9574,8.778,-0.7594,0.799,-110,-5.273,-0.4678,-110,-2.131,-0.4659,-164.9,-1.306,-0.2985,-81.86,-2.438,-1.13,-86,-1.738,-0.4128,-93.18,1.515,1.478,-93.19,0.4245,0.03132,-91.88,-2.036,0.1833,-83.61,2.063,-0.7466,-83.56,-0.2723,-1.677,-86.58,-1.228,0.009149,8.302,-14.16,-48.33,31.26,-64.46,-39.55,20,112.3,54.2,34.17,102,26.85,26.85,-25.39,-20.02,-16.1,-71.78,-67.88,-27.84,-28.31,8.792,3.899,112.8,36.61,-12.21,84.47,-15.14,35.16,54.21,-19.04,-1.923,-61.98,60.06,15.7,-13.62,0,53.69,20.05,43.45,21.04,-158.2,20.47,-25.88,1.034,30.24,0.5298,-0.04559,0.836,0.1938,-0.6351,0.2913,0.6681,-0.3881,0.4019,0.3797,-0.5302,0.3177,-0.4625,-0.5007,-0.5249,-0.6968,-0.2339,-0.5057,-0.4903,-0.4697,-0.4982,0.7425,-0.09943,0.6599,0.5982,-0.03302,0.7999,0.4886,-0.5921,0.4598,0.5458,-0.5519,0.4439,0.02161,-0.2548,0.08289,-0.5306,-0.5318,-0.4568,-0.5425,-0.5376,-0.4775,-0.08441,-0.2319,-0.1804
0.36,0.7367,-0.5978,4.064,1.784,-0.8834,6.623,2.007,3.045,5.633,1.156,3.405,-0.02154,4.498,1.156,-49.21,-34.64,-0.3357,-0.4232,0.2325,1.686,54.85,35.17,2.927,3.628,2.117,0.4495,7.227,2.431,1.033,2.188,-2.439,-0.9518,-0.1717,1.527,-1.443,-3.013,-75.29,-4.02,-2.274,-26.09,-2.087,0.9785,-26.05,-0.08011,0.978,9.099,-0.2926,0.9863,-110,-5.273,-0.5199,-110.1,-2.228,-0.518,-164.9,-1.284,-0.1626,-81.97,-2.382,-1.121,-86.05,-1.679,-0.4044,-93.3,1.454,1.542,-93.31,0.4207,0.03928,-91.87,-2.019,0.1604,-83.64,1.983,-0.7706,-83.6,-0.2043,-1.614,-86.58,-1.239,-0.02483,24.43,-2.442,-10.74,42.96,-100.6,-51.75,64.46,80.56,8.794,69.84,74.22,37.11,51.75,-20.51,-16.11,-1.456,-68.35,-72.76,12.22,-41,-0.4864,15.63,118.2,-12.2,40.53,89.85,-28.33,0.9829,24.41,0,-30.31,26.85,41.53,6.013,7.804,9.223,42.99,-37.14,28.81,4.891,-87.87,22.97,7.352,-4.912,0.9842,0.5301,-0.04498,0.8359,0.1913,-0.6357,0.289,0.6689,-0.3899,0.3983,0.3814,-0.5319,0.3131,-0.4624,-0.5003,-0.5251,-0.6961,-0.235,-0.5059,-0.4898,-0.4707,-0.4983,0.7429,-0.09864,0.6596,0.5987,-0.03272,0.7996,0.4895,-0.5909,0.4614,0.5463,-0.5514,0.4444,0.02179,-0.2547,0.08277,-0.5301,-0.5323,-0.4571,-0.5428,-0.5377,-0.4768,-0.08411,-0.232,-0.1805
0.37,0.7494,-0.6047,3.963,1.853,-0.8683,6.656,2.343,2.864,5.656,1.192,3.417,0.03734,4.518,1.191,-49.59,-34.59,-0.5328,-0.5061,0.2278,1.614,54.67,35.09,2.75,3.448,2.183,0.4717,7.248,2.328,0.9423,2.044,-2.435,-1.006,-0.1572,1.419,-1.479,-2.896,-75.37,-4.018,-2.247,-25.79,-2.122,1.006,-25.74,0.2212,1.005,9.589,0.1319,1.175,-110.1,-5.228,-0.5656,-110.1,-2.364,-0.5638,-165,-1.314,-0.002665,-82.09,-2.311,-1.115,-86.06,-1.594,-0.4011,-93.33,1.372,1.622,-93.34,0.4302,0.02495,-91.86,-2.004,0.1299,-83.75,1.888,-0.7967,-83.71,-0.1551,-1.541,-86.58,-1.238,-0.06143,28.31,-0.4918,15.63,59.56,-109.9,-53.72,88.39,28.82,-8.299,102,25.87,44.43,51.75,-43.94,-22.94,17.09,-41.99,-85.93,34.2,-33.69,-3.909,44.92,117.2,-31.73,93.75,92.78,-25.39,6.835,13.66,16.12,0,74.22,16.6,-8.686,10.25,8.3,23.92,-51.79,-0.9917,0,-5.894,0,-1.47,39.04,10.74,0.5302,-0.04443,0.836,0.1893,-0.636,0.2873,0.6692,-0.3921,0.3944,0.3822,-0.5341,0.3077,-0.4627,-0.4998,-0.5251,-0.6953,-0.236,-0.5064,-0.4887,-0.472,-0.4984,0.7434,-0.09791,0.6592,0.5993,-0.03266,0.7992,0.4895,-0.5905,0.4626,0.5466,-0.5512,0.4444,0.02204,-0.2546,0.08265,-0.5297,-0.5326,-0.4576,-0.5428,-0.5384,-0.4757,-0.08381,-0.2319,-0.1806
0.38,0.7264,-0.6197,3.868,1.966,-0.846,6.687,2.642,2.639,5.687,1.216,3.446,0.1479,4.535,1.207,-49.81,-34.57,-0.7,-0.5584,0.265,1.524,54.24,34.99,2.581,3.284,2.244,0.4843,7.211,2.21,0.8203,1.905,-2.455,-1.048,-0.1343,1.362,-1.424,-2.785,-75.42,-4.039,-2.223,-25.61,-2.151,1.031,-25.57,0.4903,1.03,10.21,0.4956,1.388,-110.1,-5.149,-0.612,-110.1,-2.51,-0.6099,-165.2,-1.38,0.1839,-82.17,-2.219,-1.123,-86.05,-1.524,-0.4009,-93.28,1.28,1.696,-93.29,0.4606,0.01911,-91.87,-1.994,0.1037,-83.86,1.794,-0.8168,-83.82,-0.1116,-1.482,-86.58,-1.23,-0.06208,33.69,-1.951,26.86,56.65,-101.6,-61.52,106.4,-11.23,-22.94,113.8,-20.51,34.18,57.12,-47.36,-13.68,22.94,-25.88,-98.14,40.03,-23.94,-8.792,65.91,100.1,-15.14,93.75,67.39,-9.269,10.72,0.9727,0,17.08,37.58,-4.412,-10.69,20.96,0.4611,-14.66,-51.79,-33.67,8.758,58.12,-20.47,10.73,23.92,23.44,0.5301,-0.04401,0.8361,0.188,-0.6362,0.2863,0.6691,-0.3945,0.3903,0.3821,-0.5363,0.3017,-0.4631,-0.4992,-0.5249,-0.6945,-0.2368,-0.5072,-0.4873,-0.4734,-0.4987,0.744,-0.09742,0.6587,0.5998,-0.03272,0.7988,0.4886,-0.5907,0.4632,0.5465,-0.5514,0.4441,0.02228,-0.2545,0.08264,-0.5297,-0.5326,-0.4584,-0.5426,-0.5389,-0.4748,-0.08381,-0.2319,-0.1806
0.39,0.6783,-0.6257,3.796,2.126,-0.8184,6.651,2.879,2.37,5.699,1.218,3.494,0.2772,4.513,1.186,-49.88,-34.53,-0.8266,-0.5631,0.3542,1.457,53.58,34.88,2.401,3.123,2.314,0.4761,7.156,2.1,0.6755,1.792,-2.506,-1.078,-0.1237,1.314,-1.331,-2.714,-75.48,-4.075,-2.198,-25.61,-2.146,1.039,-25.56,0.7327,1.038,10.88,0.7995,1.624,-110.1,-5.045,-0.63,-110.1,-2.675,-0.6282,-165.3,-1.481,0.3784,-82.2,-2.096,-1.141,-86.01,-1.449,-0.4203,-93.18,1.181,1.76,-93.19,0.5044,0.002123,-91.86,-2,0.07966,-83.93,1.705,-0.8345,-83.9,-0.08511,-1.433,-86.58,-1.23,-0.06208,27.83,-7.327,49.8,46.87,-82.51,-50.79,96.2,-59.58,-45.9,91.32,-61.04,38.57,50.77,-65.92,-13.18,35.64,-3.415,-74.7,52.73,-14.16,-6.342,82.52,63.48,-31.73,102.5,22.96,-6.826,16.13,13.66,-24.41,30.77,-22.46,-26.86,-4.009,16.53,23.98,-26.84,-36.6,-43.45,1.479,64.92,-26.84,-3.97,-20.94,-13.69,0.5298,-0.04352,0.8363,0.1878,-0.6362,0.2861,0.6689,-0.3968,0.3865,0.3814,-0.5384,0.2954,-0.4637,-0.4987,-0.5245,-0.6937,-0.2373,-0.5083,-0.4856,-0.4748,-0.4992,0.7447,-0.09736,0.6579,0.6003,-0.03308,0.7984,0.4872,-0.5915,0.4634,0.5462,-0.5517,0.4434,0.02246,-0.2546,0.08252,-0.5297,-0.5325,-0.4592,-0.5426,-0.5393,-0.4742,-0.08381,-0.2319,-0.1806
0.4,0.6035,-0.6538,3.765,2.29,-0.7864,6.561,3.096,2.08,5.701,1.218,3.54,0.4187,4.479,1.144,-49.8,-34.56,-0.906,-0.5555,0.4614,1.402,52.78,34.9,2.241,2.995,2.378,0.453,7.112,2.049,0.5251,1.697,-2.572,-1.101,-0.1092,1.28,-1.23,-2.714,-75.55,-4.108,-2.183,-25.75,-2.122,1.04,-25.69,0.9737,1.039,11.55,1.052,1.878,-110.2,-4.923,-0.6424,-110.2,-2.844,-0.6408,-165.4,-1.596,0.564,-82.18,-1.966,-1.176,-85.95,-1.394,-0.4315,-93.08,1.081,1.827,-93.09,0.5577,0.00637,-91.86,-2.015,0.07202,-83.93,1.632,-0.8267,-83.9,-0.0643,-1.399,-86.58,-1.23,-0.06208,14.66,-7.811,63.97,29.3,-53.22,-52.74,70.31,-99.13,-50.79,78.13,-100.6,32.71,45.91,-58.11,-5.857,26.85,-10.74,-62.5,60.54,-12.22,-18.56,94.74,21,-41.99,104.5,-11.72,-2.922,10.28,28.83,-28.31,21.46,-51.26,-36.62,6.682,0,2.459,-36.16,-26.87,-47.36,3.867,10.7,-68.34,-17.06,-41.5,3.4,0.5296,-0.04309,0.8365,0.1886,-0.636,0.2866,0.6688,-0.3988,0.3829,0.3806,-0.5401,0.2893,-0.4642,-0.4985,-0.5237,-0.693,-0.2376,-0.5096,-0.4841,-0.4757,-0.5001,0.7454,-0.09772,0.657,0.6006,-0.03345,0.7981,0.4853,-0.5927,0.4632,0.5459,-0.552,0.4428,0.02252,-0.2547,0.08252,-0.5299,-0.5325,-0.4597,-0.5428,-0.5394,-0.4739,-0.08381,-0.2319,-0.1806
0.41,0.5277,-0.6632,3.793,2.413,-0.7765,6.402,3.306,1.785,5.673,1.186,3.549,0.5329,4.437,1.059,-49.62,-34.62,-0.9351,-0.5125,0.5749,1.348,51.93,35.02,2.098,2.881,2.444,0.401,7.122,2.054,0.3747,1.597,-2.646,-1.137,-0.09865,1.23,-1.173,-2.776,-75.61,-4.109,-2.18,-25.99,-2.084,1.027,-25.93,1.221,1.027,12.17,1.262,2.136,-110.3,-4.782,-0.6283,-110.3,-2.997,-0.6269,-165.4,-1.72,0.7479,-82.09,-1.843,-1.201,-85.89,-1.348,-0.4499,-93.02,0.9912,1.886,-93.03,0.6167,-0.001062,-91.85,-2.03,0.05565,-83.86,1.563,-0.7955,-83.83,-0.03215,-1.38,-86.58,-1.234,-0.09214,2.449,-6.344,64.93,22.45,-13.18,-41.51,52.73,-122.1,-61.52,66.41,-146.5,29.79,41.51,-24.91,-3.421,14.15,-18.07,-59.08,51.28,-30.75,-34.18,100.1,-17.08,-47.36,82.51,-28.31,21.96,12.2,48.81,-29.77,17.08,-39.08,-42.96,-6.013,-6.886,14.14,-17.09,2.431,-45.9,-10.24,-18.59,-31.75,10.73,-35.16,-11.27,0.5296,-0.04279,0.8366,0.19,-0.6358,0.2876,0.669,-0.4004,0.3797,0.3798,-0.5415,0.2837,-0.4647,-0.4985,-0.5225,-0.6926,-0.2375,-0.511,-0.4828,-0.4764,-0.5013,0.7461,-0.09852,0.6562,0.6009,-0.03394,0.7978,0.4832,-0.594,0.4629,0.5459,-0.552,0.4422,0.02265,-0.2548,0.08246,-0.5301,-0.5326,-0.4602,-0.5434,-0.539,-0.474,-0.08356,-0.2319,-0.1807
0.42,0.4849,-0.6802,3.85,2.481,-0.7679,6.219,3.531,1.505,5.634,1.153,3.527,0.6298,4.405,0.9658,-49.38,-34.73,-0.9342,-0.4547,0.6825,1.295,51.13,35.25,1.965,2.779,2.469,0.3278,7.177,2.087,0.2441,1.514,-2.718,-1.158,-0.07754,1.172,-1.16,-2.88,-75.66,-4.095,-2.181,-26.29,-2.061,1.009,-26.23,1.47,1.008,12.67,1.445,2.391,-110.5,-4.639,-0.607,-110.5,-3.135,-0.606,-165.3,-1.848,0.9158,-81.96,-1.759,-1.226,-85.82,-1.308,-0.4586,-93.01,0.9034,1.913,-93.01,0.6605,0.003185,-91.85,-2.057,0.03928,-83.75,1.499,-0.7323,-83.72,-0.01513,-1.367,-86.58,-1.239,-0.1346,-0.4778,0.4918,49.8,12.69,31.74,-29.3,35.63,-124,-64.94,55.65,-179.7,15.62,23.43,7.812,7.809,10.25,-8.306,-38.58,23.92,-47.38,-33.69,76.18,-47.85,-38.58,54.69,-20.5,11.23,5.852,60.53,-50.78,13.15,23.9,-25.37,10.36,15.15,6.763,0.9922,21.94,-34.66,13.19,-12.24,11.69,7.794,29.34,3.4,0.5298,-0.04254,0.8366,0.1915,-0.6355,0.289,0.6696,-0.4013,0.3772,0.3793,-0.5425,0.2789,-0.465,-0.4988,-0.5211,-0.6922,-0.2373,-0.5123,-0.4819,-0.4766,-0.5028,0.7464,-0.09949,0.6555,0.6012,-0.03437,0.7976,0.4811,-0.5956,0.4622,0.5459,-0.5519,0.442,0.02277,-0.2551,0.0824,-0.5307,-0.5326,-0.4606,-0.544,-0.5385,-0.4742,-0.08319,-0.2319,-0.1807
0.43,0.4605,-0.687,3.933,2.505,-0.783,6.034,3.756,1.229,5.576,1.12,3.495,0.7196,4.356,0.8586,-49.12,-34.88,-0.8645,-0.4117,0.778,1.26,50.47,35.6,1.855,2.667,2.445,0.2812,7.272,2.092,0.1362,1.42,-2.778,-1.168,-0.06577,1.112,-1.19,-2.945,-75.7,-4.067,-2.178,-26.6,-2.022,0.9847,-26.53,1.733,0.9846,13.04,1.574,2.641,-110.7,-4.482,-0.5723,-110.7,-3.253,-0.5714,-165.2,-1.945,1.053,-81.82,-1.7,-1.22,-85.76,-1.273,-0.4463,-93.04,0.8306,1.909,-93.04,0.6928,0.007963,-91.85,-2.086,0.03055,-83.69,1.419,-0.6764,-83.66,0,-1.345,-86.58,-1.238,-0.1712,-8.302,3.418,27.83,-0.4847,64.94,-9.279,19.06,-105,-59.57,24.41,-202.1,-1.467,7.818,41.99,12.7,-5.853,-7.328,-25.39,9.754,-73.72,-29.78,26.84,-52.24,-29.3,16.59,-30.27,26.37,-4.378,71.76,-57.13,1.923,81.56,-18.53,1.002,-0.9181,0,15.6,26.4,-56.15,18.09,-22.49,7.334,25.88,42.92,7.336,0.53,-0.04236,0.8365,0.1933,-0.6352,0.2904,0.6708,-0.4016,0.3751,0.3793,-0.5428,0.2752,-0.4653,-0.4992,-0.5195,-0.6921,-0.2369,-0.5136,-0.4816,-0.4765,-0.5044,0.7466,-0.1004,0.6551,0.6014,-0.03461,0.7974,0.4791,-0.5973,0.4613,0.5462,-0.5516,0.442,0.02283,-0.2553,0.0824,-0.5315,-0.5323,-0.4613,-0.5444,-0.5382,-0.4743,-0.08289,-0.2318,-0.1808
0.44,0.4218,-0.6844,4.033,2.488,-0.8131,5.863,3.978,0.982,5.493,1.085,3.429,0.7914,4.302,0.7434,-48.88,-35.02,-0.7683,-0.3926,0.8591,1.216,50.01,35.96,1.802,2.595,2.392,0.2779,7.341,2.091,0.07096,1.351,-2.803,-1.145,-0.04495,1.089,-1.225,-2.975,-75.74,-4.018,-2.18,-26.87,-1.987,0.9442,-26.81,1.99,0.9441,13.23,1.686,2.862,-110.9,-4.319,-0.5372,-110.9,-3.337,-0.5366,-165,-2,1.172,-81.68,-1.662,-1.2,-85.72,-1.273,-0.4267,-93.07,0.7752,1.881,-93.07,0.7043,0.02123,-91.85,-2.098,0.02182,-83.65,1.346,-0.6559,-83.63,-0.003783,-1.339,-86.57,-1.218,-0.1889,-7.316,-4.393,1.461,0.4847,106.9,-3.42,-0.9809,-66.89,-26.37,-15.12,-219.2,-3.42,-0.9737,63.96,16.11,-14.65,5.852,-7.324,1.943,-105,-42,-16.12,-47.85,-6.355,-32.72,-21.98,11.71,-20.01,61.01,-59.07,-2.923,136.2,-6.342,-3.341,7.345,-9.837,-8.323,12.22,-70.32,1.024,-16.14,13.22,5.882,20.04,0.4473,0.5304,-0.04224,0.8363,0.1949,-0.635,0.2916,0.6722,-0.4016,0.3737,0.3798,-0.5426,0.2727,-0.4657,-0.4996,-0.5179,-0.6921,-0.2365,-0.5146,-0.4817,-0.4762,-0.5059,0.7468,-0.1012,0.6548,0.6014,-0.03467,0.7974,0.4774,-0.5989,0.4602,0.5463,-0.5514,0.4421,0.02289,-0.2554,0.08234,-0.5324,-0.5317,-0.4624,-0.5446,-0.5381,-0.4744,-0.08277,-0.2316,-0.1809
0.45,0.3831,-0.6639,4.13,2.454,-0.8642,5.71,4.176,0.7631,5.407,1.088,3.364,0.8726,4.243,0.6497,-48.7,-35.14,-0.6691,-0.4155,0.9287,1.168,49.76,36.33,1.772,2.546,2.321,0.3369,7.36,2.075,0.0369,1.306,-2.795,-1.091,-0.03258,1.07,-1.22,-2.982,-75.78,-3.97,-2.181,-27.08,-1.951,0.8981,-27.01,2.225,0.8982,13.26,1.787,3.052,-111,-4.16,-0.5276,-111,-3.398,-0.5273,-164.7,-2.021,1.258,-81.56,-1.64,-1.156,-85.7,-1.289,-0.4004,-93.07,0.7255,1.843,-93.07,0.689,0.03291,-91.85,-2.107,0.02073,-83.64,1.282,-0.6915,-83.62,-0.0227,-1.33,-86.57,-1.182,-0.2006,-2.449,-11.23,-20.01,-14.66,122.1,10.25,-21.48,-26.85,-17.58,-35.64,-209.5,-8.297,-18.56,68.85,4.881,-26.38,2.437,4.883,9.754,-123,-49.31,-49.79,-38.09,22.94,-65.43,-22.46,32.71,-13.67,47.84,-54.69,-18.08,161.6,13.68,-15.7,10.25,-3.843,-28.33,-14.65,-49.3,-26.84,-62.02,33.2,-53.67,-33.22,18.52,0.5307,-0.04212,0.8362,0.1962,-0.635,0.2925,0.6738,-0.4012,0.3728,0.3809,-0.5421,0.2713,-0.466,-0.4998,-0.5164,-0.6923,-0.236,-0.5155,-0.4823,-0.4756,-0.5074,0.7468,-0.1017,0.6546,0.6013,-0.03461,0.7975,0.476,-0.6003,0.4593,0.5462,-0.5514,0.4422,0.02289,-0.2555,0.08234,-0.5329,-0.531,-0.4636,-0.5446,-0.5381,-0.4745,-0.08271,-0.2313,-0.1809
0.46,0.3543,-0.6411,4.191,2.404,-0.9246,5.593,4.352,0.6082,5.316,1.117,3.304,0.958,4.174,0.5747,-48.6,-35.2,-0.5919,-0.4551,0.9707,1.1,49.73,36.64,1.771,2.52,2.257,0.3924,7.343,2.049,0.03974,1.27,-2.776,-1.076,-0.01237,1.036,-1.174,-2.983,-75.81,-3.927,-2.183,-27.22,-1.908,0.8424,-27.16,2.444,0.8425,13.15,1.912,3.194,-111.1,-4.015,-0.5372,-111.1,-3.407,-0.5369,-164.5,-2.008,1.315,-81.48,-1.639,-1.101,-85.67,-1.315,-0.3646,-93.02,0.6943,1.819,-93.02,0.6548,0.05999,-91.85,-2.121,0.02837,-83.64,1.232,-0.7134,-83.62,-0.03972,-1.303,-86.58,-1.182,-0.2078,3.912,-21.97,-33.69,-30.75,124.5,13.18,-28.8,5.867,-8.794,-69.34,-193.4,4.887,-22.45,78.61,11.23,-37.1,8.787,7.808,6.839,-140.1,-46.88,-68.84,-30.77,53.23,-85.44,-7.811,20.5,-10.72,16.09,-19.52,-45.38,108.4,0.4964,-16.04,-10.71,0.9223,-28.33,-31.73,-18.09,1.024,-67.37,-39.57,-46.91,-39.56,14.67,0.531,-0.042,0.836,0.1972,-0.6351,0.2929,0.6754,-0.4007,0.3722,0.3827,-0.5414,0.2709,-0.4665,-0.4997,-0.5153,-0.6926,-0.2354,-0.5161,-0.4831,-0.4751,-0.5085,0.7467,-0.102,0.6545,0.6011,-0.03449,0.7976,0.475,-0.6013,0.4586,0.5457,-0.5517,0.4423,0.02283,-0.2556,0.0824,-0.5333,-0.5305,-0.4645,-0.5446,-0.5383,-0.4744,-0.08264,-0.2313,-0.1808
0.47,0.3323,-0.6133,4.223,2.355,-0.9657,5.512,4.478,0.5166,5.223,1.165,3.257,1.036,4.092,0.5336,-48.57,-35.21,-0.5641,-0.5078,0.9906,1.035,49.89,36.87,1.782,2.511,2.22,0.4313,7.307,2.055,0.0596,1.248,-2.751,-1.083,0.001207,1.016,-1.119,-2.998,-75.85,-3.89,-2.17,-27.29,-1.862,0.7905,-27.22,2.616,0.7911,12.93,2.054,3.282,-111.1,-3.89,-0.5593,-111.2,-3.373,-0.5588,-164.3,-1.962,1.331,-81.43,-1.645,-1.048,-85.66,-1.341,-0.3373,-92.97,0.677,1.812,-92.98,0.6167,0.07963,-91.86,-2.136,0.03601,-83.62,1.197,-0.726,-83.6,-0.04917,-1.291,-86.57,-1.198,-0.2137,10.24,-25.88,-18.06,-22.96,126.5,15.63,-33.21,28.32,1.954,-73.24,-153.3,16.12,-31.24,65.92,15.63,-26.38,8.306,-3.42,0,-160.2,-35.15,-71.27,-19.04,55.66,-84.48,5.858,23.93,-0.9829,1.945,13.68,-11.23,22.46,-3.419,14.03,-8.263,-7.378,8.764,-21,-11.71,1.024,-3.446,-39.09,1.912,-17.58,8.321,0.5313,-0.04175,0.8359,0.1978,-0.6353,0.2929,0.6768,-0.4002,0.372,0.3849,-0.5407,0.2713,-0.4671,-0.4993,-0.5146,-0.6931,-0.2348,-0.5163,-0.484,-0.4745,-0.5091,0.7467,-0.102,0.6545,0.6009,-0.03436,0.7977,0.4743,-0.6019,0.4582,0.5453,-0.552,0.4424,0.02277,-0.2558,0.08246,-0.5336,-0.5302,-0.465,-0.5448,-0.5383,-0.4744,-0.08258,-0.2315,-0.1809
0.48,0.3009,-0.5925,4.219,2.294,-1.005,5.447,4.569,0.4674,5.11,1.2,3.189,1.087,4.002,0.5084,-48.62,-35.14,-0.5672,-0.5818,0.9836,0.9639,50.15,36.99,1.803,2.517,2.182,0.4892,7.267,2.029,0.1107,1.234,-2.699,-1.096,0.02414,0.972,-1.062,-2.984,-75.9,-3.827,-2.156,-27.29,-1.809,0.7348,-27.24,2.76,0.7354,12.66,2.214,3.318,-111.1,-3.773,-0.598,-111.1,-3.305,-0.5977,-164.2,-1.883,1.318,-81.42,-1.636,-0.9975,-85.64,-1.361,-0.3056,-92.92,0.6747,1.806,-92.92,0.5634,0.1003,-91.86,-2.136,0.03601,-83.62,1.183,-0.7534,-83.6,-0.05107,-1.276,-86.56,-1.212,-0.2431,6.839,-29.3,-8.309,-10.24,96.68,0,-25.4,43.94,5.368,-64.45,-126,27.34,-22.95,55.18,13.18,-25.89,-3.912,10.25,17.57,-149.9,-30.75,-56.65,1.471,53.72,-62.51,-5.858,16.6,-22.96,-17.6,37.1,1.462,-32.69,-19.52,0,-2.448,-16.6,17.09,-4.861,11.24,9.782,25.84,8.301,-12.65,11.76,8.321,0.5318,-0.04145,0.8356,0.1981,-0.6357,0.2926,0.678,-0.3999,0.3719,0.3871,-0.5402,0.2722,-0.4678,-0.4986,-0.5142,-0.6938,-0.2341,-0.5163,-0.4851,-0.4741,-0.5094,0.7467,-0.1018,0.6544,0.6008,-0.03424,0.7978,0.4742,-0.6021,0.458,0.5447,-0.5524,0.4425,0.02277,-0.2558,0.08246,-0.5338,-0.5298,-0.4655,-0.5448,-0.5384,-0.4743,-0.08234,-0.2315,-0.181
0.49,0.2615,-0.5539,4.19,2.235,-1.026,5.398,4.597,0.4647,4.972,1.221,3.112,1.112,3.885,0.5056,-48.7,-35.02,-0.5946,-0.6431,0.953,0.9025,50.43,37.02,1.819,2.509,2.18,0.5262,7.24,2.014,0.1618,1.218,-2.641,-1.106,0.04194,0.95,-1.011,-2.983,-75.96,-3.75,-2.128,-27.27,-1.742,0.6749,-27.22,2.855,0.6755,12.4,2.365,3.294,-111.1,-3.671,-0.639,-111.1,-3.206,-0.6388,-164.1,-1.796,1.274,-81.43,-1.613,-0.9527,-85.62,-1.377,-0.2989,-92.87,0.677,1.811,-92.87,0.5139,0.1248,-91.86,-2.13,0.04583,-83.62,1.16,-0.7848,-83.6,-0.05863,-1.277,-86.55,-1.228,-0.2647,-2.449,-25.39,-8.309,-5.362,62.01,-2.44,-15.13,48.82,10.74,-53.22,-107.4,40.04,-26.37,36.62,0.9762,-27.84,-19.05,18.55,26.39,-145.5,-29.29,-42.48,2.431,41.5,-23.92,-5.858,-5.867,-6.344,-30.29,49.8,-13.69,-41.03,-15.61,-6.013,10.25,-7.378,10.75,-6.819,44.91,8.303,40.99,5.399,6.323,10.73,11.27,0.5324,-0.04102,0.8353,0.1984,-0.6361,0.2919,0.6789,-0.3996,0.3719,0.389,-0.54,0.2733,-0.4686,-0.4978,-0.5141,-0.6947,-0.2333,-0.5161,-0.4861,-0.4737,-0.5092,0.7469,-0.1015,0.6543,0.6007,-0.0343,0.7979,0.4742,-0.602,0.458,0.5442,-0.5528,0.4427,0.02271,-0.2557,0.08252,-0.5339,-0.5295,-0.466,-0.5448,-0.5384,-0.4744,-0.08216,-0.2316,-0.1812
0.5,0.1874,-0.5314,4.155,2.205,-1.042,5.376,4.561,0.5112,4.859,1.218,3.062,1.115,3.78,0.4912,-48.8,-34.88,-0.6638,-0.6899,0.8937,0.8475,50.7,36.94,1.844,2.499,2.183,0.551,7.279,2.044,0.2327,1.198,-2.59,-1.109,0.05702,0.9426,-1.035,-3.02,-76.01,-3.666,-2.108,-27.22,-1.657,0.6417,-27.17,2.904,0.6424,12.18,2.503,3.232,-111,-3.578,-0.67,-111,-3.067,-0.67,-164.1,-1.688,1.203,-81.45,-1.555,-0.9224,-85.61,-1.392,-0.2909,-92.89,0.6874,1.82,-92.9,0.4549,0.1492,-91.87,-2.138,0.05347,-83.58,1.136,-0.8017,-83.56,-0.06241,-1.278,-86.55,-1.236,-0.2719,-20.01,-17.09,9.276,-0.9694,51.75,2.93,0.4905,48.34,9.771,-29.31,-66.9,50.3,-16.61,25.39,0.9762,-18.55,-26.86,-0.4838,31.73,-121.6,-21.98,-4.387,10.75,24.42,-9.268,-3.905,0.4794,5.361,-35.15,39.07,-15.15,-39.08,-39.54,-13.03,18.06,10.76,4.906,-10.26,53.69,3.412,38.54,5.399,1.47,3.361,0.4473,0.5331,-0.04071,0.835,0.1988,-0.6363,0.2912,0.6794,-0.3995,0.3722,0.3906,-0.5401,0.2743,-0.4695,-0.497,-0.5141,-0.6957,-0.2326,-0.5156,-0.487,-0.4736,-0.5085,0.7472,-0.1012,0.6539,0.6006,-0.0343,0.798,0.4744,-0.6018,0.4582,0.544,-0.5528,0.4432,0.02265,-0.2558,0.08259,-0.534,-0.5292,-0.4665,-0.545,-0.5382,-0.4746,-0.08209,-0.2317,-0.1812
0.51,0.1045,-0.5196,4.103,2.177,-1.036,5.392,4.467,0.5725,4.729,1.197,3.002,1.096,3.66,0.4813,-48.86,-34.77,-0.7291,-0.7115,0.8303,0.8287,50.89,36.85,1.856,2.476,2.182,0.561,7.348,2.069,0.281,1.184,-2.554,-1.101,0.05491,0.93,-1.093,-3.056,-76.04,-3.567,-2.081,-27.19,-1.562,0.6089,-27.14,2.905,0.6097,12.03,2.598,3.137,-110.9,-3.49,-0.6921,-110.9,-2.917,-0.6916,-164.1,-1.591,1.093,-81.49,-1.482,-0.9075,-85.59,-1.402,-0.2883,-92.95,0.692,1.82,-92.95,0.4111,0.1624,-91.86,-2.144,0.06656,-83.54,1.105,-0.8099,-83.51,-0.07944,-1.28,-86.54,-1.247,-0.2862,-18.54,-1.467,1.954,0.9694,32.22,5.369,10.26,48.82,6.84,-16.12,-53.71,62.99,-15.13,9.283,-1.469,-6.843,-38.08,-17.57,27.36,-101.1,-20.5,11.74,19.04,19.53,3.417,12.22,10.75,28.82,-30.29,48.82,21,-7.842,17.1,-28.4,11.78,25.82,13.17,0.9453,21.96,-5.346,25.39,28.77,-22.94,2.973,-11.27,0.5338,-0.04047,0.8345,0.1994,-0.6365,0.2905,0.6795,-0.3996,0.3726,0.3915,-0.5404,0.2753,-0.4704,-0.4962,-0.5141,-0.6966,-0.2321,-0.5148,-0.4879,-0.4732,-0.5077,0.7477,-0.1009,0.6535,0.6005,-0.03436,0.798,0.4748,-0.6015,0.4585,0.5441,-0.5526,0.4437,0.02252,-0.2558,0.08258,-0.5343,-0.5288,-0.4671,-0.5451,-0.5381,-0.4748,-0.08198,-0.2318,-0.1813
0.52,0.05143,-0.5102,4.044,2.161,-1.019,5.428,4.333,0.6547,4.62,1.187,2.978,1.093,3.539,0.4638,-48.91,-34.69,-0.7661,-0.7184,0.7562,0.8265,51,36.72,1.834,2.452,2.215,0.5796,7.449,2.107,0.3151,1.176,-2.544,-1.102,0.04314,0.9153,-1.175,-3.106,-76.04,-3.487,-2.06,-27.15,-1.451,0.5841,-27.11,2.882,0.5848,11.95,2.637,3.026,-110.8,-3.404,-0.7094,-110.8,-2.75,-0.7092,-164.1,-1.493,0.954,-81.53,-1.419,-0.9083,-85.58,-1.392,-0.3006,-93.03,0.6862,1.841,-93.04,0.3731,0.1752,-91.87,-2.175,0.08729,-83.48,1.091,-0.8406,-83.46,-0.08511,-1.268,-86.54,-1.253,-0.2869,5.853,5.368,-22.95,8.786,21.98,9.77,5.36,38.57,13.18,-10.26,-42.97,48.34,-1.947,3.906,-4.398,-10.74,-41.02,-10.74,11.74,-92.28,-2.937,22.46,15.63,18.06,11.72,3.428,6.347,41.99,-30.29,38.09,39.08,-15.62,2.923,0,-14.69,-0.9223,18.58,10.74,-36.13,-5.915,-12.24,5.399,-27.35,-17.06,22.99,0.5344,-0.04035,0.8341,0.2,-0.6366,0.2898,0.6794,-0.3999,0.3731,0.3916,-0.5409,0.276,-0.4712,-0.4956,-0.5141,-0.6975,-0.2316,-0.5138,-0.4887,-0.4729,-0.5066,0.7481,-0.1007,0.6531,0.6006,-0.03455,0.7979,0.4752,-0.601,0.4589,0.5443,-0.5524,0.4443,0.02234,-0.2561,0.08264,-0.5348,-0.5282,-0.4678,-0.5454,-0.5379,-0.475,-0.08197,-0.2318,-0.1813
0.53,0.008015,-0.5109,3.994,2.166,-0.9949,5.445,4.164,0.7571,4.526,1.181,2.978,1.091,3.414,0.4537,-48.97,-34.62,-0.793,-0.7192,0.6693,0.8386,51.03,36.62,1.783,2.423,2.238,0.6496,7.545,2.146,0.3151,1.184,-2.545,-1.114,0.03439,0.9074,-1.247,-3.167,-76.06,-3.423,-2.029,-27.11,-1.338,0.5692,-27.07,2.825,0.5696,11.97,2.63,2.892,-110.7,-3.33,-0.7148,-110.8,-2.572,-0.7145,-164.2,-1.388,0.8003,-81.56,-1.35,-0.9081,-85.56,-1.367,-0.3027,-93.1,0.6677,1.864,-93.11,0.3502,0.1831,-91.87,-2.198,0.1015,-83.42,1.091,-0.9119,-83.4,-0.09457,-1.266,-86.54,-1.277,-0.2902,38.08,7.811,-31.74,8.301,17.09,15.14,11.25,34.67,19.05,1.465,-34.17,64.94,5.87,-9.764,-11.71,-16.1,-40.53,-4.399,23.92,-70.31,3.909,22.95,5.864,16.12,31.24,17.1,-6.826,42.98,-17.11,36.63,56.15,-34.19,48.37,8.352,-28.77,5.38,-11.24,13.64,-50.76,-12.74,-13.15,-13.7,8.823,1.939,-5.816,0.5349,-0.0401,0.8338,0.2007,-0.6367,0.2891,0.679,-0.4002,0.3737,0.391,-0.5417,0.2765,-0.4718,-0.4951,-0.5139,-0.6984,-0.2315,-0.5125,-0.4895,-0.4726,-0.5054,0.7485,-0.1005,0.6526,0.6007,-0.03467,0.7978,0.4755,-0.6007,0.4595,0.5445,-0.5521,0.4447,0.02222,-0.2562,0.08271,-0.5349,-0.5274,-0.4686,-0.5456,-0.5376,-0.4752,-0.08191,-0.232,-0.1813
0.54,-0.04275,-0.5276,3.946,2.226,-0.9653,5.452,3.977,0.8736,4.457,1.198,3.015,1.114,3.288,0.4406,-49.05,-34.56,-0.8054,-0.7213,0.5941,0.8555,51,36.54,1.71,2.398,2.231,0.7359,7.599,2.184,0.3236,1.209,-2.535,-1.108,0.04918,0.8938,-1.279,-3.222,-76.08,-3.396,-1.99,-27.05,-1.231,0.5589,-27.01,2.746,0.5595,12.05,2.586,2.759,-110.7,-3.257,-0.7044,-110.7,-2.384,-0.7042,-164.2,-1.263,0.6413,-81.59,-1.262,-0.9073,-85.54,-1.328,-0.2891,-93.14,0.6365,1.875,-93.15,0.3122,0.2007,-91.88,-2.227,0.1015,-83.37,1.109,-0.9833,-83.34,-0.1002,-1.254,-86.54,-1.277,-0.2902,28.31,0,-19.54,3.908,12.2,10.25,15.63,28.82,22.46,10.26,-35.64,64.94,7.818,-18.07,-20.51,10.74,-17.57,-15.63,30.27,-55.66,0,16.12,13.67,-5.374,33.7,11.72,-7.328,39.05,-18.08,23.42,28.85,-28.8,37.12,3.341,-17.14,5.38,-6.835,40.98,-27.81,-13.65,-9.249,15.15,-6.323,8.273,-4.921,0.5352,-0.03974,0.8337,0.2012,-0.6368,0.2883,0.6784,-0.4008,0.3743,0.3899,-0.5426,0.2767,-0.4724,-0.4949,-0.5136,-0.6992,-0.2315,-0.511,-0.4905,-0.4723,-0.504,0.749,-0.1003,0.6521,0.601,-0.03467,0.7976,0.4759,-0.6003,0.4601,0.5445,-0.552,0.4451,0.02222,-0.2565,0.08277,-0.5348,-0.527,-0.469,-0.5459,-0.5374,-0.4754,-0.08191,-0.232,-0.1813
0.55,-0.1135,-0.5517,3.907,2.302,-0.9474,5.44,3.749,1.002,4.387,1.205,3.053,1.126,3.157,0.428,-49.15,-34.54,-0.8111,-0.7273,0.5292,0.8956,50.92,36.5,1.611,2.374,2.199,0.8487,7.658,2.213,0.2838,1.248,-2.547,-1.097,0.07361,0.8733,-1.323,-3.273,-76.11,-3.363,-1.955,-26.98,-1.114,0.5471,-26.94,2.635,0.5478,12.19,2.51,2.617,-110.7,-3.193,-0.6911,-110.7,-2.191,-0.6906,-164.3,-1.131,0.4557,-81.61,-1.153,-0.9001,-85.52,-1.288,-0.2613,-93.18,0.5788,1.878,-93.18,0.295,0.2086,-91.87,-2.255,0.08293,-83.31,1.128,-1.067,-83.29,-0.1192,-1.249,-86.54,-1.285,-0.3045,10.24,0,-10.26,11.72,13.67,3.42,30.27,18.56,30.76,20.98,-41.02,54.2,8.291,-14.65,-3.905,11.24,-13.18,-19.05,31.24,-43.94,12.21,12.22,11.24,0,13.67,-5.858,-15.14,5.852,-13.66,-4.888,12.69,-27.85,27.85,8.686,-16.53,-0.4611,-3.418,35.18,52.75,-5.346,-22.49,14.18,-1.029,13.7,16.64,0.5354,-0.03937,0.8336,0.2018,-0.6368,0.2874,0.6775,-0.4014,0.375,0.3883,-0.5435,0.2767,-0.4727,-0.4949,-0.5132,-0.7001,-0.2314,-0.5095,-0.4916,-0.4718,-0.5025,0.7497,-0.1002,0.6513,0.6013,-0.03461,0.7974,0.4764,-0.5999,0.4608,0.5446,-0.5519,0.4453,0.02234,-0.2567,0.08264,-0.5342,-0.5269,-0.4691,-0.5461,-0.5373,-0.4757,-0.08179,-0.2321,-0.1814
0.56,-0.1954,-0.5564,3.913,2.399,-0.9415,5.383,3.516,1.15,4.315,1.217,3.089,1.143,3.019,0.4207,-49.27,-34.55,-0.7922,-0.7171,0.4728,0.9395,50.85,36.5,1.506,2.328,2.18,0.9051,7.722,2.215,0.2356,1.276,-2.556,-1.073,0.089,0.856,-1.368,-3.3,-76.14,-3.345,-1.921,-26.89,-0.9996,0.5196,-26.86,2.516,0.5201,12.34,2.414,2.466,-110.8,-3.141,-0.6771,-110.8,-1.99,-0.6763,-164.3,-1.01,0.2585,-81.58,-1.034,-0.8845,-85.49,-1.249,-0.2434,-93.22,0.5141,1.884,-93.22,0.2779,0.2097,-91.86,-2.282,0.06656,-83.29,1.123,-1.106,-83.26,-0.1513,-1.239,-86.54,-1.293,-0.3104,-6.361,-7.327,-15.14,7.816,8.795,18.56,32.23,6.829,28.81,24.91,-52.74,41.5,2.921,-3.425,-11.23,10.25,6.831,0,28.81,-36.13,13.19,9.261,-2.431,0,-4.399,-24.91,0.9817,-17.11,-24.41,-24.92,-1.923,-8.783,24.43,6.013,-4.897,-6.302,-2.425,-17.08,89.35,25.36,-10.25,7.817,21.03,22.49,3.4,0.5356,-0.039,0.8335,0.2022,-0.6371,0.2863,0.6765,-0.4022,0.3756,0.3864,-0.5445,0.2768,-0.4728,-0.4951,-0.5126,-0.701,-0.2312,-0.508,-0.4927,-0.4712,-0.5011,0.7503,-0.1003,0.6505,0.6015,-0.03461,0.7972,0.4772,-0.5994,0.4618,0.5447,-0.5517,0.4456,0.02246,-0.257,0.08258,-0.5339,-0.5268,-0.4693,-0.5462,-0.5373,-0.4759,-0.08173,-0.2321,-0.1814
0.57,-0.2572,-0.5735,3.927,2.503,-0.9263,5.326,3.265,1.321,4.254,1.248,3.141,1.173,2.874,0.4264,-49.4,-34.57,-0.7781,-0.706,0.4397,0.9776,50.8,36.53,1.402,2.24,2.168,0.9347,7.773,2.198,0.21,1.265,-2.556,-1.05,0.1309,0.8465,-1.412,-3.305,-76.17,-3.342,-1.879,-26.79,-0.8861,0.4914,-26.76,2.379,0.4917,12.49,2.31,2.325,-110.8,-3.094,-0.6647,-110.8,-1.773,-0.664,-164.3,-0.8824,0.05241,-81.56,-0.9247,-0.8691,-85.48,-1.199,-0.214,-93.26,0.4656,1.908,-93.26,0.257,0.2219,-91.86,-2.302,0.03492,-83.29,1.084,-1.108,-83.27,-0.1797,-1.227,-86.55,-1.299,-0.3078,-10.24,-5.86,2.921,4.877,-0.981,13.18,36.12,-2.443,41.01,28.31,-59.07,34.66,5.87,13.19,-3.905,2.941,18.07,0.4838,25.86,-28.31,12.7,-3.899,-9.276,2.921,-7.325,-4.404,-4.885,-29.31,-16.09,-24.41,-28.85,35.13,-23.94,2.339,6.886,-0.9223,31.25,-48.34,12.18,34.69,-4.897,13.7,-11.76,7.368,-7.784,0.5357,-0.03858,0.8335,0.2025,-0.6373,0.2852,0.6755,-0.4029,0.3764,0.3846,-0.5454,0.2769,-0.4728,-0.4953,-0.512,-0.702,-0.2308,-0.5064,-0.4939,-0.4706,-0.4997,0.7509,-0.1004,0.6498,0.6019,-0.03449,0.7969,0.4777,-0.5988,0.4627,0.5448,-0.5516,0.4459,0.02271,-0.2572,0.08246,-0.5342,-0.5266,-0.4698,-0.5461,-0.5375,-0.4759,-0.08173,-0.2322,-0.1813
0.58,-0.3243,-0.5816,3.93,2.612,-0.932,5.29,3.012,1.504,4.19,1.266,3.174,1.195,2.741,0.4188,-49.56,-34.6,-0.7692,-0.6916,0.426,1.019,50.8,36.56,1.299,2.15,2.154,0.9893,7.81,2.17,0.1902,1.267,-2.55,-1.011,0.159,0.8528,-1.445,-3.287,-76.19,-3.335,-1.849,-26.66,-0.7848,0.4528,-26.63,2.227,0.4532,12.61,2.208,2.186,-110.9,-3.048,-0.6484,-110.9,-1.544,-0.6478,-164.3,-0.7482,-0.1634,-81.54,-0.8058,-0.8442,-85.47,-1.145,-0.1845,-93.28,0.4205,1.93,-93.28,0.2303,0.2336,-91.85,-2.323,0.01637,-83.31,1.049,-1.135,-83.28,-0.2175,-1.219,-86.54,-1.299,-0.2947,-10.24,0,9.769,1.454,-12.7,18.07,31.25,-5.367,45.9,25.38,-48.33,35.65,-0.5008,20.51,3.905,5.853,12.7,-3.42,17.57,-23.44,2.45,-13.68,1.962,2.431,-15.63,2.929,-2.443,-34.67,10.26,-5.364,-46.38,69.82,-21.95,-3.341,22.04,-10.3,7.827,-59.55,-81.04,14.1,-36.63,-4.432,-18.09,-18.62,7.784,0.5357,-0.03827,0.8334,0.2026,-0.6377,0.2839,0.6742,-0.4037,0.3771,0.383,-0.5462,0.2771,-0.4728,-0.4956,-0.5114,-0.7031,-0.2304,-0.5047,-0.4953,-0.4698,-0.4983,0.7516,-0.1004,0.649,0.6023,-0.03436,0.7966,0.4779,-0.5986,0.4633,0.5447,-0.5516,0.4461,0.02283,-0.2573,0.08234,-0.5345,-0.5261,-0.4705,-0.5459,-0.5378,-0.476,-0.08185,-0.2322,-0.1813
0.59,-0.4001,-0.5908,3.915,2.726,-0.9133,5.278,2.793,1.726,4.106,1.292,3.185,1.215,2.597,0.4365,-49.72,-34.62,-0.7251,-0.6605,0.4183,1.05,50.84,36.59,1.221,2.079,2.145,1.055,7.837,2.158,0.1845,1.267,-2.544,-0.9875,0.1729,0.857,-1.467,-3.277,-76.2,-3.334,-1.805,-26.51,-0.7011,0.3956,-26.49,2.092,0.3959,12.71,2.096,2.047,-110.9,-3.016,-0.6383,-110.9,-1.291,-0.6378,-164.3,-0.6213,-0.3926,-81.54,-0.6871,-0.8307,-85.46,-1.101,-0.1651,-93.29,0.3882,1.945,-93.3,0.2056,0.2458,-91.84,-2.344,0.01309,-83.31,1.024,-1.182,-83.28,-0.244,-1.211,-86.54,-1.299,-0.2823,-3.404,0,5.862,-1.454,-29.29,10.25,20.99,-18.06,44.92,16.59,-51.27,31.24,-2.921,29.29,0,0.495,5.371,2.925,9.269,-13.66,0,-16.61,4.393,-15.14,-10.74,12.69,6.826,-31.23,23.43,9.268,-38.08,46.86,-32.7,2.339,8.722,0.4611,-8.764,-66.91,-81.04,-9.782,-37.63,-10.72,-8.235,-10.21,11.72,0.5358,-0.0379,0.8334,0.2024,-0.6383,0.2825,0.6731,-0.4045,0.3778,0.3814,-0.5469,0.2775,-0.4728,-0.4958,-0.5109,-0.7044,-0.2297,-0.503,-0.4966,-0.4689,-0.4969,0.7523,-0.1003,0.6482,0.6026,-0.0343,0.7964,0.4778,-0.5986,0.4636,0.5446,-0.5515,0.4464,0.02283,-0.2575,0.08228,-0.5347,-0.5255,-0.4713,-0.5459,-0.5379,-0.476,-0.08197,-0.2322,-0.1814
0.6,-0.4856,-0.5895,3.879,2.847,-0.9185,5.307,2.589,1.93,4.051,1.335,3.206,1.261,2.483,0.4393,-49.89,-34.64,-0.7022,-0.6452,0.4072,1.091,50.95,36.59,1.17,2.034,2.131,1.118,7.839,2.143,0.1873,1.29,-2.535,-0.9637,0.1689,0.8539,-1.455,-3.28,-76.19,-3.344,-1.773,-26.34,-0.6322,0.3491,-26.32,1.957,0.3492,12.76,2.001,1.912,-110.9,-2.97,-0.634,-110.9,-1.04,-0.6332,-164.3,-0.4832,-0.6333,-81.56,-0.5746,-0.8036,-85.44,-1.072,-0.1418,-93.28,0.3685,1.957,-93.28,0.1808,0.2617,-91.83,-2.361,0.03274,-83.3,1.008,-1.223,-83.27,-0.2799,-1.201,-86.53,-1.31,-0.2738,5.375,3.418,8.309,-5.847,-43.46,15.14,16.12,-21.49,53.22,15.62,-43.94,16.12,1.947,37.1,-0.9762,5.853,1.956,7.808,6.839,-1.469,6.828,-6.336,13.67,2.921,-3.417,13.19,1.963,-23.95,31.26,-2.92,-28.31,-12.23,-11.69,5.011,-4.438,-6.763,-18.08,-73.73,-61.53,3.867,-8.342,-6.85,-1.029,-4.912,-1.432,0.5357,-0.03772,0.8334,0.202,-0.6388,0.2811,0.6721,-0.4052,0.3785,0.3801,-0.5475,0.2782,-0.4729,-0.4959,-0.5105,-0.7057,-0.229,-0.5014,-0.4981,-0.468,-0.4954,0.753,-0.1001,0.6475,0.6028,-0.03424,0.7962,0.4773,-0.5989,0.4635,0.5444,-0.5517,0.4465,0.02265,-0.2576,0.08228,-0.5346,-0.5253,-0.4717,-0.5458,-0.5381,-0.4762,-0.08203,-0.2323,-0.1814
0.61,-0.5444,-0.5684,3.856,2.928,-0.9198,5.326,2.425,2.145,3.982,1.369,3.197,1.295,2.378,0.4457,-50.04,-34.61,-0.6634,-0.6303,0.4032,1.123,51.08,36.55,1.134,1.986,2.135,1.129,7.842,2.118,0.2185,1.295,-2.495,-0.9453,0.1777,0.8492,-1.441,-3.263,-76.18,-3.344,-1.74,-26.18,-0.5833,0.2949,-26.16,1.841,0.2951,12.79,1.91,1.791,-110.9,-2.928,-0.6323,-110.9,-0.7824,-0.6315,-164.4,-0.3429,-0.8696,-81.57,-0.4913,-0.7767,-85.42,-1.047,-0.1383,-93.26,0.3581,1.966,-93.27,0.1409,0.2845,-91.84,-2.361,0.04801,-83.31,0.985,-1.232,-83.28,-0.3083,-1.196,-86.53,-1.32,-0.2738,9.287,3.909,-2.447,9.27,-47.37,10.25,16.12,-20.51,39.55,11.72,-39.55,21.98,4.897,31.25,4.881,13.19,4.89,6.84,5.868,0.4993,6.342,-4.387,17.57,-8.295,11.72,7.811,-4.885,-14.16,33.69,-7.332,-1.462,-38.08,-18.53,16.04,-0.9181,0,-14.66,-58.13,-29.8,21.5,2.902,-2.901,2.5,7.368,-3.4,0.5357,-0.03754,0.8334,0.2015,-0.6394,0.2799,0.6712,-0.4058,0.3792,0.379,-0.5479,0.2788,-0.4732,-0.4958,-0.5103,-0.7069,-0.2282,-0.4997,-0.4995,-0.4671,-0.494,0.7534,-0.09992,0.6469,0.6029,-0.0343,0.7961,0.4768,-0.5993,0.4633,0.5441,-0.5518,0.4468,0.02252,-0.2576,0.08234,-0.5342,-0.5257,-0.4716,-0.5457,-0.5382,-0.4762,-0.08204,-0.2324,-0.1815
0.62,-0.6529,-0.5528,3.823,3.028,-0.9235,5.343,2.285,2.353,3.919,1.407,3.181,1.334,2.293,0.4494,-50.18,-34.56,-0.6413,-0.6469,0.3763,1.152,51.23,36.49,1.114,1.971,2.126,1.098,7.884,2.087,0.2327,1.301,-2.451,-0.9128,0.1852,0.8591,-1.456,-3.247,-76.17,-3.338,-1.716,-26.02,-0.5438,0.2472,-26.01,1.741,0.2476,12.79,1.844,1.661,-110.8,-2.878,-0.6444,-110.8,-0.5253,-0.6438,-164.4,-0.1829,-1.112,-81.58,-0.3825,-0.759,-85.4,-1.047,-0.1367,-93.28,0.3385,1.961,-93.28,0.1047,0.3084,-91.84,-2.355,0.06329,-83.32,0.9681,-1.2,-83.29,-0.3329,-1.194,-86.52,-1.312,-0.2634,7.316,6.344,-3.908,0,-61.03,15.14,23.44,-9.772,37.11,14.15,-20.99,24.42,6.844,18.55,0.9762,5.853,-9.284,-4.399,5.382,8.312,12.7,10.24,21,0,20.5,-1.953,-4.383,-3.887,26.84,-22.95,2.462,-16.12,0,6.348,-1.989,-7.378,-12.68,-14.18,-0.4722,-7.28,14.69,10.72,26.91,9.308,-6.352,0.5358,-0.03742,0.8333,0.2009,-0.64,0.2788,0.6704,-0.4065,0.3798,0.3781,-0.5484,0.2796,-0.4736,-0.4954,-0.5102,-0.7082,-0.2275,-0.4979,-0.5011,-0.4662,-0.4924,0.7541,-0.0998,0.6462,0.6029,-0.03443,0.7961,0.4765,-0.5996,0.4632,0.544,-0.5518,0.4471,0.0224,-0.2576,0.0824,-0.5337,-0.5265,-0.471,-0.5456,-0.5384,-0.4763,-0.08216,-0.2323,-0.1815
0.63,-0.7531,-0.5493,3.826,3.11,-0.9137,5.334,2.161,2.549,3.867,1.435,3.168,1.366,2.223,0.44,-50.29,-34.47,-0.6343,-0.6414,0.3435,1.189,51.35,36.38,1.094,1.958,2.104,1.062,7.931,2.043,0.2526,1.309,-2.391,-0.8738,0.1994,0.8513,-1.491,-3.207,-76.16,-3.331,-1.688,-25.9,-0.5164,0.2136,-25.89,1.644,0.2137,12.79,1.785,1.538,-110.7,-2.825,-0.6397,-110.7,-0.2756,-0.6388,-164.4,-0.03643,-1.347,-81.56,-0.2929,-0.7493,-85.38,-1.057,-0.1299,-93.31,0.3096,1.95,-93.31,0.0571,0.3297,-91.83,-2.34,0.06984,-83.34,0.9427,-1.159,-83.31,-0.3669,-1.183,-86.5,-1.305,-0.2608,-1.941,-2.442,-15.63,7.816,-61.53,13.18,24.91,4.386,35.65,12.69,-15.63,30.27,-0.9737,-2.929,-2.929,15.14,-0.481,0,6.353,17.56,15.13,30.26,14.16,-16.12,5.852,-14.17,-5.365,3.887,19.54,-43.45,6.385,42.97,44.95,-25.72,6.886,-1.998,2.921,12.69,12.7,-9.327,10.25,16.6,2.5,11.25,-5.816,0.5359,-0.03729,0.8332,0.2005,-0.6404,0.2779,0.6697,-0.4069,0.3805,0.3773,-0.5488,0.2803,-0.4742,-0.495,-0.5102,-0.7094,-0.2269,-0.4962,-0.5026,-0.4653,-0.4909,0.7546,-0.09992,0.6456,0.6029,-0.03449,0.7961,0.4764,-0.5997,0.4632,0.5438,-0.5518,0.4475,0.02234,-0.2575,0.08234,-0.5333,-0.5272,-0.4705,-0.5454,-0.5387,-0.4763,-0.08222,-0.2322,-0.1816
0.64,-0.8536,-0.553,3.843,3.188,-0.8901,5.317,2.037,2.747,3.808,1.467,3.155,1.397,2.137,0.4489,-50.37,-34.36,-0.6162,-0.6452,0.3118,1.231,51.42,36.26,1.093,1.953,2.085,1.048,7.971,2.014,0.2725,1.317,-2.352,-0.8251,0.1846,0.8544,-1.525,-3.168,-76.16,-3.326,-1.653,-25.81,-0.4832,0.1759,-25.81,1.554,0.176,12.8,1.721,1.419,-110.6,-2.778,-0.6437,-110.6,-0.03103,-0.6428,-164.4,0.1081,-1.586,-81.54,-0.2086,-0.7451,-85.38,-1.073,-0.1205,-93.34,0.2923,1.942,-93.35,0.01903,0.3313,-91.84,-2.342,0.08511,-83.37,0.9222,-1.137,-83.34,-0.3972,-1.181,-86.49,-1.285,-0.2581,-1.463,0,-6.829,13.18,-51.27,29.3,18.08,11.72,34.67,7.827,-4.388,39.07,-1.475,-10.74,-0.9762,1.951,0.481,-3.904,7.811,32.22,13.19,22.95,-2.921,-20.51,5.852,-10.74,12.69,15.64,5.88,-25.39,9.769,67.88,6.342,-17.71,12.24,11.22,-10.75,19.04,1.464,-5.346,-18.59,-4.432,5.441,18.62,-3.937,0.5359,-0.03705,0.8332,0.2003,-0.6407,0.2772,0.6691,-0.4073,0.3813,0.3765,-0.5492,0.281,-0.4748,-0.4945,-0.5104,-0.7105,-0.2263,-0.4946,-0.5041,-0.4644,-0.4893,0.755,-0.1,0.645,0.6028,-0.03443,0.7962,0.4764,-0.5998,0.4633,0.5439,-0.5517,0.4479,0.02222,-0.2575,0.0824,-0.533,-0.5277,-0.4702,-0.5452,-0.5389,-0.4763,-0.08228,-0.2321,-0.1817
0.65,-0.9044,-0.554,3.868,3.234,-0.848,5.296,1.914,2.931,3.752,1.518,3.144,1.444,2.054,0.47,-50.42,-34.23,-0.614,-0.6426,0.2768,1.245,51.43,36.11,1.078,1.932,2.107,1.031,7.973,1.965,0.2952,1.337,-2.325,-0.7785,0.1741,0.8513,-1.534,-3.104,-76.15,-3.321,-1.607,-25.76,-0.4577,0.1461,-25.76,1.456,0.146,12.84,1.661,1.299,-110.4,-2.72,-0.6587,-110.5,0.2113,-0.6581,-164.4,0.2351,-1.803,-81.51,-0.1577,-0.7466,-85.38,-1.073,-0.1205,-93.35,0.2807,1.966,-93.35,-0.01713,0.3413,-91.83,-2.348,0.1048,-83.42,0.8992,-1.121,-83.39,-0.4388,-1.181,-86.48,-1.279,-0.2621,0.9855,5.368,5.368,13.18,-49.81,14.16,18.57,22.95,37.6,12.22,0,35.65,-1.475,-24.41,0,0.99,10.74,-6.345,-0.4859,39.56,21.49,3.412,-18.06,-4.883,7.325,-13.67,1.963,23.45,8.798,15.62,18.54,36.64,22.94,2.004,-7.345,19.52,0,36.6,21.01,5.346,-40.08,-3.868,-20.44,-11.76,10.74,0.536,-0.03675,0.8331,0.2003,-0.641,0.2768,0.6684,-0.4078,0.382,0.3755,-0.5498,0.2815,-0.4756,-0.4939,-0.5105,-0.7117,-0.2256,-0.493,-0.5053,-0.4636,-0.4879,0.7553,-0.1002,0.6447,0.6028,-0.03443,0.7962,0.4761,-0.5999,0.4633,0.5437,-0.5518,0.4481,0.02203,-0.2575,0.0824,-0.5327,-0.5281,-0.47,-0.5448,-0.5393,-0.4763,-0.08228,-0.232,-0.1818
0.66,-0.9698,-0.5604,3.896,3.293,-0.8121,5.279,1.796,3.098,3.709,1.577,3.144,1.502,1.971,0.4794,-50.43,-34.12,-0.6272,-0.638,0.2314,1.267,51.37,36,1.064,1.924,2.115,1.025,7.917,1.921,0.3009,1.353,-2.313,-0.7342,0.1671,0.8749,-1.489,-3.047,-76.15,-3.327,-1.563,-25.75,-0.4307,0.1179,-25.75,1.365,0.118,12.9,1.62,1.176,-110.3,-2.655,-0.6647,-110.4,0.4433,-0.664,-164.4,0.3609,-2.015,-81.5,-0.1029,-0.7433,-85.38,-1.083,-0.1097,-93.3,0.2576,1.988,-93.31,-0.04188,0.3456,-91.83,-2.363,0.1178,-83.47,0.8786,-1.106,-83.44,-0.4747,-1.19,-86.47,-1.271,-0.2496,9.765,5.368,-10.74,15.15,-38.57,17.09,16.12,24.91,27.83,11.22,-4.885,29.29,1.475,-31.25,-7.326,5.358,13.18,0.9788,-2.915,51.28,20.99,-12.71,-29.79,8.295,1.944,-20.03,1.963,4.378,-5.88,38.56,24.38,-8.281,26.36,0,-18.52,0.4611,12.18,37.14,24.89,9.782,-17.59,-3.868,2.941,-7.368,5.368,0.536,-0.03644,0.8331,0.2005,-0.6412,0.2766,0.6677,-0.4082,0.3827,0.3745,-0.5505,0.2818,-0.4763,-0.4933,-0.5106,-0.7128,-0.225,-0.4914,-0.5066,-0.4627,-0.4866,0.7556,-0.1003,0.6443,0.6027,-0.0343,0.7962,0.4756,-0.6002,0.4633,0.5434,-0.5522,0.448,0.02191,-0.2576,0.0824,-0.5323,-0.5287,-0.4696,-0.5443,-0.5397,-0.4763,-0.0824,-0.2319,-0.1818
0.67,-1.044,-0.5478,3.914,3.351,-0.783,5.265,1.672,3.258,3.658,1.621,3.137,1.545,1.885,0.4893,-50.43,-33.99,-0.6294,-0.6235,0.1964,1.291,51.27,35.87,1.057,1.913,2.114,1.005,7.848,1.878,0.3037,1.367,-2.306,-0.6854,0.1726,0.8602,-1.437,-2.981,-76.16,-3.322,-1.515,-25.76,-0.403,0.09118,-25.76,1.269,0.0911,12.98,1.562,1.062,-110.2,-2.593,-0.6664,-110.3,0.6649,-0.6657,-164.4,0.4732,-2.22,-81.49,-0.03857,-0.7306,-85.4,-1.093,-0.1086,-93.24,0.238,1.992,-93.25,-0.06472,0.3466,-91.82,-2.38,0.1146,-83.52,0.8557,-1.086,-83.49,-0.5125,-1.185,-86.46,-1.259,-0.2614,18.54,4.885,-2.921,12.21,-30.27,8.789,15.63,23.43,21.48,18.05,1.47,41.99,3.422,-42.48,-14.65,4.397,5.371,3.42,-6.353,62.5,11.71,-1.95,-22.94,17.08,-4.399,-12.22,5.867,8.31,-25.86,39.07,15.15,-53.7,8.769,3.341,-12.24,2.92,28.83,35.18,34.19,5.915,4.352,-7.817,-14.7,8.273,2.952,0.536,-0.03607,0.833,0.2008,-0.6413,0.2766,0.667,-0.4088,0.3833,0.3734,-0.5512,0.282,-0.477,-0.4928,-0.5107,-0.7139,-0.2244,-0.49,-0.5078,-0.4619,-0.4854,0.7559,-0.1003,0.6439,0.6026,-0.03424,0.7963,0.475,-0.6006,0.463,0.543,-0.5525,0.4479,0.02191,-0.2578,0.08234,-0.5319,-0.5293,-0.4692,-0.544,-0.5401,-0.4762,-0.08234,-0.2318,-0.182
0.68,-1.123,-0.5356,3.923,3.415,-0.7537,5.261,1.544,3.408,3.623,1.67,3.143,1.593,1.804,0.5038,-50.41,-33.9,-0.6471,-0.6133,0.143,1.317,51.14,35.79,1.045,1.909,2.087,0.9888,7.794,1.858,0.2952,1.401,-2.298,-0.6389,0.1762,0.8581,-1.392,-2.939,-76.16,-3.323,-1.468,-25.78,-0.3736,0.07477,-25.78,1.17,0.07475,13.09,1.512,0.9354,-110.1,-2.536,-0.6694,-110.2,0.8725,-0.6687,-164.4,0.5802,-2.415,-81.49,0.02554,-0.7187,-85.4,-1.108,-0.1077,-93.2,0.2056,1.969,-93.2,-0.08946,0.3482,-91.82,-2.394,0.1135,-83.55,0.8363,-1.07,-83.52,-0.5617,-1.192,-86.45,-1.261,-0.2712,9.765,8.302,-5.368,9.755,-12.2,10.74,17.59,26.37,18.55,6.828,-0.9728,39.07,-2.921,-49.32,-13.68,10.74,2.437,-10.25,-14.16,66.91,0,2.924,-15.63,10.75,-8.798,-5.858,0,17.11,-32.72,9.776,7.308,-64.93,-15.11,6.682,-5.356,-6.302,20.01,24.91,37.59,7.848,21.94,12.73,-10.29,2.456,4.921,0.5361,-0.03571,0.833,0.2011,-0.6413,0.2766,0.6662,-0.4093,0.3839,0.3721,-0.552,0.2821,-0.4776,-0.4923,-0.5107,-0.7149,-0.2238,-0.4886,-0.509,-0.4611,-0.4842,0.7563,-0.1003,0.6435,0.6025,-0.03418,0.7964,0.4746,-0.6011,0.4628,0.5427,-0.5528,0.4478,0.02191,-0.2579,0.08234,-0.5314,-0.5299,-0.4688,-0.5436,-0.5405,-0.4764,-0.08228,-0.2318,-0.1821
0.69,-1.178,-0.5261,3.902,3.458,-0.7146,5.272,1.398,3.539,3.572,1.703,3.141,1.622,1.706,0.5166,-50.4,-33.82,-0.6585,-0.595,0.1036,1.342,51.01,35.74,0.9931,1.893,2.059,0.972,7.8,1.842,0.2611,1.431,-2.296,-0.5826,0.1795,0.8696,-1.405,-2.909,-76.18,-3.313,-1.414,-25.8,-0.3353,0.05227,-25.8,1.063,0.05256,13.2,1.452,0.8127,-110.1,-2.478,-0.661,-110.1,1.06,-0.6604,-164.4,0.6777,-2.588,-81.51,0.07954,-0.7088,-85.4,-1.108,-0.1077,-93.2,0.1513,1.949,-93.21,-0.1104,0.3493,-91.82,-2.415,0.1113,-83.57,0.8194,-1.054,-83.54,-0.6128,-1.207,-86.43,-1.255,-0.2758,-11.71,3.418,2.921,0,0,9.77,5.851,24.41,21,4.396,-0.9728,43.46,-0.5008,-51.27,-9.278,0.99,-10.74,-9.766,-20.52,65.44,6.828,6.336,1.471,9.766,-1.473,2.929,19.04,1.966,-54.21,-25.39,-3.923,-46.86,-17.59,0,1.53,2.459,18.58,27.35,21.49,-1.024,26.39,0,-12.21,13.7,7.336,0.5362,-0.03528,0.8329,0.2015,-0.6414,0.2765,0.6653,-0.4099,0.3846,0.3708,-0.5528,0.2822,-0.4782,-0.492,-0.5105,-0.7158,-0.2235,-0.4873,-0.5101,-0.4603,-0.4832,0.7566,-0.1001,0.6431,0.6025,-0.03418,0.7964,0.4747,-0.6013,0.463,0.5426,-0.5529,0.448,0.02191,-0.2581,0.08228,-0.5313,-0.5301,-0.4687,-0.5433,-0.5407,-0.4766,-0.08228,-0.2318,-0.1822
0.7,-1.231,-0.5181,3.89,3.504,-0.6799,5.278,1.28,3.654,3.518,1.723,3.124,1.641,1.622,0.5254,-50.41,-33.76,-0.6581,-0.5733,0.06118,1.373,50.9,35.7,0.9361,1.86,2.041,0.9625,7.838,1.873,0.2271,1.445,-2.292,-0.5512,0.1895,0.8749,-1.465,-2.915,-76.19,-3.302,-1.364,-25.82,-0.3126,0.02594,-25.81,0.9675,0.02608,13.3,1.393,0.6918,-110,-2.431,-0.6454,-110.1,1.223,-0.6448,-164.4,0.7628,-2.743,-81.53,0.1378,-0.6987,-85.41,-1.103,-0.1062,-93.25,0.09935,1.94,-93.25,-0.1275,0.3578,-91.8,-2.43,0.1069,-83.55,0.7916,-1.043,-83.52,-0.6525,-1.215,-86.42,-1.263,-0.2777,-10.75,1.951,-7.322,-11.72,15.63,16.6,-2.943,29.3,17.58,-1.965,-1.946,31.74,-5.87,-54.68,13.68,-11.24,-8.306,0.4838,-33.67,67.38,-4.396,-2.924,8.295,10.75,-4.89,4.882,0,-7.818,-55.66,-20.5,-12.69,-7.842,-9.762,-4.343,6.886,0,-2.425,18.57,-15.16,-17.63,23.39,10.23,-13.68,9.825,2.416,0.5363,-0.03485,0.8329,0.2018,-0.6415,0.2764,0.6646,-0.4104,0.3852,0.3695,-0.5536,0.2823,-0.4786,-0.4919,-0.5104,-0.7166,-0.2231,-0.4862,-0.5111,-0.4596,-0.4824,0.757,-0.09992,0.6427,0.6026,-0.03412,0.7963,0.475,-0.6012,0.4635,0.5428,-0.5527,0.4483,0.02191,-0.2582,0.08216,-0.5315,-0.53,-0.469,-0.5432,-0.5407,-0.4769,-0.08228,-0.2318,-0.1823
0.71,-1.279,-0.5077,3.883,3.554,-0.6576,5.277,1.142,3.745,3.463,1.741,3.106,1.66,1.534,0.5235,-50.46,-33.72,-0.6585,-0.564,0.02985,1.386,50.82,35.7,0.8735,1.816,2.045,0.9765,7.898,1.921,0.2015,1.45,-2.273,-0.5306,0.1807,0.888,-1.53,-2.938,-76.22,-3.29,-1.321,-25.79,-0.2821,-0.008012,-25.79,0.86,-0.008176,13.39,1.33,0.5663,-110,-2.379,-0.627,-110,1.365,-0.6269,-164.4,0.8514,-2.86,-81.56,0.2016,-0.684,-85.44,-1.087,-0.103,-93.33,0.05545,1.953,-93.33,-0.1466,0.3557,-91.82,-2.43,0.1102,-83.52,0.765,-1.054,-83.49,-0.6847,-1.229,-86.42,-1.277,-0.2777,-8.78,4.885,-6.829,-22.96,18.07,7.809,-29.29,16.12,19.53,-14.15,6.83,35.65,-8.792,-46.39,3.905,-11.24,9.284,13.19,-38.57,71.28,0.4864,0,9.276,8.295,-9.759,-0.9764,8.789,-11.7,-35.64,-1.968,-17.62,24.91,1.489,-5.011,-3.367,-4.458,-5.347,17.08,-43.96,4.436,18.04,-6.85,-15.59,1.034,17.09,0.5364,-0.03443,0.8328,0.2019,-0.6418,0.2761,0.6638,-0.4108,0.3859,0.3682,-0.5543,0.2825,-0.4789,-0.4919,-0.51,-0.7173,-0.2229,-0.4852,-0.5119,-0.4591,-0.4816,0.7574,-0.09968,0.6423,0.6027,-0.034,0.7963,0.4753,-0.6009,0.4641,0.5431,-0.5524,0.4486,0.02191,-0.2582,0.08228,-0.5318,-0.5296,-0.4696,-0.5432,-0.5407,-0.4772,-0.08228,-0.2319,-0.1824
0.72,-1.329,-0.4961,3.877,3.615,-0.6259,5.267,1,3.812,3.42,1.774,3.106,1.693,1.435,0.5292,-50.53,-33.7,-0.6598,-0.5767,-0.004791,1.401,50.77,35.69,0.8241,1.779,2.07,0.9947,7.965,1.974,0.193,1.459,-2.258,-0.5208,0.1816,0.8927,-1.621,-2.977,-76.25,-3.288,-1.274,-25.75,-0.2418,-0.03929,-25.75,0.7587,-0.03932,13.48,1.272,0.4445,-110,-2.326,-0.6127,-110,1.485,-0.6123,-164.4,0.945,-2.964,-81.58,0.2655,-0.6739,-85.45,-1.073,-0.1055,-93.41,0.02542,1.98,-93.42,-0.1694,0.3652,-91.81,-2.436,0.1146,-83.48,0.7433,-1.075,-83.45,-0.7168,-1.233,-86.42,-1.299,-0.2745,0,2.926,-17.09,-21.96,22.94,12.7,-31.74,26.85,15.62,-22.45,15.63,25.39,-6.844,-34.18,4.881,-16.6,15.14,15.63,-43.47,70.31,1.946,-10.24,4.393,1.471,-10.25,0,-0.4794,-23.45,-19.06,27.84,-13.69,41.53,4.412,3.007,-3.979,-7.839,1.929,21.47,-4.392,5.915,12.69,9.751,-16.18,7.368,13.69,0.5365,-0.03394,0.8328,0.202,-0.642,0.2757,0.663,-0.4113,0.3864,0.367,-0.555,0.2827,-0.4792,-0.492,-0.5095,-0.7178,-0.2229,-0.4843,-0.5127,-0.4589,-0.4807,0.7578,-0.0995,0.6419,0.6028,-0.03394,0.7962,0.4756,-0.6005,0.4648,0.5434,-0.5521,0.4491,0.02185,-0.2583,0.08222,-0.5321,-0.5293,-0.4701,-0.5432,-0.5406,-0.4775,-0.08228,-0.2321,-0.1824
0.73,-1.382,-0.485,3.872,3.685,-0.5914,5.245,0.8602,3.866,3.381,1.821,3.104,1.743,1.343,0.5277,-50.65,-33.68,-0.6413,-0.5797,-0.02359,1.395,50.74,35.71,0.8066,1.743,2.099,1.005,7.989,2.039,0.2185,1.459,-2.22,-0.5219,0.1943,0.8875,-1.662,-3.025,-76.3,-3.301,-1.229,-25.68,-0.2132,-0.0805,-25.69,0.6471,-0.08059,13.58,1.193,0.3236,-110,-2.27,-0.596,-110.1,1.597,-0.5957,-164.4,1.027,-3.039,-81.61,0.324,-0.6692,-85.47,-1.068,-0.1124,-93.46,0.01733,2.004,-93.46,-0.1999,0.3881,-91.81,-2.43,0.1233,-83.44,0.7143,-1.092,-83.4,-0.7452,-1.24,-86.42,-1.33,-0.2843,7.316,0,-12.2,-12.21,22.94,19.04,-35.14,35.65,18.55,-28.31,18.07,29.79,-6.844,-34.18,3.421,-14.15,12.7,7.808,-35.17,73.72,-15.13,-12.22,4.883,2.921,-5.381,1.953,-0.4794,-14.16,5.35,40.02,-16.62,47.37,6.839,1.002,0,-8.761,0,9.79,9.775,-8.303,9.249,-0.9671,-35.14,3.361,9.305,0.5364,-0.03339,0.8329,0.2018,-0.6424,0.275,0.6621,-0.4119,0.387,0.3657,-0.5557,0.2829,-0.4793,-0.4921,-0.509,-0.7184,-0.2229,-0.4834,-0.5133,-0.4588,-0.48,0.7581,-0.09931,0.6415,0.6028,-0.03388,0.7962,0.4758,-0.6001,0.4652,0.5434,-0.5519,0.4495,0.02179,-0.2582,0.08228,-0.5321,-0.5291,-0.4705,-0.5433,-0.5405,-0.4778,-0.08216,-0.2324,-0.1824
0.74,-1.444,-0.467,3.862,3.765,-0.5575,5.215,0.7341,3.902,3.359,1.861,3.113,1.785,1.264,0.5276,-50.79,-33.68,-0.6343,-0.5869,-0.04975,1.395,50.73,35.73,0.7813,1.705,2.123,1.01,7.991,2.101,0.2413,1.45,-2.179,-0.5349,0.2088,0.8943,-1.683,-3.071,-76.36,-3.314,-1.179,-25.59,-0.1933,-0.1022,-25.59,0.5409,-0.1024,13.68,1.118,0.2136,-110.1,-2.218,-0.5699,-110.1,1.684,-0.5698,-164.4,1.107,-3.096,-81.63,0.3924,-0.6588,-85.48,-1.062,-0.1207,-93.47,0,2.021,-93.47,-0.2398,0.4013,-91.8,-2.43,0.1222,-83.38,0.6853,-1.106,-83.35,-0.766,-1.246,-86.42,-1.366,-0.281,0,0.4918,-12.2,-5.847,22.46,15.14,-29.78,39.07,7.817,-22.95,25.87,32.71,-9.264,-30.77,1.469,-7.338,15.62,9.766,-39.54,71.78,-7.333,-11.74,3.902,1.962,-13.67,2.452,-2.443,-1.474,23.43,29.77,-5.846,41.97,4.412,-2.339,0,0,-13.67,4.389,23.42,-18.09,23.39,14.18,14.7,-9.308,-13.69,0.5363,-0.03278,0.8329,0.2014,-0.6427,0.2744,0.6612,-0.4125,0.3875,0.3643,-0.5563,0.283,-0.4795,-0.4923,-0.5084,-0.7188,-0.223,-0.4827,-0.5138,-0.4588,-0.4792,0.7585,-0.09912,0.6411,0.6029,-0.03388,0.7962,0.4761,-0.5998,0.4656,0.5432,-0.552,0.4498,0.02179,-0.2582,0.08222,-0.5319,-0.5293,-0.4707,-0.5434,-0.5403,-0.4781,-0.08216,-0.2327,-0.1824
0.75,-1.487,-0.4511,3.862,3.827,-0.5231,5.168,0.5981,3.931,3.339,1.904,3.126,1.827,1.174,0.5387,-50.96,-33.68,-0.6224,-0.6124,-0.07076,1.371,50.71,35.73,0.7539,1.659,2.142,1.03,7.97,2.182,0.264,1.445,-2.135,-0.5295,0.2127,0.8917,-1.675,-3.134,-76.43,-3.324,-1.13,-25.49,-0.1588,-0.1259,-25.5,0.4389,-0.1258,13.79,1.042,0.11,-110.2,-2.17,-0.5566,-110.2,1.761,-0.5565,-164.5,1.188,-3.126,-81.65,0.4464,-0.6491,-85.5,-1.052,-0.1276,-93.47,-0.01502,2.037,-93.47,-0.2779,0.4072,-91.81,-2.423,0.1244,-83.32,0.6514,-1.133,-83.29,-0.7925,-1.25,-86.42,-1.389,-0.2849,-13.68,-0.4918,-6.829,12.69,15.13,0,-20.49,33.2,20.02,-16.59,26.85,32.71,-9.765,-31.25,-2.445,-9.289,1.459,10.74,-45.89,64.94,-5.369,-20.02,-0.4905,4.883,-13.67,-1.475,8.789,10.28,29.31,-0.984,1,16.62,23.44,-14.03,10.71,-3.382,-28.33,-10.74,28.81,-30.26,16.14,9.268,-4.853,8.273,-21.47,0.5363,-0.0321,0.833,0.2011,-0.643,0.2736,0.6603,-0.4132,0.3878,0.363,-0.5569,0.2831,-0.4795,-0.4925,-0.5078,-0.7192,-0.2232,-0.4821,-0.5141,-0.4591,-0.4784,0.7588,-0.09894,0.6407,0.6029,-0.03381,0.7961,0.4764,-0.5995,0.4661,0.5431,-0.5521,0.45,0.02179,-0.2581,0.08228,-0.5316,-0.5293,-0.4709,-0.5436,-0.5401,-0.4785,-0.0821,-0.2329,-0.1824
0.76,-1.526,-0.4449,3.84,3.887,-0.4812,5.129,0.4531,3.918,3.349,1.955,3.164,1.877,1.099,0.5474,-51.15,-33.67,-0.6338,-0.6486,-0.1043,1.356,50.7,35.74,0.7232,1.627,2.135,1.051,7.966,2.243,0.2782,1.448,-2.095,-0.5284,0.2103,0.878,-1.676,-3.187,-76.5,-3.336,-1.075,-25.38,-0.1271,-0.1198,-25.38,0.3259,-0.1199,13.91,0.962,0.00909,-110.2,-2.114,-0.5392,-110.3,1.803,-0.5389,-164.6,1.264,-3.136,-81.68,0.4948,-0.6403,-85.51,-1.042,-0.1259,-93.47,-0.03697,2.034,-93.48,-0.316,0.4135,-91.82,-2.423,0.1331,-83.27,0.6309,-1.153,-83.24,-0.8152,-1.243,-86.42,-1.411,-0.2882,-18.54,-3.909,-7.816,-15.63,-11.24,-8.789,-11.7,15.62,12.69,-7.827,26.85,36.62,-13.66,-30.77,4.881,-4.397,0.9781,7.324,-30.27,67.88,-0.4864,0,-13.18,4.393,-13.67,-11.24,6.347,22.96,23.92,-19.04,21,14.62,0.9927,-17.04,-1.989,20.44,-34.18,-21,-0.4722,3.867,-21.04,-19.99,-36.62,-11.76,23.89,0.5363,-0.03137,0.8331,0.2007,-0.6431,0.2727,0.6592,-0.4139,0.3881,0.3616,-0.5575,0.2831,-0.4796,-0.4927,-0.5072,-0.7195,-0.2235,-0.4817,-0.5143,-0.4595,-0.4777,0.7591,-0.0987,0.6404,0.603,-0.03375,0.7961,0.477,-0.599,0.4666,0.5429,-0.5522,0.4503,0.02173,-0.2581,0.08234,-0.5313,-0.5295,-0.471,-0.5438,-0.54,-0.4787,-0.08204,-0.233,-0.1824
0.77,-1.57,-0.4395,3.818,3.949,-0.4538,5.092,0.3058,3.907,3.367,2.007,3.206,1.928,1.029,0.5575,-51.34,-33.69,-0.6471,-0.6941,-0.136,1.319,50.7,35.76,0.6947,1.601,2.138,1.07,7.949,2.306,0.2838,1.456,-2.082,-0.5338,0.2142,0.8938,-1.684,-3.238,-76.57,-3.351,-1.031,-25.26,-0.08998,-0.1148,-25.26,0.2157,-0.1149,14.03,0.8869,-0.08817,-110.3,-2.065,-0.5299,-110.3,1.842,-0.53,-164.6,1.339,-3.123,-81.72,0.5432,-0.627,-85.53,-1.037,-0.1189,-93.47,-0.06007,2.047,-93.48,-0.3445,0.4289,-91.81,-2.438,0.144,-83.22,0.6115,-1.165,-83.19,-0.8435,-1.257,-86.42,-1.446,-0.2836,-1.463,7.811,2.921,-1.939,-9.277,-3.42,-10.26,2.443,11.23,0.9658,26.85,34.66,1.475,-27.34,-2.445,5.358,8.787,1.958,-20.03,58.6,0,5.361,-22.94,3.902,6.834,-10.26,5.365,26.36,21.97,-28.31,27.85,-19.07,22.45,-1.336,-18.98,-2.459,-6.835,-29.3,-14.64,13.65,-44.43,-20.47,0.4411,-27.41,-4.921,0.5362,-0.0307,0.8332,0.2003,-0.6433,0.2718,0.6581,-0.4146,0.3884,0.3602,-0.5581,0.2831,-0.4796,-0.4929,-0.5066,-0.7197,-0.2241,-0.4812,-0.5144,-0.4602,-0.477,0.7594,-0.09839,0.6401,0.603,-0.03363,0.796,0.4774,-0.5986,0.4672,0.5427,-0.5523,0.4505,0.02161,-0.2583,0.08228,-0.5311,-0.5296,-0.4711,-0.5439,-0.5398,-0.4791,-0.08204,-0.2334,-0.1824
0.78,-1.594,-0.4408,3.81,3.991,-0.4219,5.06,0.1743,3.875,3.371,2.051,3.229,1.973,0.9665,0.563,-51.51,-33.73,-0.6572,-0.7413,-0.1577,1.276,50.69,35.79,0.653,1.566,2.145,1.076,7.906,2.339,0.2753,1.453,-2.082,-0.5457,0.2332,0.8864,-1.662,-3.244,-76.64,-3.357,-0.9874,-25.15,-0.06338,-0.1129,-25.15,0.1109,-0.1129,14.16,0.8148,-0.1745,-110.4,-2.012,-0.5189,-110.5,1.863,-0.5187,-164.7,1.409,-3.091,-81.75,0.5818,-0.6185,-85.55,-1.022,-0.1102,-93.45,-0.08549,2.066,-93.46,-0.3597,0.4332,-91.81,-2.452,0.1299,-83.21,0.5922,-1.163,-83.18,-0.8624,-1.256,-86.42,-1.476,-0.2882,-2.449,-1.467,35.15,6.847,-22.94,-4.389,0,6.829,-3.414,13.19,31.25,37.6,13.66,-18.55,-6.833,13.19,5.371,12.21,-6.353,59.56,12.21,10.24,-16.61,9.766,16.12,-5.858,9.771,17.11,31.26,-12.22,20.54,-38.08,17.59,-13.03,-22.49,11.22,21.99,-19.04,-28.81,13.65,-12.69,-11.69,-10.29,-1.939,9.752,0.5362,-0.03009,0.8333,0.1998,-0.6434,0.271,0.6572,-0.4152,0.3887,0.3589,-0.5587,0.283,-0.4796,-0.4932,-0.5059,-0.7198,-0.2247,-0.4808,-0.5144,-0.4609,-0.4764,0.7597,-0.09815,0.6399,0.6032,-0.03345,0.796,0.4777,-0.5983,0.4677,0.5426,-0.5524,0.4505,0.02173,-0.2584,0.08228,-0.5307,-0.53,-0.4709,-0.5438,-0.5399,-0.4792,-0.08197,-0.2336,-0.1825
0.79,-1.618,-0.4324,3.791,4.018,-0.4109,5.051,0.06846,3.843,3.356,2.072,3.228,1.991,0.9222,0.5758,-51.63,-33.79,-0.6594,-0.7928,-0.1795,1.225,50.64,35.8,0.6003,1.531,2.142,1.075,7.878,2.353,0.2668,1.448,-2.069,-0.5891,0.2408,0.8639,-1.646,-3.233,-76.69,-3.343,-0.9499,-25.09,-0.05008,-0.1076,-25.09,0.01849,-0.1078,14.27,0.7415,-0.2509,-110.5,-1.972,-0.5135,-110.6,1.871,-0.5137,-164.8,1.47,-3.042,-81.79,0.6246,-0.5956,-85.57,-1.003,-0.09718,-93.44,-0.1178,2.081,-93.45,-0.3864,0.4417,-91.82,-2.467,0.1309,-83.22,0.5753,-1.15,-83.19,-0.8719,-1.253,-86.41,-1.529,-0.3045,10.75,10.74,15.63,29.78,-32.22,-19.04,11.25,14.64,10.25,25.38,22.95,31.74,21.98,-5.859,-11.71,25.89,4.393,4.399,11.74,63.47,7.333,21.48,-8.295,3.412,11.72,-4.404,16.12,2.949,15.12,-4.38,13.69,-20.51,0,5.011,-6.886,1.998,32.74,2.903,-12.7,12.74,4.352,8.301,2.5,7.756,3.4,0.5363,-0.0296,0.8332,0.1995,-0.6435,0.2705,0.6565,-0.4155,0.389,0.3577,-0.5592,0.2829,-0.4795,-0.4935,-0.5053,-0.7198,-0.2255,-0.4804,-0.5142,-0.4618,-0.4758,0.76,-0.09778,0.6396,0.6033,-0.03327,0.7959,0.4776,-0.5983,0.4679,0.5424,-0.5525,0.4506,0.02173,-0.2585,0.08234,-0.5304,-0.5305,-0.4706,-0.5438,-0.54,-0.4792,-0.08179,-0.234,-0.1826
0.8,-1.653,-0.429,3.767,4.02,-0.3944,5.056,-0.03378,3.789,3.331,2.065,3.212,1.981,0.8806,0.5861,-51.71,-33.88,-0.6603,-0.8498,-0.209,1.182,50.58,35.83,0.5553,1.495,2.131,1.072,7.849,2.369,0.2469,1.448,-2.074,-0.6075,0.2474,0.8591,-1.64,-3.222,-76.72,-3.298,-0.9114,-25.04,-0.02973,-0.08698,-25.04,-0.06368,-0.08721,14.37,0.6668,-0.3163,-110.7,-1.929,-0.5062,-110.7,1.861,-0.5064,-164.9,1.528,-2.987,-81.83,0.6728,-0.5778,-85.59,-0.9876,-0.08432,-93.43,-0.149,2.087,-93.44,-0.3959,0.439,-91.81,-2.482,0.1211,-83.22,0.5547,-1.134,-83.19,-0.8927,-1.262,-86.4,-1.569,-0.317,5.853,10.25,-4.875,26.36,-38.09,-13.18,19.51,18.06,1.46,31.24,29.78,18.56,21.01,-9.283,-6.35,37.1,11.22,0,20.03,62.5,21.49,22.46,2.921,5.864,13.67,6.357,5.867,-8.31,2.918,7.332,-8.769,-26.35,-7.335,9.688,1.989,-0.4611,24.91,20.05,-16.1,15.58,38.08,10.72,15.15,18.1,10.74,0.5367,-0.02918,0.833,0.1994,-0.6435,0.2702,0.6558,-0.4158,0.3893,0.3565,-0.5595,0.2829,-0.4793,-0.4939,-0.5045,-0.7197,-0.2264,-0.4801,-0.5139,-0.4627,-0.4752,0.7603,-0.09742,0.6393,0.6034,-0.03308,0.7958,0.4774,-0.5984,0.4681,0.5423,-0.5526,0.4506,0.02179,-0.2586,0.08228,-0.5301,-0.5309,-0.4704,-0.5437,-0.54,-0.4793,-0.08167,-0.2343,-0.1827
0.81,-1.672,-0.4164,3.743,4.02,-0.3912,5.055,-0.1369,3.719,3.321,2.061,3.212,1.975,0.8462,0.5891,-51.75,-33.98,-0.6532,-0.9076,-0.2362,1.148,50.5,35.85,0.4982,1.458,2.116,1.068,7.823,2.406,0.2214,1.459,-2.074,-0.6085,0.2628,0.856,-1.63,-3.238,-76.77,-3.263,-0.8777,-25.04,-0.007042,-0.05951,-25.04,-0.1438,-0.05957,14.46,0.5799,-0.3736,-110.8,-1.887,-0.4945,-110.8,1.832,-0.4948,-165,1.579,-2.923,-81.87,0.7108,-0.5506,-85.6,-0.9683,-0.07135,-93.42,-0.1871,2.089,-93.43,-0.4073,0.447,-91.82,-2.494,0.1135,-83.2,0.5366,-1.118,-83.17,-0.9211,-1.272,-86.4,-1.598,-0.3281,2.449,7.811,-16.6,18.06,-41.5,-2.93,21.48,16.6,2.437,22.95,33.2,22.95,16.11,2.448,-4.881,39.08,15.14,5.862,24.4,54.69,22.47,8.286,6.845,-0.9809,5.381,5.381,15.14,-17.11,-9.285,2.444,-10.77,-4.392,-11.69,-0.3341,3.367,-3.382,6.339,21.94,-30.74,-5.346,20.49,6.85,9.705,5.817,-11.27,0.537,-0.02875,0.8329,0.1995,-0.6433,0.27,0.6552,-0.416,0.3896,0.3554,-0.5598,0.2829,-0.479,-0.4943,-0.5038,-0.7195,-0.2273,-0.48,-0.5136,-0.4638,-0.4746,0.7605,-0.09699,0.6391,0.6036,-0.0329,0.7957,0.4771,-0.5987,0.4681,0.5422,-0.5527,0.4506,0.02185,-0.2587,0.08228,-0.53,-0.5311,-0.4703,-0.5436,-0.54,-0.4796,-0.08155,-0.2346,-0.1828
0.82,-1.706,-0.4075,3.704,4.05,-0.3955,5.057,-0.2328,3.637,3.342,2.076,3.24,1.995,0.822,0.5719,-51.78,-34.08,-0.6523,-0.9497,-0.2653,1.105,50.41,35.89,0.4379,1.423,2.1,1.089,7.807,2.439,0.1817,1.47,-2.074,-0.5847,0.2637,0.8539,-1.623,-3.272,-76.82,-3.247,-0.8556,-25.06,0.02152,-0.02671,-25.06,-0.2116,-0.02686,14.53,0.5065,-0.4209,-110.9,-1.837,-0.4788,-111,1.8,-0.4789,-165.1,1.616,-2.845,-81.92,0.7587,-0.5285,-85.62,-0.9532,-0.05978,-93.42,-0.2334,2.092,-93.42,-0.4149,0.447,-91.81,-2.5,0.1135,-83.18,0.5173,-1.127,-83.15,-0.9513,-1.275,-86.41,-1.606,-0.332,-8.302,2.926,-16.11,-3.423,-39.07,6.84,2.943,0.4812,-1.954,15.12,36.14,21.48,5.87,10.26,3.421,33.69,20.51,8.787,18.54,47.38,22.47,6.824,21.49,17.08,-10.74,9.764,26.85,-14.16,-15.61,5.872,-24.92,11.73,-11.69,-15.7,-6.274,0.4611,-12.68,21.94,-22.95,-14.67,-24.94,19.02,-17.06,1.422,0,0.5371,-0.02838,0.8329,0.1998,-0.643,0.27,0.6547,-0.4162,0.3898,0.3545,-0.56,0.283,-0.4789,-0.4947,-0.5029,-0.7193,-0.2282,-0.4799,-0.5132,-0.4648,-0.4742,0.7608,-0.09656,0.6388,0.6037,-0.03278,0.7956,0.4767,-0.599,0.4682,0.5421,-0.5528,0.4506,0.02185,-0.2588,0.08228,-0.5299,-0.5312,-0.4704,-0.5436,-0.54,-0.4798,-0.08149,-0.2346,-0.1827
0.83,-1.725,-0.399,3.685,4.07,-0.3958,5.055,-0.3342,3.551,3.362,2.09,3.271,2.015,0.7813,0.5554,-51.79,-34.17,-0.6435,-0.9791,-0.2683,1.074,50.31,35.94,0.3797,1.393,2.076,1.109,7.802,2.496,0.1504,1.495,-2.074,-0.562,0.2631,0.8576,-1.628,-3.305,-76.86,-3.236,-0.8305,-25.09,0.05947,-0.003815,-25.09,-0.2746,-0.003893,14.59,0.4349,-0.4472,-111.1,-1.788,-0.4588,-111.1,1.762,-0.4589,-165.2,1.641,-2.771,-81.96,0.7917,-0.506,-85.63,-0.9383,-0.04692,-93.43,-0.2784,2.086,-93.43,-0.4302,0.448,-91.82,-2.517,0.1146,-83.14,0.5052,-1.135,-83.11,-0.9892,-1.287,-86.4,-1.622,-0.3385,1.463,2.442,-18.55,-1.454,-36.13,3.91,0,-3.424,16.12,7.827,36.62,21,0.9737,22.95,0.4928,22.94,29.29,18.55,16.11,49.81,28.32,-6.824,16.61,16.61,-7.325,14.17,11.23,12.69,-30.77,14.66,-7.846,10.73,-14.67,-1.336,1.53,-2.92,-25.41,9.79,-5.383,-10.69,-35.64,2.901,-14.7,-15.64,5.368,0.5372,-0.02802,0.8328,0.2002,-0.6428,0.27,0.6543,-0.4162,0.3901,0.3537,-0.56,0.283,-0.4787,-0.4952,-0.5021,-0.719,-0.2291,-0.4798,-0.5127,-0.4657,-0.4738,0.7611,-0.09619,0.6386,0.6038,-0.03259,0.7956,0.4765,-0.5993,0.4683,0.5421,-0.5528,0.4508,0.02185,-0.2589,0.08234,-0.5297,-0.5313,-0.4705,-0.5436,-0.5399,-0.4802,-0.08143,-0.2348,-0.1828
0.84,-1.745,-0.3925,3.671,4.097,-0.3843,5.023,-0.4062,3.467,3.387,2.103,3.303,2.034,0.7497,0.5375,-51.8,-34.23,-0.6462,-0.9948,-0.265,1.045,50.23,35.97,0.3226,1.382,2.06,1.117,7.82,2.525,0.1277,1.525,-2.059,-0.5598,0.2691,0.8439,-1.648,-3.326,-76.91,-3.237,-0.7983,-25.14,0.07864,0.02136,-25.14,-0.328,0.02141,14.63,0.3803,-0.4581,-111.2,-1.746,-0.4258,-111.2,1.721,-0.4258,-165.3,1.66,-2.688,-81.98,0.8204,-0.4872,-85.64,-0.9288,-0.03546,-93.46,-0.3246,2.088,-93.46,-0.453,0.4565,-91.83,-2.523,0.1157,-83.12,0.5028,-1.132,-83.09,-1.021,-1.294,-86.4,-1.653,-0.3562,14.66,0.9753,-20.01,-9.27,-35.64,5.369,-11.7,-11.72,21.48,8.293,39.06,14.16,-6.343,25.88,5.857,17.59,39.56,17.09,14.65,50.28,29.29,-2.437,12.69,18.06,-9.268,-1.953,18.56,5.852,-30.77,-6.348,7.846,6.838,-11.25,5.345,-7.345,9.837,-7.331,-1.485,24.41,1.479,-19.5,1.451,9.264,-6.851,-4.921,0.5373,-0.02753,0.8329,0.2006,-0.6426,0.2702,0.654,-0.416,0.3903,0.3532,-0.56,0.283,-0.4786,-0.4957,-0.5013,-0.7188,-0.2299,-0.4798,-0.5123,-0.4665,-0.4736,0.7613,-0.09595,0.6384,0.6038,-0.03247,0.7955,0.4764,-0.5994,0.4685,0.5421,-0.5527,0.451,0.02185,-0.259,0.0824,-0.5297,-0.5314,-0.4704,-0.5435,-0.5399,-0.4804,-0.08124,-0.235,-0.1829
0.85,-1.761,-0.3828,3.668,4.124,-0.3827,4.983,-0.4409,3.389,3.408,2.128,3.331,2.065,0.7214,0.5161,-51.79,-34.3,-0.6166,-1.005,-0.2642,1.013,50.15,36,0.2733,1.364,2.057,1.124,7.861,2.52,0.1164,1.55,-2.035,-0.5403,0.2764,0.835,-1.687,-3.328,-76.95,-3.241,-0.7747,-25.19,0.09702,0.03701,-25.19,-0.3437,0.03699,14.66,0.3288,-0.4563,-111.3,-1.699,-0.4018,-111.3,1.69,-0.4019,-165.4,1.672,-2.618,-81.98,0.8449,-0.4669,-85.64,-0.9192,-0.0254,-93.5,-0.3616,2.101,-93.5,-0.4778,0.4656,-91.83,-2.525,0.1157,-83.12,0.4955,-1.129,-83.09,-1.055,-1.304,-86.41,-1.669,-0.3745,18.07,-1.951,-7.816,-7.331,-34.18,5.369,-13.17,-7.81,20.02,2.931,33.7,6.344,-1.475,27.34,3.421,20.03,45.91,18.55,5.868,31.75,32.72,1.462,5.864,13.18,-2.435,-9.764,4.885,-3.887,-28.83,-9.776,4.846,24.4,-7.335,-2.339,-6.886,7.378,5.347,-10.74,20.02,10.69,-9.249,4.916,-5.882,13.7,11.27,0.5373,-0.02716,0.8329,0.201,-0.6424,0.2704,0.654,-0.4158,0.3905,0.3528,-0.5598,0.283,-0.4785,-0.4961,-0.5006,-0.7187,-0.2307,-0.4798,-0.5118,-0.4673,-0.4734,0.7614,-0.09583,0.6382,0.6039,-0.03241,0.7955,0.4766,-0.5992,0.469,0.5422,-0.5526,0.4513,0.02185,-0.259,0.0824,-0.5295,-0.5316,-0.4703,-0.5434,-0.5401,-0.4806,-0.08106,-0.2351,-0.1829
0.86,-1.781,-0.3839,3.664,4.155,-0.3798,4.943,-0.4463,3.335,3.438,2.138,3.363,2.079,0.7176,0.498,-51.78,-34.34,-0.5963,-1.012,-0.2576,0.984,50.09,36.03,0.237,1.346,2.062,1.122,7.893,2.519,0.1277,1.575,-2.013,-0.5208,0.2954,0.8376,-1.721,-3.32,-77,-3.245,-0.7549,-25.24,0.1017,0.06905,-25.24,-0.3444,0.06891,14.66,0.2878,-0.4254,-111.4,-1.669,-0.3751,-111.4,1.667,-0.3753,-165.4,1.688,-2.554,-81.99,0.8739,-0.4518,-85.64,-0.9099,-0.009837,-93.53,-0.3847,2.125,-93.53,-0.512,0.4788,-91.83,-2.538,0.108,-83.13,0.4846,-1.112,-83.09,-1.089,-1.314,-86.4,-1.685,-0.3816,14.66,-3.909,-0.9675,-6.847,-20.02,7.809,-16.12,-0.9809,19.53,-3.897,24.9,5.858,-0.9737,24.91,-3.421,19.54,39.56,28.32,5.382,34.19,22.95,6.336,0,13.67,6.834,-3.428,1.461,0.9829,-11.72,-13.68,-4.385,45.92,-10.75,6.682,1.989,2.459,8.764,-9.25,31.73,11.72,29.74,26.35,6.323,17.06,0,0.5373,-0.0268,0.833,0.2013,-0.6421,0.2707,0.6542,-0.4154,0.3905,0.3527,-0.5595,0.283,-0.4785,-0.4964,-0.5,-0.7186,-0.2314,-0.4798,-0.5115,-0.468,-0.4733,0.7616,-0.09571,0.638,0.604,-0.03229,0.7954,0.4769,-0.5988,0.4696,0.5422,-0.5525,0.4517,0.02191,-0.2591,0.0824,-0.5294,-0.5318,-0.4701,-0.5432,-0.5402,-0.4808,-0.081,-0.2352,-0.1829
0.87,-1.807,-0.3838,3.662,4.173,-0.3732,4.908,-0.4242,3.279,3.439,2.122,3.365,2.069,0.7124,0.4705,-51.76,-34.38,-0.5663,-1.012,-0.2477,0.9748,50.04,36.07,0.1986,1.314,2.078,1.12,7.929,2.501,0.1362,1.586,-1.978,-0.4981,0.3132,0.8276,-1.756,-3.305,-77.04,-3.23,-0.7351,-25.3,0.1009,0.09194,-25.3,-0.3232,0.09188,14.65,0.2594,-0.3845,-111.5,-1.638,-0.338,-111.5,1.642,-0.3382,-165.5,1.704,-2.501,-81.99,0.9085,-0.441,-85.64,-0.9004,2.16E-04,-93.57,-0.409,2.155,-93.57,-0.5463,0.4985,-91.83,-2.538,0.108,-83.14,0.4629,-1.101,-83.11,-1.123,-1.316,-86.4,-1.695,-0.3934,4.39,-0.4918,-13.68,-3.423,-10.26,6.84,-9.774,12.22,19.53,0,21.48,-0.4857,-6.343,21.48,-6.35,19.04,30.27,29.3,4.896,34.19,20.5,12.22,3.902,7.805,5.852,-1.953,4.885,-14.65,0,0,-13.69,28.29,21.01,5.011,4.438,-15.68,12.18,7.292,15.63,-2.389,37.63,30.3,-9.705,10.73,1.968,0.5374,-0.02649,0.8329,0.2016,-0.6418,0.2711,0.6545,-0.4151,0.3905,0.3527,-0.5592,0.283,-0.4785,-0.4968,-0.4995,-0.7184,-0.232,-0.4798,-0.5113,-0.4685,-0.4732,0.7618,-0.09565,0.6378,0.604,-0.03223,0.7953,0.4775,-0.5981,0.4704,0.5422,-0.5524,0.4521,0.02191,-0.2591,0.0824,-0.5293,-0.532,-0.4701,-0.543,-0.5404,-0.4809,-0.08088,-0.2353,-0.1829
0.88,-1.84,-0.3712,3.655,4.205,-0.3659,4.884,-0.3747,3.248,3.44,2.11,3.364,2.058,0.7235,0.4643,-51.75,-34.4,-0.5496,-1.015,-0.2311,0.9554,50.03,36.09,0.1745,1.298,2.093,1.112,7.925,2.505,0.1589,1.597,-1.945,-0.4884,0.3195,0.8329,-1.763,-3.294,-77.08,-3.224,-0.7104,-25.35,0.07551,0.1171,-25.35,-0.2992,0.1168,14.62,0.2454,-0.3336,-111.5,-1.625,-0.309,-111.5,1.622,-0.309,-165.5,1.72,-2.449,-82,0.9473,-0.4264,-85.65,-0.8948,0.00173,-93.57,-0.4251,2.174,-93.58,-0.5844,0.5048,-91.83,-2.544,0.108,-83.15,0.4508,-1.091,-83.11,-1.148,-1.322,-86.4,-1.708,-0.3934,-4.898,12.2,-13.18,6.847,0.4819,19.53,1.962,27.84,9.771,1.965,20.02,2.934,-12.21,13.67,-9.762,16.1,26.86,27.34,-0.4859,28.81,24.41,11.25,2.921,-10.26,-7.325,-4.882,14.15,-5.361,12.69,-6.824,-4.846,27.85,-0.4964,-17.04,12.24,16.14,2.921,15.12,-5.383,-3.412,41.98,6.366,-3.382,7.756,20.49,0.5374,-0.02612,0.8329,0.2017,-0.6416,0.2716,0.6548,-0.4148,0.3905,0.353,-0.5588,0.2831,-0.4784,-0.4972,-0.4991,-0.7184,-0.2326,-0.4798,-0.5111,-0.469,-0.4731,0.762,-0.09546,0.6375,0.6041,-0.03217,0.7953,0.4782,-0.5975,0.4712,0.542,-0.5525,0.4523,0.02191,-0.2592,0.0824,-0.5293,-0.5321,-0.4701,-0.5428,-0.5405,-0.481,-0.08087,-0.2354,-0.183
0.89,-1.834,-0.3599,3.639,4.194,-0.3472,4.881,-0.3229,3.226,3.428,2.099,3.351,2.045,0.7251,0.4705,-51.73,-34.45,-0.5381,-1.035,-0.2082,0.929,50.01,36.14,0.1449,1.279,2.112,1.112,7.929,2.522,0.1873,1.611,-1.903,-0.471,0.3068,0.8507,-1.769,-3.311,-77.11,-3.21,-0.6832,-25.4,0.05438,0.1362,-25.4,-0.2691,0.1363,14.59,0.2445,-0.2763,-111.6,-1.613,-0.291,-111.6,1.613,-0.291,-165.5,1.75,-2.404,-82.03,0.9513,-0.4182,-85.66,-0.8849,-0.00227,-93.58,-0.4413,2.192,-93.59,-0.6281,0.508,-91.83,-2.546,0.1233,-83.14,0.4423,-1.096,-83.1,-1.169,-1.331,-86.4,-1.714,-0.3843,-13.17,12.7,-8.783,6.362,0,14.16,8.793,36.63,8.299,15.62,18.55,0.4857,-7.317,19.05,-4.398,13.19,15.62,26.86,0.9717,22.94,34.66,0,0,17.08,-5.852,-7.811,7.328,-1.474,13.66,-9.776,3.923,-3.388,6.839,6.013,-4.897,7.378,0.9922,24.91,-0.4722,-5.915,22.49,1.934,10.29,0,8.768,0.5376,-0.02582,0.8329,0.2018,-0.6414,0.272,0.6551,-0.4144,0.3903,0.3534,-0.5584,0.283,-0.4783,-0.4975,-0.4987,-0.7184,-0.2331,-0.4797,-0.511,-0.4694,-0.473,0.762,-0.09528,0.6375,0.6042,-0.03217,0.7953,0.479,-0.5966,0.472,0.5419,-0.5526,0.4525,0.02179,-0.2592,0.08246,-0.5292,-0.5322,-0.4701,-0.5428,-0.5405,-0.4812,-0.08093,-0.2355,-0.1829
0.9,-1.83,-0.3574,3.644,4.21,-0.3272,4.86,-0.2702,3.195,3.446,2.099,3.368,2.047,0.7323,0.4622,-51.71,-34.48,-0.5355,-1.055,-0.1898,0.9175,49.99,36.15,0.1163,1.248,2.12,1.118,7.919,2.551,0.1987,1.614,-1.881,-0.4624,0.3192,0.8555,-1.769,-3.337,-77.13,-3.222,-0.6585,-25.44,0.03286,0.1606,-25.44,-0.2369,0.1604,14.57,0.2506,-0.2191,-111.7,-1.602,-0.2579,-111.7,1.594,-0.2578,-165.6,1.786,-2.357,-82.03,0.9566,-0.4136,-85.67,-0.8752,-6.49E-04,-93.58,-0.4598,2.204,-93.59,-0.6586,0.5197,-91.83,-2.555,0.1222,-83.12,0.4218,-1.101,-83.08,-1.192,-1.334,-86.41,-1.728,-0.3803,3.912,10.74,-12.2,12.21,12.7,25.39,12.68,50.29,10.74,15.12,16.1,3.42,8.291,19.05,-8.302,19.04,12.7,20.99,14.16,23.44,20.99,-4.387,-4.883,24.91,-15.14,-12.22,16.6,5.852,11.23,-13.17,20.54,-34.19,3.916,-10.36,-11.17,-3.843,0.9922,42.47,-1.464,-1.024,8.342,-2.418,-3.382,10.73,1.968,0.5375,-0.02551,0.8329,0.2019,-0.6412,0.2724,0.6554,-0.4142,0.39,0.3538,-0.558,0.2829,-0.4782,-0.4978,-0.4984,-0.7183,-0.2337,-0.4797,-0.5109,-0.47,-0.4727,0.7621,-0.09522,0.6375,0.6042,-0.03211,0.7952,0.4798,-0.596,0.4727,0.5417,-0.5527,0.4527,0.02179,-0.2592,0.08246,-0.5289,-0.5325,-0.4701,-0.5428,-0.5405,-0.4814,-0.08094,-0.2356,-0.1829
0.91,-1.824,-0.3559,3.648,4.25,-0.298,4.832,-0.2103,3.184,3.461,2.106,3.383,2.052,0.7271,0.4769,-51.72,-34.49,-0.52,-1.073,-0.1684,0.9013,49.97,36.15,0.06475,1.21,2.136,1.124,7.902,2.576,0.2044,1.622,-1.864,-0.4494,0.3325,0.8607,-1.763,-3.351,-77.17,-3.243,-0.6232,-25.47,0.005477,0.1747,-25.47,-0.2047,0.1748,14.56,0.2511,-0.1663,-111.7,-1.604,-0.2309,-111.7,1.58,-0.231,-165.6,1.819,-2.315,-82.04,0.976,-0.4086,-85.68,-0.85,0.001297,-93.58,-0.484,2.225,-93.58,-0.689,0.5324,-91.83,-2.567,0.1222,-83.1,0.4097,-1.106,-83.07,-1.21,-1.333,-86.41,-1.734,-0.3725,10.24,5.368,1.461,11.72,8.795,16.11,3.433,36.63,9.771,1.965,18.55,-1.953,9.765,11.72,-8.302,21.98,6.831,24.41,21.49,26.85,16.59,-11.74,-6.845,33.2,-0.9821,-11.72,2.443,4.87,11.72,-6.824,11.69,-39.08,-8.769,4.343,-8.263,-3.843,-0.4961,48.82,15.16,-5.915,-9.793,-3.868,-7.352,-6.851,-6.352,0.5374,-0.02509,0.833,0.2019,-0.641,0.2727,0.6556,-0.4141,0.3897,0.354,-0.5577,0.2827,-0.4781,-0.4981,-0.4981,-0.7183,-0.2342,-0.4796,-0.5108,-0.4705,-0.4725,0.7622,-0.09516,0.6374,0.6044,-0.03205,0.7951,0.4803,-0.5954,0.4734,0.5415,-0.5528,0.4529,0.02179,-0.2593,0.08246,-0.5286,-0.5327,-0.4699,-0.5428,-0.5405,-0.4815,-0.081,-0.2357,-0.1829
0.92,-1.839,-0.3631,3.662,4.29,-0.2797,4.8,-0.159,3.158,3.478,2.106,3.399,2.052,0.738,0.4756,-51.73,-34.51,-0.5258,-1.087,-0.1533,0.873,49.95,36.14,0.01866,1.182,2.14,1.135,7.907,2.595,0.1987,1.631,-1.854,-0.4418,0.3542,0.8555,-1.781,-3.352,-77.2,-3.253,-0.6022,-25.49,-0.01643,0.198,-25.49,-0.1753,0.1978,14.57,0.2642,-0.1145,-111.8,-1.6,-0.2062,-111.8,1.558,-0.2061,-165.7,1.839,-2.254,-82.04,1.006,-0.4078,-85.69,-0.8349,0.00854,-93.59,-0.5129,2.24,-93.6,-0.7119,0.5484,-91.83,-2.582,0.1146,-83.1,0.3964,-1.11,-83.06,-1.231,-1.335,-86.41,-1.75,-0.3797,0,8.302,14.64,0.4847,3.907,15.63,-4.87,16.12,0.9771,-2.431,15.63,1.953,7.317,4.401,-7.326,17.59,-1.459,4.399,15.62,23.94,19.04,1.95,-12.2,0.4905,2.435,-13.67,10.75,-10.28,1.945,15.14,1.462,-25.41,-7.831,-1.002,0,8.3,-8.323,33.69,19.55,-13.65,-11.7,5.883,0,-2.456,-4.384,0.5373,-0.02478,0.8331,0.2019,-0.6408,0.273,0.6557,-0.4141,0.3892,0.3543,-0.5575,0.2824,-0.478,-0.4985,-0.4978,-0.7182,-0.2347,-0.4797,-0.5105,-0.4712,-0.4723,0.7624,-0.09516,0.6372,0.6045,-0.03192,0.795,0.4805,-0.5951,0.4739,0.5415,-0.5528,0.4532,0.02185,-0.2595,0.08246,-0.5283,-0.533,-0.4698,-0.5427,-0.5406,-0.4816,-0.08093,-0.2358,-0.1829
0.93,-1.849,-0.3603,3.666,4.31,-0.2567,4.787,-0.1157,3.115,3.492,2.103,3.412,2.05,0.7454,0.4748,-51.75,-34.55,-0.5438,-1.085,-0.1437,0.8606,49.92,36.13,-0.01207,1.15,2.144,1.132,7.948,2.624,0.2015,1.631,-1.84,-0.4288,0.3651,0.8518,-1.832,-3.372,-77.22,-3.255,-0.5727,-25.48,-0.03834,0.2297,-25.48,-0.1541,0.2297,14.59,0.2782,-0.06727,-111.8,-1.587,-0.1775,-111.8,1.529,-0.1772,-165.7,1.842,-2.201,-82.04,1.025,-0.4028,-85.7,-0.8252,0.01016,-93.64,-0.5314,2.248,-93.65,-0.7328,0.5611,-91.83,-2.59,0.1135,-83.08,0.3759,-1.106,-83.04,-1.254,-1.337,-86.41,-1.758,-0.3849,-14.15,11.23,20.01,-7.331,4.389,10.74,-4.379,8.791,2.437,-6.828,13.18,6.344,14.16,15.14,8.302,21.49,-4.89,7.324,5.382,23.94,11.71,11.25,-15.14,-19.04,13.67,-5.381,2.922,5.361,-2.918,26.38,-14.62,2.447,-14.17,0,3.367,-4.919,-5.843,20.53,12.7,-4.436,-7.345,0.4835,-14.12,0,6.8,0.5373,-0.02448,0.8331,0.2017,-0.6407,0.2731,0.6557,-0.4142,0.3888,0.3544,-0.5574,0.282,-0.4779,-0.4988,-0.4975,-0.718,-0.2353,-0.4797,-0.51,-0.4718,-0.4721,0.7625,-0.0951,0.637,0.6046,-0.03186,0.795,0.4806,-0.5951,0.4741,0.5416,-0.5526,0.4535,0.02185,-0.2595,0.08246,-0.5282,-0.5331,-0.4699,-0.5427,-0.5406,-0.4818,-0.08088,-0.2359,-0.1829
0.94,-1.864,-0.3585,3.66,4.319,-0.2578,4.794,-0.04774,3.063,3.499,2.088,3.411,2.038,0.7839,0.4544,-51.78,-34.6,-0.5513,-1.086,-0.1437,0.8609,49.91,36.13,-0.02963,1.128,2.136,1.127,7.987,2.654,0.2072,1.628,-1.819,-0.4039,0.3856,0.8565,-1.882,-3.381,-77.24,-3.256,-0.5647,-25.46,-0.0759,0.2575,-25.46,-0.1232,0.2573,14.63,0.2913,-0.02636,-111.9,-1.58,-0.1462,-111.9,1.482,-0.1463,-165.8,1.841,-2.145,-82.06,1.034,-0.3945,-85.72,-0.8297,0.01697,-93.7,-0.5522,2.252,-93.7,-0.7595,0.5701,-91.84,-2.596,0.1004,-83.06,0.3493,-1.095,-83.03,-1.279,-1.351,-86.4,-1.76,-0.3934,-10.75,23.44,15.14,-11.72,8.296,2.93,-15.63,-1.462,4.391,-9.758,11.72,4.887,16.11,25.88,-5.857,12.2,-4.89,-0.4838,4.896,34.66,21.98,13.2,0,-14.16,3.417,8.787,20.5,2.457,5.88,4.38,-4.846,40.03,14.67,3.007,0.4591,6.763,0,19.04,-3.4,4.436,-2.902,19.5,-10.73,4.912,3.937,0.5373,-0.02435,0.8331,0.2013,-0.6405,0.2732,0.6558,-0.4142,0.3883,0.3545,-0.5573,0.2816,-0.4778,-0.4992,-0.4971,-0.7177,-0.236,-0.4798,-0.5096,-0.4724,-0.472,0.7625,-0.09491,0.637,0.6046,-0.03174,0.795,0.4805,-0.5951,0.4743,0.5417,-0.5524,0.4539,0.02197,-0.2596,0.08246,-0.5284,-0.5331,-0.4701,-0.5426,-0.5405,-0.482,-0.08081,-0.2359,-0.183
0.95,-1.853,-0.3579,3.644,4.308,-0.248,4.812,0,2.999,3.499,2.086,3.407,2.04,0.7964,0.4372,-51.82,-34.65,-0.5624,-1.089,-0.1312,0.8501,49.89,36.11,-0.06145,1.1,2.131,1.121,8.005,2.673,0.2129,1.622,-1.792,-0.3931,0.3955,0.8534,-1.904,-3.386,-77.24,-3.25,-0.5525,-25.44,-0.09507,0.2732,-25.44,-0.09518,0.2733,14.67,0.3135,0.01636,-111.9,-1.558,-0.1245,-111.9,1.44,-0.1244,-165.9,1.836,-2.087,-82.09,1.029,-0.3919,-85.73,-0.8254,0.01838,-93.73,-0.5788,2.252,-93.73,-0.7918,0.5829,-91.84,-2.603,0.1015,-83.05,0.3251,-1.088,-83.02,-1.297,-1.357,-86.4,-1.768,-0.4006,-9.765,12.2,11.72,-16.12,10.26,6.35,-22.46,0,6.84,-13.19,7.327,8.297,2.448,19.53,0.9762,7.804,3.415,6.345,0,28.31,25.38,10.24,8.295,-16.61,3.908,6.834,14.15,-4.378,16.09,-4.38,-4.846,52.26,15.61,3.341,-9.335,1.998,2.921,6.347,-25.41,17.06,14.69,-2.418,-7.352,6.334,1.968,0.5374,-0.02423,0.8331,0.2011,-0.6405,0.2732,0.6559,-0.4143,0.3879,0.3545,-0.5573,0.281,-0.4778,-0.4994,-0.4967,-0.7174,-0.2368,-0.4798,-0.5091,-0.4731,-0.4719,0.7625,-0.09473,0.637,0.6046,-0.03168,0.795,0.4807,-0.5949,0.4746,0.5417,-0.5524,0.4542,0.02197,-0.2596,0.08252,-0.5287,-0.5329,-0.4705,-0.5426,-0.5406,-0.4821,-0.08075,-0.2359,-0.1831
0.96,-1.828,-0.3523,3.632,4.278,-0.2533,4.836,0.07341,2.914,3.481,2.083,3.385,2.042,0.8137,0.4101,-51.83,-34.71,-0.546,-1.088,-0.1032,0.8408,49.86,36.11,-0.08999,1.073,2.117,1.144,7.993,2.69,0.2242,1.622,-1.765,-0.3898,0.4052,0.8649,-1.9,-3.386,-77.24,-3.242,-0.5418,-25.42,-0.1248,0.2804,-25.42,-0.05135,0.2803,14.72,0.3262,0.07817,-112,-1.527,-0.09844,-112,1.387,-0.09823,-165.9,1.826,-2.02,-82.11,1.008,-0.3745,-85.73,-0.8201,0.02962,-93.72,-0.603,2.252,-93.73,-0.8261,0.5919,-91.84,-2.611,0.1015,-83.04,0.3058,-1.101,-83.01,-1.314,-1.361,-86.39,-1.783,-0.3934,-3.912,6.344,9.769,-16.6,13.67,2.44,-25.89,9.772,0,-15.12,-1.47,-2.934,0.9737,21,6.833,8.794,14.66,0,2.429,34.66,16.59,2.924,6.845,11.73,9.268,-0.499,17.58,-6.835,18.57,-15.14,6.846,56.65,7.831,-13.7,-1.989,0,13.17,8.305,-16.1,12.74,18.04,3.868,4.853,7.756,0,0.5374,-0.02417,0.833,0.2008,-0.6405,0.2733,0.6559,-0.4144,0.3874,0.3546,-0.5572,0.2804,-0.4779,-0.4997,-0.4963,-0.7171,-0.2376,-0.4799,-0.5086,-0.4737,-0.4719,0.7624,-0.09449,0.6372,0.6046,-0.03156,0.795,0.481,-0.5947,0.475,0.5415,-0.5525,0.4544,0.02197,-0.2597,0.08252,-0.5288,-0.5327,-0.4708,-0.5425,-0.5406,-0.4823,-0.08081,-0.236,-0.1831
0.97,-1.823,-0.3441,3.631,4.238,-0.2571,4.863,0.1356,2.825,3.457,2.074,3.355,2.039,0.8357,0.3812,-51.84,-34.77,-0.5337,-1.103,-0.07813,0.8249,49.84,36.1,-0.08999,1.07,2.13,1.153,7.954,2.701,0.2498,1.625,-1.737,-0.3887,0.4245,0.8649,-1.864,-3.389,-77.23,-3.217,-0.5377,-25.39,-0.1494,0.2911,-25.39,-0.01369,0.2912,14.77,0.3354,0.1354,-112,-1.492,-0.08142,-112,1.334,-0.08163,-166,1.822,-1.952,-82.12,0.9925,-0.3659,-85.74,-0.83,0.0307,-93.69,-0.6123,2.267,-93.7,-0.8623,0.6046,-91.85,-2.617,0.09602,-83.04,0.2925,-1.11,-83.01,-1.333,-1.367,-86.39,-1.799,-0.398,-3.912,3.909,-3.908,-11.72,13.67,-2.44,-26.38,14.64,0,-13.19,-10.74,-0.4857,4.897,11.24,5.374,3.407,20.03,4.883,0,23.44,21.98,-0.4874,3.412,26.85,1.473,-8.31,15.62,-13.67,27.81,0,-16.62,35.13,-9.762,0.3341,6.886,-11.22,4.906,5.874,-4.392,-10.69,21.49,1.451,0,3.878,2.952,0.5376,-0.02423,0.8329,0.2004,-0.6405,0.2733,0.6561,-0.4145,0.3869,0.3546,-0.5571,0.2799,-0.478,-0.4998,-0.4959,-0.7168,-0.2382,-0.4801,-0.5082,-0.4743,-0.4719,0.7624,-0.09436,0.6373,0.6046,-0.0315,0.795,0.4812,-0.5945,0.4753,0.5412,-0.5527,0.4545,0.02203,-0.2598,0.08258,-0.5287,-0.5327,-0.4709,-0.5424,-0.5406,-0.4824,-0.08076,-0.2362,-0.1831
0.98,-1.828,-0.3322,3.639,4.219,-0.2582,4.867,0.2054,2.727,3.448,2.089,3.339,2.06,0.8645,0.3505,-51.85,-34.81,-0.5222,-1.112,-0.0597,0.7988,49.82,36.1,-0.06804,1.07,2.151,1.165,7.914,2.724,0.2952,1.622,-1.714,-0.3887,0.4441,0.8633,-1.83,-3.414,-77.21,-3.209,-0.5292,-25.37,-0.1835,0.3083,-25.37,0.02191,0.3083,14.82,0.3402,0.19,-112.1,-1.445,-0.06507,-112.1,1.282,-0.06504,-166,1.814,-1.873,-82.11,0.9827,-0.3555,-85.74,-0.8453,0.03038,-93.65,-0.6042,2.286,-93.66,-0.9003,0.6137,-91.85,-2.632,0.0862,-83.02,0.278,-1.122,-82.99,-1.345,-1.365,-86.39,-1.813,-0.3967,-0.9855,5.86,-5.368,-12.69,19.04,9.279,-20.99,20.51,-0.9771,-7.827,-5.858,-0.4857,8.291,10.26,1.469,8.794,21.97,2.925,-0.4859,32.72,13.67,0,-3.902,25.4,3.417,-8.787,13.17,-21.49,27.81,19.04,-21,26.35,0.4964,-1.336,3.367,0,-2.921,9.79,21.49,-3.412,21.49,6.366,1.47,8.79,2.952,0.5377,-0.02423,0.8328,0.2001,-0.6404,0.2733,0.6561,-0.4146,0.3863,0.3546,-0.557,0.2793,-0.4782,-0.4998,-0.4956,-0.7165,-0.2388,-0.4803,-0.5078,-0.4748,-0.472,0.7623,-0.09436,0.6374,0.6045,-0.0315,0.7951,0.4812,-0.5943,0.4754,0.5408,-0.553,0.4546,0.0221,-0.2599,0.08252,-0.5285,-0.5328,-0.471,-0.5425,-0.5406,-0.4825,-0.08075,-0.2363,-0.1831
0.99,-1.847,-0.3207,3.658,4.215,-0.2633,4.88,0.2522,2.636,3.454,2.108,3.336,2.083,0.8946,0.3257,-51.85,-34.86,-0.52,-1.113,-0.04017,0.7747,49.79,36.11,-0.02853,1.08,2.149,1.162,7.868,2.749,0.3463,1.617,-1.687,-0.3931,0.4507,0.8691,-1.797,-3.421,-77.19,-3.207,-0.5233,-25.35,-0.212,0.3304,-25.35,0.0404,0.3305,14.87,0.338,0.2382,-112.1,-1.407,-0.05272,-112.1,1.229,-0.05276,-166,1.793,-1.799,-82.1,0.9824,-0.3447,-85.76,-0.8649,0.03124,-93.62,-0.5869,2.282,-93.63,-0.9346,0.6259,-91.85,-2.64,0.09275,-83,0.2683,-1.12,-82.97,-1.347,-1.366,-86.38,-1.819,-0.3908,-4.39,11.23,0.4932,-2.454,11.72,3.91,-13.66,24.41,0.4827,-7.827,-7.327,7.811,2.448,0,-0.9762,-1.456,2.934,0.9788,2.429,25.38,20.5,0,-16.12,13.18,-2.926,-16.12,10.75,3.44,25.86,17.58,-0.4615,15.12,-12.19,-10.36,10.71,19.52,-16.59,0,23.42,-8.758,17.59,7.334,7.352,3.878,0,0.5377,-0.02429,0.8328,0.1998,-0.6403,0.2734,0.656,-0.4149,0.3858,0.3546,-0.5569,0.2788,-0.4784,-0.4999,-0.4953,-0.7163,-0.2391,-0.4807,-0.5074,-0.4752,-0.4723,0.7623,-0.09436,0.6374,0.6043,-0.03143,0.7952,0.481,-0.5945,0.4751,0.5405,-0.5533,0.4546,0.02203,-0.26,0.08252,-0.5284,-0.5329,-0.4709,-0.5426,-0.5405,-0.4826,-0.08081,-0.2363,-0.1832
1,-1.872,-0.3088,3.668,4.217,-0.2637,4.897,0.2891,2.54,3.47,2.13,3.346,2.109,0.9234,0.3004,-51.83,-34.92,-0.5218,-1.122,-0.03649,0.7355,49.73,36.15,0.01756,1.077,2.137,1.153,7.849,2.773,0.4116,1.611,-1.661,-0.3714,0.4541,0.8644,-1.78,-3.441,-77.17,-3.209,-0.518,-25.34,-0.2343,0.3571,-25.34,0.05478,0.357,14.93,0.3332,0.2718,-112.1,-1.37,-0.04038,-112.1,1.17,-0.04049,-166,1.779,-1.705,-82.1,0.9824,-0.3393,-85.76,-0.8901,0.02638,-93.6,-0.5684,2.262,-93.61,-0.9822,0.636,-91.85,-2.661,0.1004,-82.99,0.2417,-1.116,-82.95,-1.369,-1.368,-86.38,-1.819,-0.3973,0.9855,14.65,8.309,2.454,18.55,3.91,0.4905,16.6,-10.74,-1.465,-11.24,9.764,7.818,-7.812,3.421,10.25,-2.934,-3.904,-0.4859,21.97,3.909,-1.462,-12.2,2.431,-8.307,-19.53,19.04,14.65,21,-10.73,7.846,28.29,-14.17,-6.013,0.9181,5.38,-20.01,1.958,18.56,-9.327,4.897,7.817,4.853,10.73,-10.74,0.5377,-0.02435,0.8328,0.1996,-0.6402,0.2735,0.6559,-0.4151,0.3853,0.3544,-0.5569,0.2783,-0.4786,-0.4999,-0.495,-0.7162,-0.2395,-0.4811,-0.5071,-0.4757,-0.4727,0.7623,-0.09436,0.6374,0.6042,-0.03143,0.7953,0.4809,-0.5947,0.4748,0.5402,-0.5535,0.4549,0.02197,-0.2601,0.08258,-0.5283,-0.5331,-0.471,-0.5426,-0.5405,-0.4828,-0.08075,-0.2363,-0.1832
1.01,-1.883,-0.314,3.683,4.208,-0.259,4.903,0.3013,2.422,3.486,2.167,3.359,2.15,0.9349,0.2655,-51.84,-34.96,-0.5152,-1.135,-0.03722,0.7082,49.68,36.17,0.06036,1.076,2.119,1.153,7.814,2.8,0.4797,1.606,-1.637,-0.3508,0.4637,0.857,-1.754,-3.447,-77.16,-3.21,-0.5144,-25.33,-0.2379,0.3765,-25.33,0.06368,0.3765,14.99,0.3201,0.2909,-112.2,-1.314,-0.03103,-112.2,1.108,-0.03119,-166,1.763,-1.622,-82.1,0.9726,-0.3396,-85.77,-0.9099,0.03275,-93.58,-0.5499,2.247,-93.6,-1.028,0.646,-91.86,-2.684,0.1004,-82.97,0.22,-1.111,-82.94,-1.384,-1.37,-86.38,-1.813,-0.4065,15.62,17.09,5.862,1.939,16.61,1.949,-3.889,1.962,-13.67,0.9658,-12.21,-2.438,8.291,-19.53,-12.21,7.804,-18.07,-10.25,1.943,10.75,4.882,9.748,-12.69,17.57,-6.343,-19.05,16.6,14.16,9.285,-18.06,18.54,22.96,-13.18,-15.03,4.438,1.998,-21,-7.832,-6.328,-12.17,-14.15,2.901,-11.76,11.25,0,0.5377,-0.02435,0.8328,0.1995,-0.6401,0.2735,0.6557,-0.4154,0.3848,0.3541,-0.5569,0.2779,-0.4789,-0.4999,-0.4946,-0.716,-0.2398,-0.4816,-0.5067,-0.4762,-0.473,0.7622,-0.09436,0.6374,0.604,-0.03131,0.7954,0.4809,-0.5948,0.4745,0.5399,-0.5537,0.455,0.02197,-0.2603,0.08265,-0.5282,-0.5332,-0.471,-0.5426,-0.5405,-0.4829,-0.08069,-0.2363,-0.1832
1.02,-1.909,-0.3217,3.71,4.215,-0.2582,4.9,0.2999,2.299,3.509,2.211,3.382,2.198,0.9383,0.2341,-51.85,-35.02,-0.5147,-1.152,-0.03796,0.6751,49.65,36.21,0.1032,1.086,2.095,1.164,7.764,2.801,0.5421,1.606,-1.617,-0.3335,0.4652,0.8549,-1.721,-3.435,-77.15,-3.217,-0.5074,-25.31,-0.2367,0.3952,-25.3,0.06299,0.3952,15.05,0.3074,0.3045,-112.2,-1.26,-0.02169,-112.2,1.04,-0.02157,-166,1.749,-1.528,-82.08,0.9726,-0.3334,-85.79,-0.9354,0.04886,-93.55,-0.5349,2.237,-93.56,-1.077,0.6588,-91.85,-2.713,0.1124,-82.98,0.2055,-1.106,-82.95,-1.401,-1.368,-86.38,-1.813,-0.4065,9.765,3.909,2.447,-2.454,23.44,-7.319,6.341,1.962,-3.908,-2.431,-15.63,-1.953,17.08,-12.69,-0.4928,7.338,-29.29,-19.05,2.429,10.75,-0.4864,6.336,-27.83,19.53,-11.23,-11.72,22.94,24.88,16.09,-5.364,11.23,0.5019,15.11,5.345,-15.15,9.223,-5.347,1.485,-1.936,-1.934,-26.84,-3.868,-20.44,-19,10.74,0.5376,-0.02435,0.8328,0.1993,-0.64,0.2733,0.6554,-0.4157,0.3845,0.3538,-0.557,0.2775,-0.4791,-0.4999,-0.4941,-0.7157,-0.2402,-0.4821,-0.5063,-0.4767,-0.4734,0.7622,-0.09442,0.6374,0.6039,-0.03113,0.7956,0.4809,-0.5949,0.4743,0.5395,-0.5541,0.4552,0.02185,-0.2606,0.08265,-0.5282,-0.5334,-0.471,-0.5425,-0.5406,-0.4829,-0.08069,-0.2363,-0.1832
1.03,-1.901,-0.3322,3.716,4.211,-0.2564,4.917,0.2887,2.163,3.537,2.268,3.413,2.259,0.9328,0.2017,-51.86,-35.1,-0.5081,-1.164,-0.03759,0.6455,49.61,36.26,0.1361,1.084,2.061,1.171,7.712,2.8,0.6017,1.609,-1.592,-0.3216,0.4722,0.8413,-1.675,-3.421,-77.14,-3.234,-0.4977,-25.28,-0.2316,0.4082,-25.28,0.05683,0.4084,15.11,0.2873,0.3109,-112.3,-1.2,-0.01034,-112.3,0.9626,-0.01029,-166,1.725,-1.428,-82.08,0.9526,-0.324,-85.8,-0.9459,0.06962,-93.5,-0.5164,2.22,-93.52,-1.117,0.6784,-91.86,-2.728,0.1277,-82.99,0.1922,-1.093,-82.96,-1.415,-1.362,-86.37,-1.815,-0.415,2.927,6.344,11.23,-1.454,23.92,0.9804,-5.851,-3.905,-14.64,-4.396,-19.04,-1.953,17.58,-20.51,-13.68,0,-29.29,-6.345,8.783,5.845,1.946,7.798,-22.45,27.83,-1.944,-14.65,14.15,-0.4914,-7.826,-9.268,14.62,-26.85,2.427,7.684,-15.61,4.919,10.75,0,-11.24,11.72,-26.39,4.916,-16.62,-7.756,14.14,0.5375,-0.02435,0.8328,0.1992,-0.6399,0.2732,0.6552,-0.4159,0.3842,0.3534,-0.557,0.2772,-0.4793,-0.5,-0.4936,-0.7154,-0.2407,-0.4826,-0.5058,-0.4773,-0.4737,0.7621,-0.09436,0.6375,0.6038,-0.03095,0.7956,0.481,-0.5949,0.4741,0.539,-0.5543,0.4553,0.02173,-0.2607,0.0827,-0.528,-0.5336,-0.4709,-0.5424,-0.5407,-0.4829,-0.08063,-0.2363,-0.1833
1.04,-1.892,-0.3286,3.728,4.197,-0.2752,4.944,0.2675,2.013,3.561,2.31,3.438,2.305,0.929,0.1565,-51.86,-35.2,-0.5046,-1.182,-0.0328,0.62,49.59,36.31,0.1602,1.091,2.031,1.18,7.658,2.812,0.6556,1.617,-1.569,-0.3248,0.4854,0.8303,-1.644,-3.423,-77.11,-3.241,-0.4988,-25.25,-0.216,0.42,-25.25,0.05135,0.4201,15.16,0.2712,0.32,-112.3,-1.143,0.005339,-112.3,0.8696,0.00531,-166.1,1.701,-1.318,-82.08,0.9324,-0.3048,-85.81,-0.9559,0.08605,-93.46,-0.506,2.204,-93.48,-1.161,0.6944,-91.85,-2.75,0.1309,-82.99,0.1873,-1.086,-82.96,-1.43,-1.363,-86.38,-1.833,-0.4261,-0.4778,-1.467,8.309,-2.454,15.63,2.44,-1.962,-2.443,-18.55,2.431,-14.16,-6.344,19.03,-22.95,-6.833,1.951,-22.46,-8.303,3.924,-8.312,-5.369,8.286,-7.805,38.58,5.381,-1.475,18.56,-7.327,-13.18,-20.98,6.846,-40.03,8.769,3.007,-11.17,1.998,25.85,8.305,-0.9917,21.95,-7.345,-3.385,-13.23,-3.361,5.368,0.5374,-0.02448,0.8329,0.1992,-0.6399,0.2729,0.6551,-0.416,0.3841,0.3531,-0.5571,0.2769,-0.4794,-0.5002,-0.4929,-0.715,-0.2414,-0.4831,-0.5053,-0.4779,-0.4741,0.762,-0.09424,0.6377,0.6037,-0.03076,0.7957,0.4811,-0.5949,0.474,0.5386,-0.5547,0.4554,0.02167,-0.2609,0.08264,-0.5279,-0.5338,-0.4707,-0.5423,-0.5408,-0.4829,-0.08051,-0.2364,-0.1833
1.05,-1.897,-0.3306,3.714,4.206,-0.2909,4.986,0.2464,1.857,3.578,2.368,3.456,2.365,0.9274,0.1262,-51.89,-35.32,-0.5028,-1.218,-0.0269,0.5739,49.59,36.36,0.1668,1.084,2.01,1.185,7.622,2.802,0.6982,1.625,-1.554,-0.3227,0.4966,0.836,-1.614,-3.412,-77.09,-3.249,-0.4999,-25.2,-0.2077,0.4265,-25.2,0.03834,0.4267,15.21,0.2554,0.3227,-112.4,-1.083,0.001001,-112.4,0.7743,9.96E-04,-166.1,1.677,-1.197,-82.1,0.9361,-0.2912,-85.81,-0.9563,0.1014,-93.43,-0.5025,2.197,-93.45,-1.199,0.7103,-91.85,-2.771,0.1364,-83.01,0.1801,-1.076,-82.97,-1.445,-1.368,-86.38,-1.846,-0.4241,-2.449,0.4918,8.309,7.816,25.89,8.299,-2.943,2.924,-7.817,2.931,-11.72,-4.887,15.64,-24.41,-22.46,8.794,-13.68,-11.72,11.21,-9.751,-7.819,4.387,2.921,20.02,-4.399,1.475,22.46,-5.361,-31.75,-23.42,-3.385,-39.08,-14.17,6.013,-1.53,0,26.35,-1.485,-2.456,14.1,12.69,0,-9.264,2.456,2.952,0.5374,-0.0246,0.8329,0.1989,-0.6399,0.2725,0.6549,-0.4161,0.3841,0.3528,-0.5572,0.2767,-0.4794,-0.5003,-0.4923,-0.7145,-0.2421,-0.4836,-0.5046,-0.4787,-0.4744,0.7621,-0.09406,0.6377,0.6037,-0.03064,0.7957,0.4812,-0.5948,0.474,0.5382,-0.5549,0.4555,0.02161,-0.2611,0.08265,-0.5276,-0.5342,-0.4705,-0.5422,-0.5409,-0.483,-0.08051,-0.2365,-0.1833
1.06,-1.892,-0.3272,3.706,4.222,-0.3103,5.028,0.2459,1.734,3.589,2.393,3.465,2.391,0.9397,0.103,-51.92,-35.46,-0.49,-1.23,-0.03169,0.5386,49.63,36.41,0.1569,1.071,2,1.181,7.618,2.797,0.7436,1.636,-1.532,-0.3205,0.5099,0.8397,-1.626,-3.399,-77.05,-3.256,-0.5031,-25.13,-0.214,0.4334,-25.13,0.03218,0.4333,15.25,0.2336,0.3191,-112.5,-1.056,0.00901,-112.5,0.6782,0.00896,-166.2,1.639,-1.079,-82.11,0.9457,-0.2766,-85.81,-0.9412,0.1116,-93.42,-0.4967,2.197,-93.44,-1.241,0.7267,-91.83,-2.792,0.1386,-83.01,0.1813,-1.062,-82.98,-1.456,-1.365,-86.37,-1.854,-0.4182,-0.9855,-3.418,12.69,0,20.02,-6.35,-10.26,1.962,0.9771,3.43,-1.946,-8.297,3.422,-16.12,-20.51,6.843,6.35,1.958,3.401,-21.97,-0.9729,-0.4874,17.08,9.766,-18.56,7.334,20.02,-15.64,-44.92,-2.92,-21,-18.57,-6.839,2.339,0,-4.919,10.75,3.443,-5.856,1.479,18.04,3.868,2.941,13.7,6.352,0.5373,-0.02478,0.8329,0.1985,-0.64,0.2722,0.6548,-0.4162,0.3839,0.3525,-0.5572,0.2766,-0.4792,-0.5006,-0.4917,-0.714,-0.2428,-0.4841,-0.5038,-0.4795,-0.4747,0.7621,-0.09394,0.6376,0.6038,-0.03058,0.7956,0.4813,-0.5948,0.474,0.538,-0.555,0.4558,0.02155,-0.2612,0.08252,-0.5275,-0.5344,-0.4702,-0.5421,-0.541,-0.483,-0.08057,-0.2366,-0.1834
1.07,-1.883,-0.3291,3.694,4.212,-0.3254,5.069,0.2279,1.621,3.593,2.391,3.467,2.39,0.9492,0.07727,-51.99,-35.63,-0.4896,-1.246,-0.02985,0.5068,49.67,36.47,0.1569,1.062,1.988,1.184,7.631,2.808,0.7919,1.653,-1.502,-0.3108,0.5177,0.8481,-1.648,-3.41,-77.02,-3.247,-0.5086,-25.04,-0.2117,0.4437,-25.04,0.01643,0.4434,15.29,0.2148,0.3191,-112.7,-1.037,0.02403,-112.7,0.5836,0.02389,-166.2,1.612,-0.9629,-82.12,0.9452,-0.2676,-85.81,-0.9317,0.1216,-93.43,-0.4875,2.194,-93.46,-1.279,0.7405,-91.83,-2.803,0.1429,-83,0.1813,-1.055,-82.96,-1.471,-1.367,-86.37,-1.86,-0.4104,-3.404,-1.467,10.26,3.908,9.759,-1.459,4.379,12.22,-2.931,-0.4996,-3.912,-10.75,-17.58,-14.17,-4.881,8.794,23.44,4.883,2.429,-22.47,5.369,-15.15,20.51,16.61,-20.99,10.26,5.867,-21.49,-44.92,13.68,-15.15,-2.949,-4.908,2.004,9.794,-4.458,-2.921,8.305,-6.328,-7.28,24.39,12.73,-2.941,2.973,-1.432,0.5374,-0.02496,0.8328,0.198,-0.6401,0.2716,0.6546,-0.4163,0.3839,0.3522,-0.5573,0.2764,-0.4788,-0.5012,-0.491,-0.7135,-0.2435,-0.4846,-0.503,-0.4804,-0.4749,0.7621,-0.09382,0.6376,0.6039,-0.03052,0.7956,0.4814,-0.5947,0.474,0.5379,-0.5551,0.4561,0.02149,-0.2613,0.08246,-0.5275,-0.5345,-0.4702,-0.5421,-0.541,-0.4831,-0.08063,-0.2366,-0.1834
1.08,-1.863,-0.3236,3.689,4.2,-0.3264,5.096,0.2108,1.534,3.601,2.387,3.474,2.386,0.9492,0.06663,-52.05,-35.78,-0.4975,-1.258,-0.03206,0.4657,49.72,36.53,0.1591,1.056,1.99,1.172,7.662,2.814,0.8373,1.675,-1.482,-0.314,0.5295,0.8465,-1.671,-3.42,-76.99,-3.245,-0.5048,-24.94,-0.2093,0.4528,-24.94,0.001369,0.4528,15.34,0.2057,0.3145,-112.8,-1.031,0.03904,-112.8,0.5039,0.03916,-166.3,1.59,-0.8474,-82.11,0.9353,-0.2626,-85.8,-0.9218,0.1205,-93.45,-0.4748,2.194,-93.48,-1.311,0.7596,-91.82,-2.815,0.1495,-82.98,0.1849,-1.043,-82.95,-1.49,-1.365,-86.36,-1.882,-0.4091,-7.316,-0.4918,0,0,-0.4819,-5.369,0.4905,13.68,-2.437,8.293,9.77,-5.858,-16.11,2.448,-3.421,1.456,22.94,14.65,1.943,-20.03,15.62,-11.25,23.93,1.471,-19.05,11.72,1.461,-16.62,-36.12,21.96,-13.69,14.62,-6.839,2.004,2.448,-1.998,-9.26,10.26,-0.9917,-13.65,5.35,8.301,1.029,8.79,2.416,0.5374,-0.02509,0.8327,0.1975,-0.6402,0.271,0.6543,-0.4167,0.3837,0.3519,-0.5574,0.2761,-0.4784,-0.5017,-0.4904,-0.7132,-0.2441,-0.485,-0.5023,-0.4813,-0.4751,0.7621,-0.09382,0.6377,0.604,-0.03058,0.7955,0.4815,-0.5946,0.474,0.5378,-0.555,0.4564,0.02142,-0.2614,0.08246,-0.5275,-0.5345,-0.4701,-0.5422,-0.541,-0.4833,-0.08063,-0.2368,-0.1834
1.09,-1.853,-0.3183,3.674,4.182,-0.3238,5.123,0.1937,1.464,3.591,2.371,3.467,2.37,0.9413,0.06025,-52.14,-35.92,-0.4878,-1.28,-0.02211,0.4393,49.77,36.59,0.1778,1.052,1.986,1.16,7.68,2.824,0.8997,1.681,-1.448,-0.3119,0.5376,0.8465,-1.675,-3.434,-76.97,-3.237,-0.4985,-24.83,-0.2085,0.4521,-24.83,-0.01506,0.452,15.4,0.1847,0.3136,-112.9,-1.03,0.05706,-112.9,0.4337,0.05675,-166.3,1.584,-0.7541,-82.12,0.9252,-0.2583,-85.79,-0.9218,0.1192,-93.46,-0.4563,2.186,-93.49,-1.355,0.7766,-91.83,-2.823,0.1571,-82.96,0.1813,-1.033,-82.93,-1.498,-1.367,-86.35,-1.888,-0.4098,-12.69,-7.327,9.276,-5.847,-19.53,-6.35,-5.851,2.924,-4.391,7.827,9.273,-1.953,-10.74,27.34,-6.833,-3.407,23.44,6.84,8.783,-21,12.7,-8.286,22.45,15.63,-7.325,2.452,2.922,-5.852,-21.49,10.73,-1,26.35,10.75,-3.007,2.448,0,-3.914,16.61,15.16,-8.758,-11.24,13.22,-1.029,2.973,-4.384,0.5374,-0.02515,0.8327,0.1969,-0.6404,0.2703,0.654,-0.417,0.3834,0.3515,-0.5575,0.2758,-0.4779,-0.5023,-0.4898,-0.7128,-0.2446,-0.4854,-0.5017,-0.482,-0.4751,0.762,-0.09376,0.6377,0.604,-0.03064,0.7955,0.4817,-0.5945,0.4739,0.5376,-0.5551,0.4567,0.02136,-0.2615,0.08253,-0.5275,-0.5346,-0.47,-0.5422,-0.5409,-0.4834,-0.08063,-0.2369,-0.1835
1.1,-1.858,-0.3091,3.69,4.18,-0.3128,5.11,0.1883,1.423,3.598,2.355,3.471,2.354,0.948,0.06397,-52.25,-36.05,-0.4892,-1.297,-0.02248,0.4136,49.82,36.66,0.1909,1.068,2.002,1.13,7.688,2.821,0.9395,1.711,-1.425,-0.2913,0.5494,0.835,-1.671,-3.438,-76.96,-3.235,-0.4904,-24.71,-0.2163,0.4666,-24.71,-0.02807,0.4664,15.47,0.1664,0.3154,-113,-1.038,0.07074,-113,0.3857,0.07068,-166.4,1.584,-0.6813,-82.09,0.9257,-0.2611,-85.78,-0.9272,0.1079,-93.46,-0.4471,2.19,-93.49,-1.386,0.7963,-91.83,-2.832,0.1659,-82.96,0.191,-1.014,-82.92,-1.521,-1.355,-86.35,-1.89,-0.4098,-14.15,-3.418,-0.4932,-16.12,-27.35,4.879,-12.68,-12.22,3.414,-7.827,5.361,-3.42,-25.4,40.03,3.421,-14.15,15.14,16.11,7.811,-21.97,20.5,1.95,6.845,8.786,-2.435,-1.953,8.31,7.327,-6.367,5.872,-0.4615,7.842,18.09,-7.684,0,1.998,-10.75,18.1,28.81,-10.24,-21.49,19.02,-3.97,11.25,-1.968,0.5375,-0.02515,0.8326,0.1961,-0.6405,0.2697,0.6537,-0.4173,0.3831,0.351,-0.5577,0.2755,-0.4774,-0.5028,-0.4893,-0.7126,-0.245,-0.4857,-0.5013,-0.4826,-0.4751,0.762,-0.09394,0.6377,0.6039,-0.03076,0.7955,0.4818,-0.5943,0.474,0.5374,-0.5552,0.4569,0.0213,-0.2615,0.08258,-0.5276,-0.5347,-0.4698,-0.5422,-0.541,-0.4834,-0.08063,-0.2369,-0.1835
1.11,-1.863,-0.311,3.716,4.166,-0.3069,5.101,0.191,1.388,3.587,2.329,3.459,2.329,0.9498,0.0583,-52.34,-36.17,-0.4878,-1.312,-0.01769,0.3942,49.85,36.74,0.2019,1.076,2.002,1.116,7.673,2.817,0.9735,1.725,-1.403,-0.288,0.5557,0.8308,-1.661,-3.428,-76.94,-3.22,-0.4874,-24.6,-0.2195,0.4708,-24.6,-0.02876,0.4711,15.55,0.162,0.3236,-113.1,-1.041,0.08643,-113.1,0.3472,0.08628,-166.4,1.589,-0.6209,-82.07,0.926,-0.2638,-85.78,-0.9313,0.1078,-93.45,-0.4413,2.188,-93.47,-1.414,0.8159,-91.83,-2.84,0.179,-82.96,0.1946,-0.9999,-82.93,-1.532,-1.352,-86.35,-1.898,-0.4104,-15.62,-8.302,0.9675,-15.63,-37.11,-0.4902,-12.19,-15.62,12.21,-12.69,2.939,-9.764,-17.58,60.55,3.905,-9.289,11.72,10.74,4.896,-29.28,16.59,1.95,-6.355,4.393,4.89,-7.334,1.461,-3.887,-2.918,-18.57,4.846,-19.07,14.17,2.004,-7.804,7.839,0.9922,26.87,22.48,-1.934,-10.25,-0.9671,0,2.456,-0.4473,0.5376,-0.02521,0.8326,0.1955,-0.6407,0.269,0.6534,-0.4178,0.3827,0.3507,-0.5578,0.275,-0.477,-0.5034,-0.4888,-0.7124,-0.2454,-0.4859,-0.5011,-0.4831,-0.4752,0.762,-0.09412,0.6377,0.6039,-0.03076,0.7955,0.4821,-0.5941,0.4741,0.5371,-0.5553,0.4571,0.02118,-0.2616,0.08258,-0.5277,-0.5346,-0.4698,-0.5422,-0.5411,-0.4834,-0.08063,-0.237,-0.1835
1.12,-1.87,-0.3248,3.728,4.166,-0.2935,5.089,0.1806,1.375,3.586,2.309,3.457,2.308,0.9524,0.04732,-52.42,-36.27,-0.4962,-1.317,0.002948,0.3818,49.86,36.8,0.2173,1.076,1.998,1.11,7.684,2.783,1.002,1.725,-1.384,-0.2826,0.5406,0.8245,-1.641,-3.413,-76.92,-3.217,-0.491,-24.51,-0.2187,0.4712,-24.51,-0.03766,0.4711,15.64,0.1637,0.3391,-113.2,-1.051,0.1044,-113.2,0.3251,0.1045,-166.4,1.595,-0.5791,-82.04,0.9279,-0.2809,-85.76,-0.9369,0.105,-93.44,-0.4321,2.18,-93.46,-1.433,0.817,-91.84,-2.84,0.1953,-82.98,0.1873,-0.9974,-82.94,-1.538,-1.346,-86.35,-1.898,-0.4104,-5.375,-3.909,-2.447,-14.66,-39.07,-6.84,-13.66,-26.85,14.64,-10.26,0.9728,-6.84,-11.24,55.66,3.421,-2.941,7.809,9.282,7.811,-31.75,11.71,13.2,-9.276,-0.4905,6.834,-11.72,4.383,5.361,-1.459,-19.04,16.08,-19.07,18.53,-3.341,-13.62,-1.998,2.425,18.1,19.55,0.455,5.894,12.17,-4.853,5.429,1.968,0.5376,-0.02533,0.8325,0.195,-0.6409,0.2685,0.653,-0.4181,0.3823,0.3503,-0.558,0.2744,-0.4767,-0.5038,-0.4885,-0.7124,-0.2458,-0.486,-0.5009,-0.4834,-0.4752,0.762,-0.09443,0.6377,0.6038,-0.03089,0.7956,0.4824,-0.5939,0.4742,0.537,-0.5554,0.4572,0.02106,-0.2616,0.08271,-0.5279,-0.5345,-0.47,-0.5421,-0.5412,-0.4834,-0.08063,-0.237,-0.1835
1.13,-1.85,-0.3261,3.753,4.152,-0.2919,5.063,0.1838,1.371,3.587,2.294,3.458,2.294,0.955,0.04182,-52.49,-36.33,-0.498,-1.327,0.01658,0.3729,49.85,36.83,0.2008,1.073,2.002,1.112,7.687,2.763,1.019,1.753,-1.36,-0.2555,0.5458,0.8261,-1.637,-3.403,-76.91,-3.212,-0.4928,-24.43,-0.216,0.4765,-24.43,-0.03218,0.4765,15.72,0.1659,0.36,-113.3,-1.056,0.1135,-113.3,0.3162,0.1135,-166.5,1.607,-0.5578,-82,0.9186,-0.2829,-85.75,-0.927,0.1039,-93.43,-0.439,2.184,-93.46,-1.458,0.8287,-91.84,-2.84,0.203,-82.99,0.1958,-1,-82.95,-1.558,-1.347,-86.35,-1.892,-0.4111,-4.39,-6.835,4.875,-9.755,-39.07,-5.369,-6.832,-18.06,0.4827,-5.362,-7.803,-5.858,2.921,46.87,-9.278,0.495,-3.912,5.367,12.22,-37.59,14.65,6.336,-13.67,6.355,13.67,-11.72,4.885,-7.818,-8.312,-20.03,-1.462,-31.74,14.17,-0.3341,-0.4591,-0.4611,3.418,10.26,-1.464,3.867,9.249,5.883,-11.18,8.79,0.9842,0.5376,-0.02539,0.8325,0.1945,-0.641,0.268,0.6528,-0.4185,0.3819,0.35,-0.5582,0.2738,-0.4765,-0.5041,-0.4883,-0.7123,-0.2461,-0.4859,-0.5008,-0.4837,-0.4751,0.7619,-0.09467,0.6377,0.6039,-0.03095,0.7955,0.4827,-0.5937,0.4745,0.5368,-0.5555,0.4573,0.021,-0.2616,0.08271,-0.528,-0.5343,-0.4701,-0.542,-0.5414,-0.4834,-0.08063,-0.2369,-0.1835
1.14,-1.846,-0.3317,3.774,4.145,-0.2817,5.049,0.2121,1.382,3.589,2.278,3.458,2.277,0.9621,0.04873,-52.53,-36.37,-0.4896,-1.336,0.02617,0.3744,49.84,36.83,0.1909,1.079,2.009,1.111,7.698,2.746,1.03,1.767,-1.343,-0.248,0.5506,0.8266,-1.638,-3.396,-76.89,-3.209,-0.4906,-24.37,-0.2222,0.4837,-24.37,-0.01027,0.4839,15.8,0.1699,0.3891,-113.3,-1.069,0.1188,-113.3,0.3132,0.1188,-166.5,1.619,-0.5543,-81.97,0.9146,-0.2903,-85.74,-0.927,0.1026,-93.43,-0.4471,2.191,-93.46,-1.475,0.8334,-91.84,-2.84,0.203,-82.99,0.2006,-0.9999,-82.96,-1.564,-1.348,-86.35,-1.89,-0.4117,-2.927,-5.368,0,-5.362,-28.31,-16.6,0,-14.16,-0.4827,2.431,-16.1,-4.887,0.9737,41.99,-3.905,12.2,5.852,0.9788,16.11,-36.13,9.278,-2.924,-18.06,7.805,2.926,-11.24,0,-3.887,-8.312,-2.92,-2.923,-17.57,5.846,0.3341,-6.886,-1.998,1.488,8.777,3.92,2.957,24.94,1.451,-4.853,1.422,0.9842,0.5376,-0.02545,0.8324,0.1942,-0.641,0.2676,0.6527,-0.4188,0.3814,0.3498,-0.5583,0.2732,-0.4763,-0.5042,-0.4882,-0.7123,-0.2465,-0.4858,-0.5008,-0.4838,-0.4749,0.7618,-0.09492,0.6377,0.6039,-0.03101,0.7955,0.4829,-0.5935,0.4747,0.5368,-0.5555,0.4574,0.021,-0.2616,0.08271,-0.5282,-0.5342,-0.4701,-0.5419,-0.5414,-0.4834,-0.08063,-0.2369,-0.1835
1.15,-1.862,-0.3313,3.78,4.163,-0.2779,5.054,0.2229,1.407,3.599,2.263,3.469,2.262,0.9602,0.05334,-52.53,-36.4,-0.4909,-1.335,0.03538,0.3795,49.8,36.79,0.1877,1.072,2.026,1.109,7.723,2.728,1.044,1.769,-1.329,-0.2361,0.5566,0.8255,-1.637,-3.405,-76.86,-3.21,-0.4876,-24.34,-0.2175,0.4918,-24.34,0.005478,0.4917,15.87,0.1777,0.4145,-113.3,-1.084,0.1281,-113.3,0.3229,0.1284,-166.5,1.63,-0.5614,-81.94,0.9303,-0.2926,-85.72,-0.9268,0.09988,-93.44,-0.4471,2.206,-93.47,-1.488,0.8414,-91.85,-2.84,0.2041,-82.99,0.1934,-1.001,-82.95,-1.575,-1.346,-86.35,-1.888,-0.4098,-7.824,-7.327,11.23,3.908,-22.94,-19.53,9.284,-11.72,-18.07,2.431,-26.37,3.42,11.24,33.2,-9.762,17.59,13.18,16.11,21,-26.38,12.7,-6.336,-4.393,6.845,0.491,-5.381,-11.71,-0.9829,-5.88,7.808,-14.62,-21.96,-1.489,6.682,0,-5.841,10.25,11.75,-1.936,4.436,23.39,22.97,-15.15,-6.851,9.752,0.5376,-0.02557,0.8324,0.194,-0.641,0.2675,0.6526,-0.4191,0.3809,0.3496,-0.5584,0.2726,-0.4762,-0.5043,-0.4883,-0.7123,-0.2467,-0.4856,-0.5007,-0.484,-0.4747,0.7619,-0.0951,0.6376,0.6039,-0.03113,0.7955,0.4829,-0.5934,0.4748,0.5367,-0.5555,0.4575,0.021,-0.2616,0.08277,-0.5282,-0.5342,-0.4702,-0.5419,-0.5415,-0.4835,-0.08063,-0.2369,-0.1835
1.16,-1.868,-0.3366,3.79,4.177,-0.2649,5.046,0.2468,1.432,3.617,2.255,3.488,2.254,0.9576,0.07177,-52.53,-36.4,-0.4971,-1.35,0.03464,0.3834,49.76,36.74,0.1767,1.064,2.035,1.112,7.737,2.716,1.047,1.764,-1.307,-0.2252,0.559,0.8271,-1.642,-3.399,-76.85,-3.219,-0.4768,-24.32,-0.2171,0.5059,-24.32,0.03013,0.5057,15.93,0.193,0.44,-113.3,-1.101,0.1315,-113.3,0.3302,0.1314,-166.5,1.653,-0.5694,-81.92,0.9359,-0.2953,-85.7,-0.9268,0.1028,-93.44,-0.4563,2.219,-93.46,-1.504,0.8425,-91.84,-2.834,0.203,-82.99,0.1849,-1.002,-82.95,-1.579,-1.342,-86.34,-1.882,-0.4058,-3.912,3.418,7.816,12.69,-11.72,-21.97,16.61,-4.886,-17.09,12.22,-21.98,0,5.37,23.93,-5.374,17.09,12.2,5.862,23.43,-16.12,22.47,-10.24,-7.314,-2.921,-4.399,-5.381,-3.424,-6.835,-7.826,16.12,-1.462,-6.838,2.923,-2.339,4.897,11.22,9.26,7.292,10.25,2.957,15.14,13.22,-7.352,2.973,2.952,0.5376,-0.02557,0.8324,0.1939,-0.641,0.2673,0.6526,-0.4193,0.3806,0.3494,-0.5585,0.272,-0.4762,-0.5043,-0.4885,-0.7123,-0.2468,-0.4855,-0.5007,-0.4842,-0.4744,0.7619,-0.09528,0.6376,0.6039,-0.03119,0.7955,0.4826,-0.5935,0.4748,0.5366,-0.5556,0.4576,0.021,-0.2615,0.08271,-0.5282,-0.5342,-0.4703,-0.5419,-0.5415,-0.4835,-0.08069,-0.2368,-0.1835
1.17,-1.887,-0.323,3.801,4.203,-0.262,5.038,0.272,1.468,3.64,2.25,3.511,2.249,0.9613,0.08187,-52.53,-36.38,-0.4997,-1.347,0.03649,0.3881,49.72,36.68,0.1624,1.058,2.053,1.099,7.745,2.718,1.042,1.764,-1.302,-0.2306,0.5581,0.825,-1.636,-3.41,-76.84,-3.226,-0.4699,-24.31,-0.2156,0.5249,-24.31,0.05615,0.5252,15.98,0.203,0.4736,-113.2,-1.114,0.1365,-113.2,0.3539,0.1364,-166.6,1.668,-0.5907,-81.9,0.9558,-0.2929,-85.7,-0.9266,0.09167,-93.44,-0.4679,2.228,-93.46,-1.509,0.8494,-91.85,-2.834,0.2117,-82.98,0.1789,-0.9996,-82.94,-1.583,-1.346,-86.35,-1.892,-0.4111,-9.287,0.9753,6.829,5.362,-13.67,-15.63,15.13,-9.272,1.954,17.09,-20.99,-3.906,9.264,20.51,-6.833,15.14,11.22,0.9788,17.57,-7.313,16.11,-1.95,0,-12.69,2.926,0,-5.867,0,-11.23,22.47,1.462,-2.949,0,4.343,-4.438,0,-0.9922,3.916,-4.864,-1.934,10.25,0,8.823,14.61,-0.4473,0.5375,-0.02558,0.8324,0.1939,-0.6408,0.2673,0.6526,-0.4195,0.3801,0.3494,-0.5585,0.2716,-0.4763,-0.5042,-0.4887,-0.7124,-0.2469,-0.4853,-0.5007,-0.4842,-0.4741,0.762,-0.0954,0.6374,0.6039,-0.03131,0.7955,0.4823,-0.5937,0.4748,0.5366,-0.5556,0.4577,0.02094,-0.2615,0.08277,-0.5283,-0.5341,-0.4704,-0.5419,-0.5414,-0.4836,-0.08063,-0.2369,-0.1835
1.18,-1.901,-0.3199,3.791,4.216,-0.2418,5.047,0.2909,1.507,3.653,2.242,3.528,2.24,0.9482,0.09747,-52.53,-36.36,-0.5077,-1.344,0.03612,0.3967,49.69,36.62,0.1525,1.047,2.071,1.086,7.748,2.708,1.039,1.744,-1.292,-0.2231,0.5636,0.8287,-1.632,-3.42,-76.82,-3.228,-0.4529,-24.29,-0.2101,0.5387,-24.29,0.0808,0.5384,16.02,0.221,0.499,-113.2,-1.122,0.1435,-113.2,0.3849,0.1434,-166.6,1.689,-0.6209,-81.9,0.9659,-0.2971,-85.68,-0.932,0.08453,-93.42,-0.4817,2.241,-93.45,-1.519,0.8531,-91.84,-2.834,0.2095,-82.97,0.162,-0.9944,-82.94,-1.581,-1.343,-86.35,-1.882,-0.4039,-10.75,-1.467,16.11,-4.877,-14.16,-11.72,3.889,-14.16,-5.863,6.361,-20.02,0,6.844,24.91,-0.4928,5.853,5.852,1.463,9.754,-0.4993,18.07,1.462,-0.4905,-5.374,3.908,0,7.808,4.87,0,19.04,2.923,-4.392,3.916,-6.013,-2.907,0,-7.331,3.443,-2.456,-7.848,0,2.901,-5.441,3.878,2.952,0.5375,-0.02551,0.8324,0.1938,-0.6408,0.2672,0.6526,-0.4196,0.3798,0.3494,-0.5586,0.2711,-0.4764,-0.5042,-0.4889,-0.7125,-0.2468,-0.4851,-0.5008,-0.4842,-0.4738,0.762,-0.09546,0.6373,0.6039,-0.03143,0.7955,0.482,-0.5939,0.4747,0.5365,-0.5557,0.4577,0.02094,-0.2615,0.08271,-0.5284,-0.534,-0.4706,-0.542,-0.5414,-0.4835,-0.08069,-0.2368,-0.1835
1.19,-1.911,-0.3168,3.783,4.215,-0.2257,5.059,0.3076,1.544,3.662,2.237,3.54,2.234,0.9401,0.106,-52.53,-36.34,-0.505,-1.337,0.03833,0.4088,49.68,36.57,0.1503,1.048,2.084,1.08,7.765,2.694,1.03,1.742,-1.288,-0.222,0.5593,0.8297,-1.63,-3.419,-76.81,-3.227,-0.441,-24.28,-0.2046,0.552,-24.27,0.1027,0.5521,16.05,0.2262,0.5254,-113.2,-1.123,0.1478,-113.2,0.4219,0.148,-166.6,1.707,-0.6591,-81.89,0.9662,-0.3016,-85.67,-0.9415,0.0774,-93.43,-0.4921,2.249,-93.46,-1.523,0.8573,-91.84,-2.834,0.2182,-82.97,0.1523,-0.9962,-82.94,-1.589,-1.337,-86.35,-1.888,-0.3967,-9.287,5.368,10.26,-2.454,-14.65,-2.44,0.9809,-15.14,9.771,-2.431,-24.9,-8.297,4.897,24.91,3.421,1.456,0,3.42,8.297,10.25,20.02,8.773,0.9809,3.412,-8.798,-2.929,5.365,-1.474,0,12.22,6.385,5.834,10.26,5.345,0,-2.459,-9.756,0.4726,10.25,-6.825,-5.35,8.301,3.382,8.79,2.952,0.5375,-0.02551,0.8324,0.1937,-0.6407,0.267,0.6526,-0.4197,0.3795,0.3494,-0.5585,0.2708,-0.4766,-0.504,-0.489,-0.7127,-0.2467,-0.4849,-0.501,-0.4841,-0.4735,0.762,-0.09552,0.6373,0.6038,-0.03156,0.7956,0.4816,-0.5942,0.4746,0.5365,-0.5556,0.4577,0.02087,-0.2615,0.08277,-0.5285,-0.5339,-0.4707,-0.542,-0.5415,-0.4835,-0.08075,-0.2369,-0.1835
1.2,-1.912,-0.3186,3.789,4.204,-0.2093,5.061,0.3265,1.592,3.648,2.228,3.531,2.225,0.921,0.1217,-52.52,-36.31,-0.4966,-1.339,0.05491,0.405,49.66,36.53,0.1449,1.038,2.078,1.079,7.776,2.688,1.019,1.731,-1.283,-0.2111,0.5799,0.8276,-1.628,-3.428,-76.79,-3.219,-0.4288,-24.27,-0.2003,0.5463,-24.27,0.1267,0.5462,16.07,0.2393,0.5536,-113.1,-1.127,0.1458,-113.1,0.4654,0.1457,-166.6,1.733,-0.692,-81.87,0.9619,-0.3054,-85.66,-0.9471,0.07589,-93.43,-0.5037,2.243,-93.46,-1.521,0.8711,-91.85,-2.828,0.2117,-82.97,0.139,-0.9975,-82.93,-1.592,-1.333,-86.36,-1.88,-0.396,-7.824,2.926,3.908,-12.21,-15.13,-0.9804,-8.793,-17.08,-1.954,-4.396,-18.07,-14.16,3.895,21.98,5.374,0,-0.9781,13.19,5.868,4.876,18.07,0,-3.412,16.61,-3.908,-4.404,11.71,-2.949,0.9727,7.808,-8.308,7.842,1.93,-6.348,-6.886,-3.382,-11.24,-5.402,3.92,-6.825,-10.25,4.432,-21.91,-7.368,-7.784,0.5376,-0.02551,0.8323,0.1937,-0.6408,0.267,0.6526,-0.4198,0.3791,0.3495,-0.5585,0.2705,-0.4767,-0.5039,-0.4892,-0.713,-0.2465,-0.4846,-0.5013,-0.484,-0.4733,0.762,-0.09565,0.6374,0.6037,-0.03162,0.7956,0.4813,-0.5945,0.4744,0.5364,-0.5556,0.4578,0.02094,-0.2615,0.08277,-0.5285,-0.534,-0.4708,-0.542,-0.5415,-0.4836,-0.08075,-0.2368,-0.1834
1.21,-1.907,-0.3207,3.794,4.178,-0.1938,5.074,0.345,1.629,3.632,2.21,3.519,2.206,0.9018,0.1361,-52.5,-36.28,-0.4843,-1.346,0.06855,0.4133,49.65,36.48,0.1416,1.04,2.075,1.074,7.784,2.674,1.019,1.731,-1.275,-0.2079,0.5889,0.8176,-1.635,-3.425,-76.76,-3.202,-0.4176,-24.26,-0.1909,0.5452,-24.26,0.1541,0.5451,16.09,0.2489,0.5845,-113.1,-1.13,0.1438,-113.1,0.4987,0.1437,-166.6,1.758,-0.7293,-81.86,0.9523,-0.3092,-85.65,-0.9513,0.07448,-93.43,-0.5106,2.239,-93.46,-1.528,0.8786,-91.84,-2.828,0.2106,-82.97,0.1354,-0.9948,-82.94,-1.596,-1.33,-86.36,-1.88,-0.4026,-11.71,-1.951,1.461,-10.75,-6.833,-0.4902,-10.76,-12.7,7.322,-10.26,-20.51,6.344,0,13.67,0,-0.495,-0.9781,-0.4838,-1.458,0.9692,15.62,-2.437,-4.883,12.69,-1.944,-13.67,-1.963,-4.378,-4.863,8.792,-1.462,19.51,3.419,-6.013,5.815,5.38,-0.4961,-6.347,11.71,-3.412,-16.59,5.399,-1.47,-1.422,-7.336,0.5377,-0.02558,0.8322,0.1937,-0.6408,0.2669,0.6527,-0.4199,0.3789,0.3495,-0.5585,0.2702,-0.477,-0.5036,-0.4895,-0.7132,-0.2464,-0.4845,-0.5016,-0.4838,-0.4731,0.7619,-0.09577,0.6374,0.6037,-0.03168,0.7956,0.4809,-0.5948,0.4742,0.5364,-0.5556,0.4579,0.02094,-0.2615,0.08271,-0.5285,-0.534,-0.4708,-0.542,-0.5415,-0.4835,-0.08069,-0.2368,-0.1834
1.22,-1.911,-0.3125,3.801,4.171,-0.1863,5.091,0.3779,1.667,3.62,2.206,3.509,2.202,0.8909,0.1349,-52.47,-36.25,-0.4671,-1.346,0.08255,0.4228,49.65,36.44,0.1558,1.04,2.089,1.053,7.785,2.665,1.033,1.733,-1.268,-0.1949,0.5971,0.8108,-1.628,-3.424,-76.73,-3.195,-0.4134,-24.26,-0.1866,0.5394,-24.25,0.191,0.5392,16.1,0.2637,0.6181,-113,-1.124,0.1455,-113,0.543,0.1457,-166.6,1.785,-0.7737,-81.84,0.9526,-0.3127,-85.64,-0.9565,0.06324,-93.42,-0.5014,2.241,-93.45,-1.534,0.8865,-91.84,-2.825,0.2106,-82.97,0.1293,-0.9847,-82.94,-1.604,-1.324,-86.36,-1.874,-0.4032,-4.39,-2.442,9.276,-15.63,-3.907,8.789,-13.66,-6.829,4.391,-15.12,-18.55,-4.887,-2.448,2.448,0,0.99,6.35,8.303,-3.924,2.937,15.13,1.95,-10.26,9.276,-4.399,-4.404,8.789,4.378,-1.945,4.38,-2.462,21.02,0,-2.004,5.356,8.3,7.827,0,0.9917,4.436,1.451,4.432,-6.764,7.368,5.368,0.5377,-0.0257,0.8321,0.1937,-0.6408,0.2668,0.6529,-0.42,0.3785,0.3497,-0.5584,0.27,-0.4773,-0.5034,-0.4898,-0.7134,-0.2462,-0.4842,-0.5019,-0.4835,-0.4729,0.7619,-0.09589,0.6374,0.6037,-0.0318,0.7956,0.4806,-0.5951,0.4738,0.5363,-0.5556,0.4579,0.02094,-0.2615,0.0827,-0.5285,-0.534,-0.4708,-0.5419,-0.5416,-0.4835,-0.08069,-0.2368,-0.1834
1.23,-1.916,-0.3096,3.813,4.15,-0.1771,5.108,0.4035,1.724,3.61,2.185,3.499,2.18,0.8911,0.1473,-52.45,-36.21,-0.4671,-1.347,0.0925,0.4244,49.64,36.38,0.1602,1.041,2.097,1.041,7.775,2.658,1.033,1.728,-1.262,-0.1819,0.6055,0.8014,-1.618,-3.427,-76.7,-3.177,-0.4082,-24.25,-0.1862,0.549,-24.24,0.2171,0.5489,16.12,0.2773,0.6518,-112.9,-1.132,0.1415,-112.9,0.591,0.1414,-166.6,1.812,-0.8172,-81.83,0.9484,-0.3166,-85.64,-0.9662,0.0574,-93.41,-0.5071,2.243,-93.43,-1.54,0.886,-91.83,-2.825,0.2019,-82.98,0.1197,-0.9788,-82.94,-1.608,-1.314,-86.37,-1.866,-0.4032,5.853,-2.442,1.461,-6.847,3.425,-6.84,-15.63,-6.348,4.885,-12.69,-18.07,-9.764,-7.317,-16.12,0.4928,-1.951,0,10.25,-0.4859,4.876,11.71,5.361,-5.864,7.314,-7.325,-1.475,4.885,14.16,-5.35,-1.46,3.923,7.842,7.335,3.007,0,0.9223,11.74,2.903,-7.792,6.825,0,11.69,-11.18,-1.034,3.937,0.5379,-0.02582,0.832,0.1937,-0.6408,0.2667,0.653,-0.4201,0.3782,0.3498,-0.5583,0.2697,-0.4775,-0.5031,-0.4901,-0.7137,-0.246,-0.4839,-0.5023,-0.4833,-0.4727,0.7619,-0.09601,0.6374,0.6036,-0.03186,0.7957,0.4802,-0.5954,0.4736,0.5362,-0.5557,0.4579,0.021,-0.2615,0.08264,-0.5286,-0.534,-0.4709,-0.542,-0.5417,-0.4835,-0.08069,-0.2367,-0.1834
1.24,-1.917,-0.3135,3.806,4.134,-0.1663,5.137,0.4513,1.765,3.593,2.171,3.483,2.165,0.8891,0.1652,-52.43,-36.16,-0.4578,-1.351,0.1013,0.44,49.62,36.32,0.1569,1.034,2.095,1.042,7.763,2.655,1.025,1.728,-1.255,-0.1787,0.6082,0.7924,-1.595,-3.429,-76.67,-3.166,-0.3974,-24.24,-0.1964,0.5494,-24.23,0.2547,0.5493,16.15,0.2961,0.6845,-112.9,-1.14,0.1371,-112.9,0.625,0.1371,-166.6,1.832,-0.8625,-81.83,0.943,-0.3167,-85.63,-0.9718,0.0614,-93.39,-0.5164,2.246,-93.42,-1.54,0.8961,-91.84,-2.819,0.2106,-82.97,0.1076,-0.9768,-82.94,-1.619,-1.304,-86.37,-1.874,-0.4019,4.898,-7.327,6.355,-0.4847,8.296,-0.4902,-4.379,-0.4812,0,-6.361,-14.16,-8.793,0,-15.62,-6.833,5.358,-1.956,9.766,-2.429,2.438,13.67,-2.437,-2.431,6.355,-0.9821,-6.357,15.14,-7.327,-10.74,-22.47,14.62,-4.392,8.769,2.339,-2.448,2.92,8.764,-2.903,-11.24,13.65,9.793,-0.4835,-3.97,1.034,3.4,0.5379,-0.02588,0.8319,0.1936,-0.6408,0.2667,0.6531,-0.4203,0.3779,0.3499,-0.5583,0.2692,-0.4778,-0.5028,-0.4905,-0.7139,-0.2458,-0.4837,-0.5025,-0.4831,-0.4725,0.7619,-0.09601,0.6375,0.6036,-0.03186,0.7957,0.48,-0.5955,0.4736,0.536,-0.5558,0.4579,0.02094,-0.2614,0.0827,-0.5287,-0.534,-0.471,-0.542,-0.5417,-0.4835,-0.08069,-0.2368,-0.1834
1.25,-1.912,-0.3072,3.813,4.122,-0.1603,5.148,0.4783,1.81,3.592,2.163,3.481,2.155,0.8879,0.1746,-52.43,-36.12,-0.4614,-1.34,0.09656,0.4336,49.61,36.26,0.1383,1.027,2.088,1.045,7.736,2.636,1.01,1.728,-1.256,-0.1797,0.613,0.7867,-1.561,-3.415,-76.65,-3.158,-0.391,-24.22,-0.1964,0.5581,-24.21,0.2821,0.5583,16.19,0.3144,0.7045,-112.8,-1.143,0.1351,-112.8,0.6679,0.1351,-166.6,1.843,-0.8927,-81.82,0.9388,-0.316,-85.63,-0.9718,0.05589,-93.36,-0.5372,2.237,-93.38,-1.547,0.8924,-91.84,-2.828,0.203,-82.99,0.1003,-0.9852,-82.95,-1.627,-1.297,-86.37,-1.88,-0.4006,1.463,-5.86,2.447,2.939,12.2,2.93,2.452,6.829,-3.908,3.897,-20.51,1.467,2.921,-18.55,-2.445,2.446,-14.16,-0.4838,-0.4859,10.25,11.22,2.437,0.4905,10.75,2.926,-5.381,0,2.457,-17.6,-33.68,6.385,-19.07,0.4964,6.013,-0.4591,1.998,7.331,0.9453,-6.328,5.346,11.7,1.934,5.441,6.334,3.937,0.538,-0.02594,0.8318,0.1934,-0.6408,0.2666,0.6531,-0.4204,0.3776,0.3499,-0.5584,0.2689,-0.478,-0.5025,-0.4908,-0.7141,-0.2457,-0.4835,-0.5027,-0.4829,-0.4724,0.7618,-0.09608,0.6375,0.6036,-0.03192,0.7957,0.4802,-0.5954,0.4738,0.5359,-0.556,0.4577,0.021,-0.2615,0.08271,-0.5286,-0.534,-0.4711,-0.5419,-0.5418,-0.4834,-0.08069,-0.2368,-0.1834
1.26,-1.926,-0.3087,3.818,4.124,-0.1578,5.159,0.4968,1.85,3.591,2.148,3.479,2.141,0.8929,0.176,-52.44,-36.1,-0.4658,-1.327,0.09435,0.4416,49.59,36.21,0.1328,1.027,2.096,1.04,7.742,2.633,0.9991,1.731,-1.251,-0.1646,0.6302,0.7951,-1.559,-3.426,-76.62,-3.15,-0.3905,-24.18,-0.1968,0.5665,-24.18,0.2999,0.5665,16.24,0.3271,0.7199,-112.7,-1.149,0.1378,-112.7,0.7011,0.1377,-166.6,1.852,-0.9265,-81.8,0.9489,-0.3192,-85.62,-0.9759,0.05437,-93.35,-0.5453,2.244,-93.38,-1.544,0.9099,-91.84,-2.819,0.2041,-82.98,0.09669,-0.9819,-82.95,-1.634,-1.298,-86.37,-1.872,-0.3934,0,-1.951,4.875,0.9694,14.16,-5.859,6.341,9.772,3.908,-0.4996,-20.51,-5.373,2.921,-12.69,6.833,3.902,-13.68,1.463,-5.868,15.63,9.278,1.95,0.9809,-5.864,-4.89,0.9764,0.9817,0,-19.06,-32.22,-5.846,-14.62,-1.489,0,-3.979,-9.223,-6.835,0,-3.92,-5.915,3.899,-2.901,-2.941,6.851,-2.952,0.5381,-0.02606,0.8318,0.1932,-0.6408,0.2664,0.653,-0.4207,0.3772,0.3498,-0.5585,0.2684,-0.4782,-0.5024,-0.491,-0.7143,-0.2455,-0.4833,-0.5028,-0.4828,-0.4722,0.7619,-0.09619,0.6374,0.6035,-0.03198,0.7957,0.4804,-0.5952,0.474,0.5358,-0.5559,0.4578,0.021,-0.2614,0.0827,-0.5287,-0.534,-0.4711,-0.5419,-0.5418,-0.4835,-0.08076,-0.2368,-0.1833
1.27,-1.928,-0.3166,3.819,4.122,-0.1468,5.164,0.5148,1.883,3.581,2.131,3.469,2.124,0.8903,0.1847,-52.45,-36.1,-0.4702,-1.319,0.09213,0.4441,49.55,36.18,0.1097,1.016,2.119,1.046,7.766,2.64,0.9849,1.731,-1.25,-0.1581,0.6299,0.7919,-1.573,-3.443,-76.61,-3.141,-0.3879,-24.15,-0.198,0.565,-24.15,0.3163,0.5649,16.3,0.3445,0.7272,-112.7,-1.16,0.1381,-112.7,0.7225,0.138,-166.6,1.857,-0.9469,-81.79,0.9547,-0.3281,-85.6,-0.9716,0.05319,-93.37,-0.5603,2.269,-93.39,-1.546,0.9104,-91.84,-2.819,0.2041,-82.97,0.09064,-0.9896,-82.93,-1.64,-1.295,-86.37,-1.872,-0.3934,-2.449,-0.4918,8.309,3.908,6.833,-1.459,9.284,8.791,1.46,0.4996,-23.93,6.344,5.37,-7.812,3.905,-6.843,-16.6,0.9788,-3.401,19.03,16.59,-4.874,3.412,12.2,-10.25,0,11.23,-10.28,-16.58,2.444,-4.846,-5.834,-7.335,-3.007,-1.989,11.68,-6.339,7.292,-5.383,-13.19,-11.7,0,-21.47,-13.7,-4.384,0.5381,-0.02612,0.8317,0.1931,-0.6408,0.2663,0.6529,-0.421,0.3769,0.3496,-0.5587,0.268,-0.4782,-0.5023,-0.4912,-0.7144,-0.2454,-0.4831,-0.5029,-0.4827,-0.4721,0.7619,-0.09632,0.6374,0.6036,-0.03205,0.7957,0.4804,-0.5951,0.4743,0.5359,-0.5558,0.4579,0.021,-0.2614,0.0827,-0.5286,-0.534,-0.4712,-0.542,-0.5418,-0.4836,-0.08076,-0.2368,-0.1833
1.28,-1.917,-0.3136,3.831,4.105,-0.1289,5.155,0.5107,1.891,3.576,2.124,3.468,2.115,0.8758,0.193,-52.48,-36.1,-0.4777,-1.32,0.08882,0.4632,49.52,36.15,0.09108,1.016,2.14,1.028,7.796,2.638,0.9707,1.739,-1.24,-0.1429,0.6432,0.7919,-1.592,-3.449,-76.59,-3.133,-0.3793,-24.11,-0.1897,0.5669,-24.11,0.3211,0.5669,16.38,0.3541,0.7281,-112.7,-1.159,0.1378,-112.7,0.7321,0.138,-166.6,1.863,-0.9735,-81.77,0.9454,-0.3364,-85.6,-0.9712,0.04205,-93.39,-0.5765,2.281,-93.42,-1.546,0.9178,-91.84,-2.811,0.1975,-82.96,0.09064,-0.9826,-82.92,-1.647,-1.296,-86.37,-1.864,-0.3947,-3.912,3.909,2.921,4.393,6.351,-0.4902,0.9809,-3.424,-3.414,3.897,-27.84,4.887,-7.317,-9.764,-0.9762,-3.902,-6.831,2.441,-11.74,13.66,9.765,-4.387,-2.431,7.314,-8.307,0.9764,4.383,-4.378,1.945,24.92,-11.69,4.893,-4.908,-5.011,0.4591,0.4611,-10.75,0.9453,9.256,-2.389,-12.69,-2.901,-3.97,-1.939,2.416,0.5382,-0.02612,0.8316,0.1929,-0.6409,0.2659,0.6528,-0.4212,0.3767,0.3493,-0.559,0.2675,-0.4782,-0.5023,-0.4912,-0.7144,-0.2454,-0.4831,-0.503,-0.4826,-0.4719,0.7618,-0.0965,0.6374,0.6036,-0.03217,0.7957,0.4803,-0.5951,0.4745,0.5359,-0.5557,0.458,0.02106,-0.2614,0.08271,-0.5286,-0.534,-0.4711,-0.542,-0.5418,-0.4836,-0.08075,-0.2367,-0.1833
1.29,-1.927,-0.3165,3.827,4.107,-0.1231,5.166,0.4959,1.897,3.583,2.125,3.477,2.116,0.8686,0.2008,-52.51,-36.11,-0.4847,-1.336,0.0715,0.4642,49.51,36.14,0.07682,1.013,2.147,1.023,7.841,2.634,0.9622,1.742,-1.231,-0.1354,0.6408,0.7856,-1.622,-3.457,-76.58,-3.125,-0.3767,-24.06,-0.1757,0.578,-24.06,0.3204,0.5781,16.44,0.3533,0.719,-112.7,-1.155,0.1288,-112.7,0.7425,0.1288,-166.6,1.878,-0.9878,-81.77,0.9553,-0.3406,-85.59,-0.9712,0.04065,-93.42,-0.588,2.289,-93.45,-1.549,0.9253,-91.85,-2.805,0.2062,-82.95,0.08702,-0.9795,-82.92,-1.655,-1.297,-86.37,-1.864,-0.4013,-2.449,-0.4918,2.921,-6.847,-6.351,-5.859,0.4905,-9.272,-1.954,0,-26.37,-5.858,-9.264,-7.331,0.4928,-8.299,-3.415,6.84,-8.783,16.12,8.305,-3.412,0,16.61,-2.926,-1.953,9.269,-2.949,9.771,10.73,6.385,30.74,-2.923,-5.011,4.897,0,1.488,2.431,4.392,1.934,-8.342,10.23,-0.4411,11.25,-6.352,0.5382,-0.02619,0.8316,0.1927,-0.6409,0.2656,0.6525,-0.4217,0.3764,0.3489,-0.5592,0.2671,-0.4782,-0.5022,-0.4912,-0.7144,-0.2454,-0.4829,-0.503,-0.4826,-0.4717,0.7619,-0.09656,0.6374,0.6035,-0.03223,0.7957,0.4801,-0.5951,0.4745,0.5361,-0.5555,0.4582,0.021,-0.2613,0.08277,-0.5286,-0.534,-0.4711,-0.542,-0.5418,-0.4837,-0.08069,-0.2367,-0.1833
1.3,-1.936,-0.3085,3.813,4.109,-0.1138,5.183,0.4801,1.895,3.575,2.117,3.473,2.109,0.8496,0.1965,-52.55,-36.13,-0.4847,-1.33,0.07518,0.467,49.5,36.11,0.06804,1.01,2.162,0.9972,7.876,2.612,0.9679,1.747,-1.219,-0.1256,0.645,0.7919,-1.64,-3.459,-76.56,-3.117,-0.3703,-24,-0.1631,0.5738,-24,0.317,0.5739,16.5,0.3533,0.7172,-112.7,-1.148,0.1375,-112.7,0.7477,0.1374,-166.6,1.881,-0.9904,-81.76,0.9654,-0.3448,-85.57,-0.9709,0.02821,-93.44,-0.5949,2.293,-93.47,-1.561,0.9375,-91.85,-2.805,0.2128,-82.96,0.0846,-0.9661,-82.92,-1.664,-1.302,-86.38,-1.864,-0.3993,-7.824,-4.885,8.309,-14.66,-6.833,-4.389,-14.64,-20.03,-0.4827,-6.828,-27.34,-5.858,-10.74,-6.835,-8.302,-5.853,6.831,10.25,-10.24,10.75,8.792,-0.9748,0.9809,9.276,0,4.404,11.71,0,15.12,10.25,-1,37.14,8.769,-1.336,0,-5.841,5.347,13.17,-0.4722,0.455,-1.451,11.69,-8.823,8.79,4.384,0.5383,-0.02625,0.8315,0.1925,-0.641,0.2652,0.6523,-0.422,0.3762,0.3486,-0.5594,0.2667,-0.4783,-0.5022,-0.4912,-0.7144,-0.2454,-0.4829,-0.503,-0.4827,-0.4716,0.7619,-0.09662,0.6373,0.6035,-0.03241,0.7957,0.48,-0.5952,0.4745,0.536,-0.5555,0.4583,0.02094,-0.2613,0.08277,-0.5287,-0.5341,-0.4711,-0.5419,-0.5418,-0.4837,-0.08069,-0.2367,-0.1832
1.31,-1.961,-0.3071,3.803,4.115,-0.1202,5.214,0.4648,1.902,3.565,2.114,3.466,2.104,0.8341,0.1999,-52.57,-36.16,-0.483,-1.335,0.07518,0.4556,49.51,36.11,0.07901,1.012,2.171,0.9947,7.896,2.609,0.965,1.75,-1.225,-0.1202,0.6495,0.7825,-1.648,-3.462,-76.53,-3.108,-0.3698,-23.96,-0.1506,0.5654,-23.95,0.3143,0.5657,16.55,0.355,0.709,-112.7,-1.146,0.1328,-112.7,0.7558,0.1327,-166.6,1.887,-0.9886,-81.77,0.9803,-0.3399,-85.56,-0.9808,0.03221,-93.45,-0.5915,2.306,-93.48,-1.555,0.9439,-91.85,-2.805,0.215,-82.96,0.07493,-0.9599,-82.92,-1.676,-1.292,-86.38,-1.87,-0.3986,-0.9855,-0.4918,2.921,-9.27,-10.74,-3.42,-13.17,-21.97,4.885,0,-22.46,-0.4857,-7.317,-3.906,0.9762,-7.338,9.284,10.74,-7.325,15.13,18.07,3.899,-5.374,13.18,-1.944,-5.381,3.904,13.18,35.15,14.16,11.23,27.35,12.68,-6.348,-8.722,2.459,0.4961,2.903,1.464,1.479,7.798,4.432,0.4411,9.308,13.15,0.5383,-0.02637,0.8314,0.1923,-0.6412,0.2648,0.6521,-0.4223,0.3759,0.3484,-0.5596,0.2665,-0.4783,-0.5022,-0.4912,-0.7144,-0.2455,-0.4828,-0.503,-0.4828,-0.4715,0.762,-0.09656,0.6372,0.6035,-0.03241,0.7957,0.4799,-0.5952,0.4745,0.5361,-0.5553,0.4584,0.02094,-0.2613,0.08283,-0.5288,-0.534,-0.4712,-0.5419,-0.5419,-0.4837,-0.08069,-0.2368,-0.1832
1.32,-1.985,-0.295,3.783,4.117,-0.1199,5.242,0.4495,1.906,3.543,2.098,3.45,2.087,0.8115,0.2082,-52.6,-36.2,-0.4839,-1.336,0.08218,0.4549,49.52,36.11,0.08011,1.023,2.166,0.987,7.909,2.587,0.9735,1.764,-1.206,-0.1202,0.6366,0.7903,-1.649,-3.454,-76.51,-3.091,-0.3623,-23.91,-0.1385,0.557,-23.9,0.3109,0.5571,16.58,0.3585,0.7081,-112.7,-1.146,0.1328,-112.7,0.7595,0.1327,-166.6,1.891,-0.9913,-81.77,1,-0.3349,-85.55,-0.9862,0.02508,-93.45,-0.5949,2.295,-93.48,-1.568,0.9449,-91.85,-2.798,0.2291,-82.96,0.08098,-0.9593,-82.93,-1.681,-1.292,-86.38,-1.876,-0.3908,-1.463,-3.418,-4.401,-11.72,-14.65,-21,-9.774,-20.99,4.391,1.965,-15.63,5.858,-12.21,-1.953,-8.786,-3.902,15.14,5.367,-8.783,10.25,15.62,-3.899,-13.18,-4.883,2.926,-5.381,4.383,-6.835,22.95,7.332,14.15,14.62,29.78,-2.339,-11.17,3.843,2.425,8.777,1.464,-1.024,20.49,5.883,-5.441,3.361,-2.416,0.5385,-0.02643,0.8313,0.1921,-0.6413,0.2644,0.6519,-0.4226,0.3757,0.3482,-0.5597,0.2663,-0.4782,-0.5023,-0.4911,-0.7144,-0.2456,-0.4827,-0.5029,-0.4829,-0.4714,0.7621,-0.0965,0.6371,0.6034,-0.03253,0.7958,0.4799,-0.5953,0.4745,0.536,-0.5554,0.4585,0.02081,-0.2612,0.08283,-0.5289,-0.534,-0.4712,-0.5418,-0.542,-0.4837,-0.08075,-0.2368,-0.1832
1.33,-1.986,-0.3025,3.773,4.109,-0.1189,5.257,0.4315,1.919,3.546,2.081,3.453,2.071,0.8071,0.2079,-52.63,-36.23,-0.4839,-1.334,0.08329,0.4543,49.54,36.11,0.07133,1.02,2.158,0.987,7.909,2.578,0.9679,1.767,-1.2,-0.1061,0.6444,0.7856,-1.634,-3.468,-76.49,-3.081,-0.3655,-23.86,-0.1248,0.5631,-23.86,0.3068,0.563,16.61,0.3515,0.7108,-112.7,-1.153,0.1355,-112.7,0.7654,0.1354,-166.7,1.895,-0.9931,-81.77,1,-0.3394,-85.53,-0.9862,0.028,-93.44,-0.6053,2.291,-93.46,-1.574,0.9518,-91.85,-2.798,0.2291,-82.96,0.07614,-0.9567,-82.92,-1.689,-1.293,-86.39,-1.87,-0.3967,-2.449,-12.2,-3.415,-10.24,-9.759,-19.53,-7.322,-23.43,0,-7.827,-19.54,-0.4857,-14.16,-0.9764,0,-3.902,11.72,5.367,-6.839,12.22,21.49,1.95,-10.26,5.374,-1.944,-17.57,0.9817,10.28,19.54,-6.824,12.23,3.89,4.412,-1.336,-6.886,4.458,-3.914,4.389,-9.775,1.479,7.798,-2.418,-3.97,-0.5171,2.416,0.5385,-0.02655,0.8313,0.1919,-0.6413,0.2641,0.6517,-0.4228,0.3756,0.348,-0.5598,0.2661,-0.4781,-0.5024,-0.4911,-0.7145,-0.2455,-0.4827,-0.5029,-0.4829,-0.4713,0.7621,-0.09656,0.6371,0.6034,-0.03259,0.7958,0.4798,-0.5954,0.4744,0.5359,-0.5555,0.4585,0.02081,-0.2612,0.08283,-0.5289,-0.534,-0.4712,-0.5418,-0.542,-0.4838,-0.08069,-0.2368,-0.1832
1.34,-2.005,-0.2936,3.777,4.109,-0.1238,5.259,0.4337,1.928,3.532,2.069,3.441,2.058,0.7976,0.2091,-52.66,-36.27,-0.4702,-1.325,0.08882,0.4626,49.58,36.13,0.0834,1.026,2.16,0.9895,7.9,2.568,0.9792,1.764,-1.191,-0.1072,0.6577,0.7788,-1.621,-3.469,-76.47,-3.073,-0.3628,-23.81,-0.1221,0.5555,-23.81,0.3115,0.5556,16.62,0.3467,0.7136,-112.8,-1.156,0.1398,-112.8,0.7728,0.1397,-166.7,1.894,-1.005,-81.75,1.01,-0.3328,-85.52,-0.9959,0.02638,-93.42,-0.6042,2.291,-93.45,-1.582,0.9561,-91.84,-2.798,0.2204,-82.96,0.07372,-0.9608,-82.92,-1.689,-1.293,-86.39,-1.872,-0.4039,-2.927,-10.25,5.368,-11.24,-11.72,-3.91,-1.471,-8.791,12.21,-3.897,-16.6,-4.391,-9.264,9.764,-1.952,3.902,13.18,4.883,-7.811,17.56,19.04,2.924,-6.355,10.75,3.417,-5.381,-0.9817,3.44,4.377,-1.46,-3.385,-9.787,-0.9927,-6.348,-5.356,-1.998,-5.843,8.777,13.18,-1.479,11.24,-5.399,-8.235,-5.429,1.432,0.5386,-0.02661,0.8312,0.1917,-0.6415,0.2637,0.6516,-0.423,0.3754,0.348,-0.5598,0.2661,-0.478,-0.5025,-0.4909,-0.7145,-0.2454,-0.4827,-0.5029,-0.4829,-0.4713,0.7622,-0.09662,0.637,0.6034,-0.03266,0.7958,0.4795,-0.5956,0.4742,0.5358,-0.5556,0.4585,0.02088,-0.2612,0.08277,-0.5289,-0.5339,-0.4713,-0.5418,-0.542,-0.4838,-0.08063,-0.2368,-0.1832
1.35,-2.001,-0.2954,3.782,4.111,-0.1275,5.249,0.445,1.926,3.528,2.068,3.437,2.058,0.7946,0.2038,-52.7,-36.29,-0.4618,-1.315,0.08108,0.4638,49.61,36.15,0.08011,1.001,2.154,0.9793,7.904,2.561,0.9934,1.742,-1.173,-0.1137,0.6616,0.7573,-1.61,-3.478,-76.46,-3.07,-0.3643,-23.76,-0.1189,0.5528,-23.76,0.3259,0.5525,16.63,0.3519,0.7136,-112.8,-1.152,0.1418,-112.8,0.775,0.142,-166.7,1.887,-1.006,-81.73,1.016,-0.3309,-85.51,-0.9862,0.02951,-93.41,-0.5973,2.287,-93.44,-1.591,0.9598,-91.84,-2.79,0.2204,-82.95,0.0568,-0.9483,-82.91,-1.685,-1.279,-86.39,-1.872,-0.4104,2.927,-3.909,-2.921,4.877,-16.11,-11.23,6.341,0.4812,4.391,1.465,-17.1,-0.9815,3.422,19.05,1.952,0,3.912,0,-4.41,10.25,5.855,-0.9748,-5.374,2.431,0.9821,-1.953,13.67,7.327,0,0,-6.385,-11.23,0,-1.336,3.367,-0.4611,3.418,13.17,13.69,3.867,18.04,5.399,-6.323,5.429,2.416,0.5386,-0.02667,0.8312,0.1914,-0.6416,0.2634,0.6516,-0.4232,0.3753,0.3479,-0.5598,0.2659,-0.478,-0.5026,-0.4909,-0.7146,-0.2453,-0.4828,-0.5029,-0.4828,-0.4713,0.7622,-0.09674,0.6369,0.6034,-0.03272,0.7958,0.4793,-0.5959,0.474,0.5357,-0.5556,0.4585,0.02087,-0.2612,0.08277,-0.5289,-0.534,-0.4713,-0.542,-0.542,-0.4837,-0.08057,-0.2368,-0.1832
1.36,-2.007,-0.2975,3.796,4.112,-0.1218,5.241,0.4499,1.929,3.526,2.064,3.437,2.053,0.7857,0.2118,-52.72,-36.31,-0.4556,-1.313,0.08034,0.4667,49.63,36.17,0.07133,0.9919,2.147,0.9704,7.902,2.567,0.9906,1.731,-1.167,-0.1094,0.6583,0.7531,-1.617,-3.488,-76.45,-3.065,-0.3564,-23.73,-0.1154,0.5558,-23.72,0.3341,0.5556,16.65,0.3506,0.7199,-112.8,-1.152,0.1418,-112.8,0.7772,0.142,-166.6,1.885,-1.011,-81.71,1.021,-0.329,-85.5,-0.9863,0.03373,-93.4,-0.6065,2.286,-93.43,-1.597,0.9598,-91.83,-2.79,0.2237,-82.94,0.04714,-0.9356,-82.9,-1.681,-1.275,-86.39,-1.866,-0.4111,4.898,0,0.4932,-0.4847,-16.11,-16.6,4.379,-5.367,1.46,3.43,-12.21,2.934,8.291,20.02,1.952,9.754,6.831,-1.463,8.297,12.69,14.65,-0.9748,-8.786,4.883,3.908,1.475,7.808,2.949,-3.404,-7.332,-4.385,2.447,-7.335,0,-2.907,4.458,4.41,12.22,-2.928,-5.915,-0.9974,15.63,-0.4411,6.334,1.432,0.5387,-0.02667,0.8311,0.1912,-0.6416,0.2632,0.6516,-0.4233,0.3751,0.3479,-0.5599,0.2658,-0.478,-0.5026,-0.4909,-0.7146,-0.2451,-0.4828,-0.503,-0.4827,-0.4714,0.7622,-0.09687,0.6369,0.6034,-0.03272,0.7957,0.479,-0.5961,0.4738,0.5356,-0.5557,0.4585,0.02081,-0.2612,0.08264,-0.529,-0.534,-0.4713,-0.542,-0.5419,-0.4837,-0.08057,-0.2367,-0.1832
1.37,-2.018,-0.3112,3.78,4.123,-0.1202,5.255,0.4396,1.918,3.533,2.068,3.446,2.058,0.7819,0.2008,-52.74,-36.3,-0.4596,-1.299,0.08145,0.4918,49.64,36.18,0.07243,0.9825,2.152,0.9797,7.912,2.558,1.002,1.731,-1.154,-0.08987,0.6604,0.7499,-1.625,-3.491,-76.44,-3.066,-0.3586,-23.7,-0.1064,0.5581,-23.69,0.3335,0.5579,16.67,0.3519,0.7227,-112.8,-1.142,0.1458,-112.8,0.7757,0.146,-166.6,1.874,-1.032,-81.72,1.031,-0.3341,-85.49,-0.9865,0.04216,-93.4,-0.603,2.3,-93.43,-1.605,0.9672,-91.82,-2.784,0.2291,-82.93,0.03868,-0.9368,-82.9,-1.693,-1.273,-86.39,-1.856,-0.4124,6.361,-9.278,-1.954,1.454,-22.94,-16.11,4.379,-8.31,7.322,7.327,-11.72,-4.391,5.87,9.283,9.762,14.15,5.852,0.4838,9.269,4.406,10.74,2.437,-7.805,1.471,-0.491,-3.905,-5.365,2.949,-3.404,-1.46,-2.462,14.62,0,1.336,0,2.459,3.914,4.861,0,-1.024,-6.801,6.85,-5.882,1.422,5.816,0.5386,-0.02673,0.8311,0.1911,-0.6416,0.2629,0.6515,-0.4234,0.375,0.3478,-0.5599,0.2657,-0.4781,-0.5025,-0.4909,-0.7147,-0.245,-0.4829,-0.5031,-0.4825,-0.4715,0.7623,-0.09687,0.6368,0.6034,-0.03272,0.7957,0.4787,-0.5962,0.4737,0.5356,-0.5557,0.4585,0.02075,-0.2611,0.08259,-0.5291,-0.534,-0.4715,-0.542,-0.542,-0.4838,-0.08057,-0.2366,-0.1832
1.38,-2.022,-0.3055,3.765,4.125,-0.1409,5.263,0.4387,1.914,3.541,2.072,3.452,2.064,0.7916,0.1829,-52.76,-36.28,-0.453,-1.289,0.07334,0.4988,49.64,36.18,0.06145,0.9732,2.166,0.9755,7.917,2.546,1.002,1.717,-1.137,-0.09204,0.6716,0.7541,-1.618,-3.493,-76.44,-3.064,-0.3741,-23.68,-0.09702,0.5612,-23.67,0.3417,0.5614,16.69,0.3498,0.7218,-112.7,-1.135,0.1435,-112.7,0.778,0.1434,-166.6,1.863,-1.043,-81.72,1.035,-0.3294,-85.48,-0.9863,0.04086,-93.39,-0.6123,2.313,-93.42,-1.614,0.9715,-91.82,-2.778,0.2226,-82.94,0.0278,-0.9342,-82.9,-1.691,-1.269,-86.39,-1.856,-0.4045,0,-8.302,-12.69,-6.362,-26.37,-3.42,-1.962,-16.12,3.908,0,-20.51,0.9815,0,12.21,0.4928,6.843,8.306,9.766,6.839,8.312,5.855,0,-4.883,-7.805,0.491,0.9764,14.15,-8.801,-2.918,-3.428,-7.846,9.285,-2.923,0,-2.448,2.459,-14.17,-5.402,7.32,-5.346,-9.793,11.69,1.029,15.12,-8.321,0.5386,-0.02686,0.8311,0.1911,-0.6416,0.2628,0.6515,-0.4235,0.3749,0.3477,-0.56,0.2656,-0.4782,-0.5024,-0.4909,-0.7147,-0.2449,-0.4829,-0.5031,-0.4823,-0.4716,0.7623,-0.0968,0.6368,0.6034,-0.03278,0.7957,0.4785,-0.5964,0.4737,0.5355,-0.5558,0.4586,0.02081,-0.2611,0.08259,-0.529,-0.534,-0.4715,-0.542,-0.542,-0.4837,-0.08063,-0.2366,-0.1831
1.39,-2.027,-0.2944,3.755,4.117,-0.1482,5.281,0.4288,1.905,3.537,2.067,3.452,2.058,0.7783,0.1841,-52.75,-36.28,-0.46,-1.281,0.07002,0.5087,49.64,36.18,0.05268,0.9709,2.168,0.9779,7.919,2.529,1.008,1.722,-1.122,-0.07796,0.6809,0.742,-1.618,-3.491,-76.42,-3.052,-0.3706,-23.67,-0.08216,0.5646,-23.66,0.3472,0.5645,16.7,0.3589,0.7245,-112.7,-1.129,0.1408,-112.7,0.7765,0.1407,-166.6,1.853,-1.053,-81.72,1.04,-0.3195,-85.47,-0.9863,0.03956,-93.39,-0.6204,2.315,-93.42,-1.627,0.9789,-91.82,-2.775,0.2204,-82.94,0.02538,-0.9381,-82.91,-1.698,-1.256,-86.4,-1.848,-0.4032,-5.375,-1.951,5.368,-0.9694,-22.46,-16.11,8.793,-13.18,-6.84,2.931,-21.98,0,-7.317,13.67,7.326,-5.358,13.68,4.883,-5.868,3.906,1.459,-4.874,-3.902,8.295,0,-2.929,0,-16.13,-5.35,6.824,-7.308,7.34,-0.4964,-7.684,0,5.38,-8.764,0.9453,-5.383,-3.412,-10.7,-0.9671,-21.03,-14.61,8.768,0.5387,-0.02692,0.8311,0.1911,-0.6416,0.2626,0.6515,-0.4236,0.3748,0.3477,-0.56,0.2655,-0.4784,-0.5023,-0.491,-0.7147,-0.2447,-0.483,-0.5032,-0.4821,-0.4718,0.7623,-0.09675,0.6368,0.6034,-0.03284,0.7957,0.4783,-0.5965,0.4737,0.5354,-0.5558,0.4586,0.02081,-0.2611,0.08252,-0.529,-0.5341,-0.4715,-0.542,-0.5421,-0.4837,-0.08063,-0.2366,-0.1831
1.4,-2.023,-0.2875,3.738,4.099,-0.1448,5.3,0.4166,1.904,3.531,2.068,3.449,2.058,0.7577,0.1948,-52.74,-36.29,-0.468,-1.277,0.0715,0.5179,49.63,36.19,0.05487,0.9791,2.17,0.9874,7.934,2.502,1.005,1.728,-1.123,-0.0758,0.674,0.7315,-1.619,-3.482,-76.4,-3.044,-0.3584,-23.67,-0.07199,0.5635,-23.66,0.3444,0.5637,16.71,0.365,0.7245,-112.7,-1.122,0.1385,-112.7,0.7824,0.1384,-166.5,1.85,-1.069,-81.73,1.03,-0.3099,-85.46,-0.9919,0.04227,-93.39,-0.6238,2.321,-93.42,-1.627,0.9789,-91.81,-2.775,0.2281,-82.96,0.0278,-0.9448,-82.92,-1.7,-1.252,-86.4,-1.85,-0.4104,-4.39,5.86,10.74,-2.454,-21.98,-7.319,8.303,-12.22,0.4827,6.828,-23.93,-11.72,-6.343,10.26,-7.809,2.941,25.88,18.55,-10.73,5.375,5.369,1.95,1.471,-0.4905,6.834,-6.357,-7.328,3.887,2.918,-2.444,9.308,4.392,3.419,0.3341,0.9181,1.998,-1.929,-1.485,6.847,6.37,-1.995,-6.366,1.912,-3.878,4.384,0.5388,-0.02692,0.831,0.1912,-0.6416,0.2626,0.6514,-0.4236,0.3748,0.3477,-0.5601,0.2654,-0.4784,-0.5022,-0.491,-0.7148,-0.2445,-0.4831,-0.5033,-0.4819,-0.4718,0.7623,-0.09669,0.6368,0.6034,-0.0329,0.7958,0.4781,-0.5966,0.4736,0.5354,-0.5558,0.4586,0.02075,-0.2611,0.08252,-0.5288,-0.5342,-0.4714,-0.542,-0.5422,-0.4836,-0.08057,-0.2366,-0.1831
1.41,-2.033,-0.286,3.737,4.101,-0.1394,5.313,0.4197,1.914,3.52,2.054,3.443,2.045,0.7347,0.1979,-52.71,-36.29,-0.4547,-1.269,0.07481,0.5367,49.62,36.2,0.05487,0.9744,2.168,0.9741,7.928,2.484,1.013,1.717,-1.113,-0.08338,0.6728,0.7305,-1.616,-3.468,-76.39,-3.036,-0.3461,-23.68,-0.06221,0.5585,-23.67,0.3574,0.5583,16.71,0.365,0.7318,-112.7,-1.121,0.1492,-112.7,0.7927,0.1493,-166.5,1.857,-1.088,-81.72,1.04,-0.3042,-85.45,-0.9921,0.04648,-93.37,-0.6238,2.322,-93.4,-1.637,0.9826,-91.8,-2.775,0.2324,-82.97,0.02296,-0.9275,-82.93,-1.693,-1.244,-86.4,-1.848,-0.4032,2.449,-4.885,2.447,-0.4847,-10.74,3.91,6.341,-10.25,-3.414,10.76,-27.34,-7.811,1.475,12.69,-0.9762,6.348,17.09,19.05,0,11.22,15.62,5.849,-7.314,8.295,5.852,-16.12,4.885,9.292,-6.853,-2.92,18.08,-1.945,-13.68,-8.352,1.53,11.22,17.09,5.402,4.392,10.69,14.15,-5.399,-5.882,5.817,14.67,0.5389,-0.02692,0.8309,0.1913,-0.6416,0.2626,0.6515,-0.4237,0.3747,0.3477,-0.56,0.2653,-0.4785,-0.5022,-0.491,-0.715,-0.2442,-0.4832,-0.5035,-0.4817,-0.4718,0.7623,-0.09669,0.6368,0.6034,-0.0329,0.7958,0.4779,-0.5967,0.4735,0.5353,-0.5559,0.4587,0.02069,-0.2611,0.08246,-0.5289,-0.5343,-0.4713,-0.542,-0.5422,-0.4835,-0.08063,-0.2366,-0.1831
1.42,-2.043,-0.2786,3.751,4.091,-0.1429,5.315,0.4211,1.934,3.518,2.046,3.442,2.037,0.7307,0.2003,-52.68,-36.29,-0.4503,-1.269,0.07666,0.538,49.61,36.2,0.06914,0.9744,2.159,0.9536,7.913,2.481,1.022,1.708,-1.117,-0.07363,0.674,0.7273,-1.603,-3.463,-76.37,-3.028,-0.3434,-23.69,-0.05634,0.5635,-23.69,0.365,0.5637,16.71,0.3624,0.7418,-112.7,-1.121,0.1492,-112.7,0.8142,0.1493,-166.5,1.87,-1.107,-81.71,1.04,-0.298,-85.45,-1.002,0.04616,-93.36,-0.6204,2.313,-93.39,-1.641,0.9895,-91.8,-2.784,0.239,-82.97,0.01209,-0.9078,-82.94,-1.697,-1.241,-86.4,-1.842,-0.4045,22.93,-6.835,3.908,0.4847,0.4819,3.42,7.813,-4.386,-0.9771,7.327,-19.04,-8.297,6.343,-3.425,-8.302,10.74,2.437,0.4838,5.382,17.09,-6.828,11.74,-4.883,8.786,8.307,-5.381,10.25,10.72,-8.312,-11.71,9.308,-9.285,18.09,1.002,-12.7,-1.998,22.93,16.14,-3.4,13.19,22.49,7.817,2.5,16.16,7.784,0.5389,-0.02698,0.8309,0.1914,-0.6416,0.2626,0.6515,-0.4237,0.3747,0.3477,-0.56,0.2653,-0.4786,-0.5022,-0.4911,-0.7152,-0.2439,-0.4832,-0.5038,-0.4815,-0.4718,0.7623,-0.09674,0.6367,0.6033,-0.0329,0.7958,0.4778,-0.5969,0.4733,0.5351,-0.556,0.4587,0.02063,-0.2611,0.08246,-0.529,-0.5343,-0.4713,-0.542,-0.5423,-0.4835,-0.08063,-0.2365,-0.1831
1.43,-2.058,-0.2699,3.756,4.09,-0.1455,5.307,0.4215,1.949,3.515,2.042,3.44,2.032,0.7222,0.204,-52.66,-36.27,-0.4424,-1.261,0.06892,0.5373,49.6,36.22,0.06914,0.9674,2.163,0.9396,7.926,2.466,1.016,1.678,-1.113,-0.09421,0.6848,0.721,-1.604,-3.465,-76.36,-3.023,-0.3392,-23.71,-0.05047,0.5639,-23.7,0.3711,0.5637,16.7,0.3594,0.739,-112.7,-1.12,0.1492,-112.7,0.8289,0.149,-166.5,1.872,-1.118,-81.69,1.045,-0.2916,-85.44,-1.012,0.04454,-93.36,-0.6296,2.316,-93.39,-1.645,0.9938,-91.8,-2.784,0.2324,-82.98,-0.006043,-0.8961,-82.95,-1.683,-1.232,-86.41,-1.848,-0.4019,13.17,-12.7,11.72,0,-0.981,4.879,14.64,3.905,0,-0.4996,-20.02,-2.934,11.71,-8.307,4.881,13.19,-10.26,-8.787,11.21,16.59,0,11.25,0,-3.412,16.59,2.929,4.383,10.72,-13.18,-12.7,0.4615,-13.68,-1.489,2.004,0,1.998,13.17,19.51,-26.87,11.26,23.94,12.17,-3.382,5.817,0.9842,0.539,-0.02698,0.8308,0.1915,-0.6416,0.2627,0.6516,-0.4236,0.3747,0.3477,-0.56,0.2654,-0.4787,-0.5021,-0.4912,-0.7153,-0.2437,-0.4833,-0.504,-0.4813,-0.472,0.7623,-0.09681,0.6367,0.6032,-0.03296,0.7959,0.4777,-0.597,0.4733,0.5351,-0.5559,0.4587,0.02069,-0.2611,0.08246,-0.5291,-0.5343,-0.4714,-0.542,-0.5423,-0.4834,-0.08063,-0.2366,-0.183
1.44,-2.064,-0.2671,3.765,4.086,-0.1567,5.297,0.4238,1.959,3.517,2.032,3.442,2.023,0.7194,0.1958,-52.64,-36.26,-0.4402,-1.25,0.06781,0.5418,49.58,36.25,0.07023,0.9569,2.162,0.9592,7.927,2.479,1.022,1.653,-1.109,-0.1007,0.6833,0.7315,-1.607,-3.487,-76.36,-3.019,-0.3444,-23.72,-0.04069,0.5639,-23.71,0.3834,0.5637,16.7,0.3668,0.7454,-112.6,-1.122,0.1538,-112.6,0.8371,0.1536,-166.4,1.869,-1.126,-81.68,1.045,-0.2853,-85.44,-1.017,0.04864,-93.36,-0.6331,2.32,-93.39,-1.656,0.9906,-91.8,-2.79,0.2302,-82.96,-0.02055,-0.9122,-82.93,-1.674,-1.228,-86.41,-1.846,-0.3869,-1.463,-7.811,11.72,7.331,4.888,-3.42,6.832,-1.462,10.25,0.9658,-16.6,-10.75,11.71,-3.425,10.25,15.14,-12.7,0.9788,2.915,20.5,-2.937,7.798,0,-7.805,7.816,0,1.461,-1.474,-18.57,-8.792,-0.4615,-3.89,9.762,3.341,0,1.537,-1.488,16.14,-14.17,-2.389,5.35,15.63,-7.352,0,3.937,0.539,-0.02704,0.8308,0.1917,-0.6415,0.2627,0.6516,-0.4237,0.3747,0.3478,-0.56,0.2653,-0.4788,-0.502,-0.4913,-0.7154,-0.2435,-0.4833,-0.5042,-0.481,-0.4722,0.7623,-0.09687,0.6367,0.6032,-0.03296,0.7959,0.4777,-0.597,0.4734,0.5351,-0.556,0.4587,0.02069,-0.2612,0.0824,-0.5292,-0.5342,-0.4717,-0.5422,-0.5422,-0.4834,-0.08076,-0.2366,-0.1829
1.45,-2.083,-0.2637,3.765,4.09,-0.1606,5.297,0.422,1.958,3.512,2.024,3.438,2.016,0.7166,0.1871,-52.65,-36.26,-0.4578,-1.239,0.05897,0.5469,49.6,36.27,0.06145,0.9628,2.172,0.9618,7.941,2.49,1.01,1.653,-1.106,-0.105,0.6858,0.7252,-1.603,-3.509,-76.35,-3.013,-0.3461,-23.7,-0.03599,0.5623,-23.7,0.3862,0.5622,16.71,0.3873,0.7372,-112.6,-1.119,0.1602,-112.6,0.8385,0.1603,-166.4,1.863,-1.129,-81.67,1.055,-0.2841,-85.43,-1.027,0.04702,-93.36,-0.6504,2.331,-93.39,-1.658,0.9948,-91.8,-2.79,0.2313,-82.94,-0.02538,-0.9167,-82.91,-1.676,-1.222,-86.41,-1.852,-0.3856,-12.69,-0.9753,4.401,9.755,4.389,-9.77,5.851,-0.9809,7.322,0,-18.55,1.467,12.21,0.4955,-4.881,2.941,-13.18,-4.399,-0.9717,14.66,2.937,0,1.471,-1.962,-8.307,-5.381,7.808,-3.44,-14.63,-0.984,-5.846,-5.395,-6.342,5.011,-0.4591,-1.537,-8.764,7.292,11.71,-5.915,-15.14,-10.72,-8.823,-2.456,0.4473,0.539,-0.0271,0.8308,0.1916,-0.6416,0.2626,0.6517,-0.4237,0.3747,0.3479,-0.5601,0.2653,-0.4789,-0.502,-0.4913,-0.7155,-0.2434,-0.4834,-0.5043,-0.4809,-0.4724,0.7624,-0.09693,0.6366,0.6031,-0.03302,0.7959,0.4778,-0.5968,0.4736,0.5351,-0.556,0.4588,0.02069,-0.2612,0.08246,-0.5292,-0.5341,-0.4718,-0.5423,-0.5421,-0.4834,-0.08075,-0.2366,-0.1829
1.46,-2.093,-0.2551,3.769,4.071,-0.1666,5.294,0.4414,1.951,3.485,2.01,3.411,2.002,0.7182,0.1896,-52.66,-36.26,-0.4671,-1.247,0.04349,0.5376,49.61,36.29,0.06365,0.9593,2.185,0.9576,7.95,2.481,1.01,1.634,-1.098,-0.105,0.7017,0.7168,-1.608,-3.509,-76.34,-2.994,-0.3459,-23.68,-0.04264,0.5566,-23.67,0.3985,0.5567,16.72,0.41,0.7254,-112.6,-1.117,0.1558,-112.6,0.8334,0.1556,-166.4,1.865,-1.117,-81.65,1.055,-0.2778,-85.42,-1.037,0.0454,-93.36,-0.655,2.344,-93.39,-1.665,1.002,-91.8,-2.79,0.2226,-82.93,-0.03747,-0.9146,-82.91,-1.67,-1.215,-86.41,-1.846,-0.3869,-19.05,-0.4918,9.769,-5.847,3.425,-0.4902,5.851,-2.443,0,-3.43,-22.95,-7.326,8.291,11.72,5.374,8.299,4.393,6.345,-0.4859,14.16,1.459,-12.71,-0.4905,6.845,-7.325,1.953,0,-10.28,-7.339,9.776,-14.62,3.89,-1.489,2.339,0,-2.459,-10.75,2.903,22.48,-7.28,-24.39,2.418,-10.73,0,3.4,0.5392,-0.02716,0.8307,0.1914,-0.6416,0.2625,0.6517,-0.4238,0.3747,0.3479,-0.5603,0.2652,-0.4789,-0.5019,-0.4914,-0.7155,-0.2434,-0.4834,-0.5044,-0.4808,-0.4725,0.7623,-0.09699,0.6366,0.603,-0.03308,0.796,0.4778,-0.5967,0.4738,0.535,-0.556,0.4588,0.02075,-0.2612,0.0824,-0.5293,-0.534,-0.472,-0.5423,-0.5421,-0.4834,-0.08076,-0.2366,-0.1829
1.47,-2.109,-0.2626,3.758,4.067,-0.1685,5.304,0.4306,1.926,3.467,2.005,3.394,1.997,0.7098,0.1802,-52.69,-36.27,-0.4794,-1.247,0.04607,0.5431,49.62,36.29,0.06914,0.9628,2.195,0.9662,7.974,2.484,1.01,1.628,-1.097,-0.1094,0.7014,0.7189,-1.622,-3.53,-76.33,-2.985,-0.347,-23.64,-0.0403,0.5448,-23.64,0.3903,0.5451,16.75,0.4236,0.7145,-112.6,-1.108,0.1598,-112.6,0.8178,0.16,-166.4,1.859,-1.109,-81.65,1.061,-0.2777,-85.41,-1.047,0.05362,-93.37,-0.6562,2.362,-93.4,-1.667,1.002,-91.8,-2.79,0.2226,-82.92,-0.04472,-0.9155,-82.89,-1.672,-1.215,-86.42,-1.852,-0.3843,-20.01,-4.393,3.908,-6.362,-5.852,-9.279,-2.452,0,9.277,0.9658,-16.6,5.373,-6.844,2.448,3.905,-2.446,9.284,-1.463,-8.297,8.312,2.45,-17.58,0.9809,7.314,-17.58,-3.905,5.365,-8.801,10.74,12.22,-3.385,16.62,-9.762,-4.343,3.367,-3.843,-7.331,-5.402,14.64,1.024,-11.7,-5.883,-9.705,-10.73,5.368,0.5392,-0.02722,0.8306,0.1912,-0.6418,0.2622,0.6516,-0.4238,0.3747,0.3477,-0.5605,0.265,-0.479,-0.5019,-0.4913,-0.7154,-0.2435,-0.4835,-0.5043,-0.4809,-0.4726,0.7624,-0.09699,0.6366,0.603,-0.03308,0.796,0.4777,-0.5966,0.4739,0.5351,-0.5559,0.4589,0.02075,-0.2612,0.0824,-0.5293,-0.534,-0.472,-0.5424,-0.542,-0.4834,-0.08075,-0.2366,-0.1829
1.48,-2.118,-0.2482,3.758,4.045,-0.1805,5.305,0.4378,1.917,3.442,1.983,3.367,1.976,0.7106,0.165,-52.72,-36.28,-0.475,-1.24,0.04054,0.5319,49.64,36.29,0.07133,0.9732,2.212,0.9632,8.003,2.474,1.002,1.628,-1.096,-0.1115,0.7201,0.7163,-1.628,-3.534,-76.31,-2.969,-0.3534,-23.6,-0.04264,0.5326,-23.59,0.3951,0.5326,16.77,0.431,0.7027,-112.6,-1.108,0.1708,-112.6,0.809,0.1709,-166.4,1.857,-1.084,-81.64,1.055,-0.2715,-85.39,-1.062,0.04627,-93.39,-0.6666,2.374,-93.42,-1.667,1.017,-91.81,-2.79,0.2182,-82.92,-0.04955,-0.9199,-82.89,-1.676,-1.212,-86.42,-1.858,-0.383,-6.839,-7.811,-3.415,-6.362,-12.7,-0.9804,-4.379,0.9809,7.322,0,-17.1,-11.72,-13.19,-2.448,4.398,-14.65,16.11,2.925,-18.54,3.407,4.396,-11.25,-7.314,22.45,-11.72,1.475,3.424,0,20.51,17.08,-12.23,9.285,-1.489,-1.336,0,1.537,-1.929,-11.75,15.16,-3.412,7.345,9.751,2.5,2.973,-0.9842,0.5393,-0.02734,0.8305,0.191,-0.6419,0.262,0.6516,-0.424,0.3747,0.3476,-0.5606,0.2648,-0.479,-0.502,-0.4913,-0.7154,-0.2434,-0.4836,-0.5042,-0.481,-0.4727,0.7623,-0.09705,0.6366,0.6029,-0.0332,0.7961,0.4777,-0.5966,0.474,0.5351,-0.5558,0.459,0.02081,-0.2612,0.08246,-0.5293,-0.534,-0.4721,-0.5424,-0.542,-0.4834,-0.08075,-0.2367,-0.1829
1.49,-2.114,-0.2468,3.748,4.025,-0.1901,5.313,0.4333,1.901,3.418,1.971,3.343,1.966,0.7134,0.1435,-52.73,-36.3,-0.4817,-1.23,0.04902,0.5281,49.64,36.29,0.07023,0.9709,2.213,0.9518,8.023,2.461,0.9991,1.614,-1.085,-0.1094,0.7241,0.7189,-1.64,-3.53,-76.31,-2.959,-0.364,-23.58,-0.0446,0.5169,-23.58,0.3882,0.517,16.79,0.4428,0.6945,-112.6,-1.1,0.1795,-112.6,0.8009,0.1795,-166.4,1.848,-1.068,-81.64,1.045,-0.2719,-85.38,-1.067,0.04475,-93.4,-0.6723,2.374,-93.43,-1.671,1.028,-91.81,-2.784,0.2259,-82.92,-0.0568,-0.9103,-82.89,-1.672,-1.215,-86.42,-1.852,-0.3843,5.853,-2.926,-18.06,-6.362,-17.57,-0.9804,-3.889,-5.367,-3.908,-4.896,-20.02,0.4857,-16.11,-4.401,0.9762,-11.24,16.6,4.399,-12.22,8.782,2.45,-4.387,-7.314,7.805,0,-1.475,9.269,8.801,23.43,5.364,0.4615,20.51,2.923,-0.3341,0,-6.302,4.41,-8.777,-2.456,1.479,16.14,13.22,-6.764,5.429,-6.8,0.5394,-0.02747,0.8305,0.1909,-0.6421,0.2619,0.6515,-0.4241,0.3747,0.3476,-0.5608,0.2647,-0.479,-0.502,-0.4912,-0.7154,-0.2434,-0.4837,-0.5041,-0.4811,-0.4727,0.7623,-0.09705,0.6367,0.6028,-0.03327,0.7961,0.4776,-0.5967,0.474,0.5351,-0.5558,0.4591,0.02075,-0.2611,0.08246,-0.5295,-0.5338,-0.4723,-0.5424,-0.542,-0.4834,-0.08075,-0.2366,-0.1829
1.5,-2.119,-0.2383,3.754,4.02,-0.1978,5.308,0.4387,1.885,3.415,1.969,3.338,1.964,0.7241,0.135,-52.73,-36.32,-0.4843,-1.232,0.05086,0.5252,49.64,36.31,0.08011,0.9732,2.221,0.9471,8.038,2.457,1.016,1.614,-1.071,-0.09529,0.7235,0.7194,-1.64,-3.536,-76.3,-2.959,-0.3662,-23.57,-0.05516,0.5177,-23.57,0.3834,0.5178,16.8,0.4415,0.6936,-112.6,-1.098,0.1859,-112.6,0.7868,0.1858,-166.3,1.848,-1.05,-81.62,1.041,-0.2658,-85.37,-1.077,0.04313,-93.4,-0.67,2.381,-93.43,-1.685,1.036,-91.81,-2.784,0.2335,-82.91,-0.06406,-0.9078,-82.88,-1.679,-1.216,-86.42,-1.846,-0.3849,-3.912,-8.786,-19.05,-15.15,-25.89,0,-2.943,-3.905,-5.863,-5.362,-22.46,9.764,-21.01,-4.401,-14.65,-15.14,10.74,14.16,-14.16,9.281,2.45,-1.95,-11.24,11.24,-12.69,-5.858,7.328,6.835,25.38,-1.968,2.462,23.9,9.762,0,-3.979,3.843,7.827,4.389,-7.792,-1.934,10.7,6.366,-5.441,8.273,7.784,0.5394,-0.02753,0.8305,0.1908,-0.6421,0.2619,0.6514,-0.4242,0.3747,0.3475,-0.5608,0.2647,-0.479,-0.5021,-0.4911,-0.7154,-0.2433,-0.4839,-0.5041,-0.4811,-0.4729,0.7622,-0.09711,0.6367,0.6028,-0.03333,0.7962,0.4776,-0.5967,0.474,0.535,-0.5558,0.4593,0.02069,-0.2611,0.08252,-0.5297,-0.5337,-0.4725,-0.5424,-0.542,-0.4835,-0.08076,-0.2366,-0.1829
1.51,-2.123,-0.2418,3.748,4.021,-0.1977,5.308,0.4373,1.887,3.417,1.972,3.341,1.968,0.722,0.1389,-52.71,-36.32,-0.4922,-1.234,0.05749,0.5087,49.6,36.32,0.09108,0.9802,2.21,0.9518,8.05,2.465,1.016,1.62,-1.069,-0.08338,0.7247,0.7352,-1.656,-3.555,-76.3,-2.965,-0.3666,-23.59,-0.05477,0.5135,-23.59,0.3828,0.5135,16.81,0.4506,0.6963,-112.6,-1.103,0.1839,-112.6,0.7846,0.1838,-166.3,1.847,-1.032,-81.62,1.036,-0.2659,-85.37,-1.087,0.04702,-93.41,-0.67,2.374,-93.44,-1.685,1.043,-91.8,-2.782,0.239,-82.9,-0.06768,-0.9084,-82.87,-1.687,-1.224,-86.42,-1.842,-0.3771,-7.824,-1.467,-8.783,-11.72,-22.46,-2.44,-2.943,-8.791,19.05,-9.292,-21.98,13.18,-19.03,-2.929,-3.905,-12.2,0.481,-0.4838,-17.08,4.406,7.333,0.4874,-8.786,1.471,-7.816,-16.12,6.826,0.4914,18.57,-8.316,5.846,11.23,18.53,-4.343,-8.722,0,-5.843,-3.443,-15.63,-2.389,1.995,13.7,6.323,19,-10.74,0.5393,-0.02753,0.8305,0.1909,-0.6421,0.262,0.6513,-0.4244,0.3746,0.3475,-0.5609,0.2645,-0.479,-0.5021,-0.4911,-0.7154,-0.2432,-0.484,-0.5041,-0.4812,-0.4729,0.7622,-0.09711,0.6367,0.6027,-0.03333,0.7962,0.4776,-0.5967,0.474,0.535,-0.5557,0.4593,0.02063,-0.2611,0.08246,-0.5299,-0.5335,-0.4726,-0.5424,-0.542,-0.4836,-0.08081,-0.2366,-0.1828
1.52,-2.12,-0.2474,3.742,4.026,-0.199,5.318,0.4382,1.89,3.422,1.976,3.346,1.971,0.7208,0.1437,-52.68,-36.34,-0.4918,-1.242,0.05454,0.5007,49.57,36.34,0.09657,0.9756,2.203,0.9727,8.046,2.477,1.036,1.625,-1.045,-0.05956,0.7274,0.7363,-1.643,-3.572,-76.29,-2.975,-0.3641,-23.62,-0.05868,0.5101,-23.61,0.3793,0.51,16.82,0.4498,0.689,-112.6,-1.11,0.1865,-112.6,0.7802,0.1865,-166.3,1.855,-1.02,-81.63,1.031,-0.2616,-85.37,-1.087,0.05686,-93.41,-0.6654,2.376,-93.44,-1.702,1.047,-91.81,-2.775,0.2412,-82.89,-0.07131,-0.9198,-82.86,-1.695,-1.218,-86.43,-1.829,-0.3705,-0.4778,-8.786,-12.2,-4.393,-8.795,-3.91,-2.943,-13.18,-3.908,-4.396,-21.98,-7.811,-12.21,2.929,-0.4928,-7.804,-1.956,2.441,-6.839,6.843,11.22,-1.95,-13.67,16.12,-5.381,-16.6,8.789,-2.949,13.18,-7.332,-1,3.388,11.69,0,-3.979,5.38,-13.17,-6.819,-8.784,-4.891,-15.14,9.751,-9.264,-1.034,12.17,0.5393,-0.02753,0.8305,0.191,-0.6421,0.2622,0.6513,-0.4245,0.3747,0.3474,-0.5609,0.2645,-0.4789,-0.5022,-0.4911,-0.7155,-0.2431,-0.4841,-0.5041,-0.4812,-0.473,0.7622,-0.09705,0.6368,0.6027,-0.03327,0.7962,0.4775,-0.5967,0.4739,0.5349,-0.5558,0.4594,0.02063,-0.2611,0.08252,-0.5299,-0.5334,-0.4728,-0.5424,-0.542,-0.4837,-0.08088,-0.2365,-0.1828
1.53,-2.12,-0.2486,3.741,4.036,-0.2012,5.329,0.436,1.889,3.421,1.983,3.345,1.976,0.7218,0.1549,-52.63,-36.34,-0.5033,-1.257,0.06007,0.4979,49.53,36.36,0.1032,0.9825,2.206,0.9779,8.027,2.497,1.05,1.642,-1.033,-0.04548,0.7298,0.742,-1.637,-3.596,-76.29,-2.985,-0.3616,-23.66,-0.06807,0.5036,-23.66,0.3677,0.5034,16.82,0.4563,0.6818,-112.6,-1.118,0.1825,-112.6,0.7706,0.1825,-166.3,1.86,-1.011,-81.63,1.031,-0.2571,-85.37,-1.088,0.06237,-93.39,-0.6585,2.384,-93.42,-1.707,1.054,-91.8,-2.769,0.2466,-82.87,-0.06526,-0.9191,-82.84,-1.708,-1.223,-86.44,-1.825,-0.3692,5.375,-5.368,-7.816,0.4847,-2.926,-3.42,6.832,-9.772,10.74,0,-21.98,0.4857,-10.74,-1.953,5.374,0.495,2.934,-2.441,-3.401,0.9692,7.333,-3.412,-14.16,1.471,-3.908,-12.69,1.461,-1.966,7.339,-5.872,2.462,2.447,0,2.004,0,1.537,-6.835,-11.21,0,3.867,-8.796,1.934,-9.705,-10.21,0,0.5392,-0.02753,0.8306,0.1912,-0.642,0.2625,0.6512,-0.4245,0.3747,0.3474,-0.561,0.2645,-0.4789,-0.5022,-0.4912,-0.7155,-0.2431,-0.4843,-0.5042,-0.4812,-0.4731,0.7622,-0.09699,0.6368,0.6027,-0.0332,0.7962,0.4774,-0.5968,0.4738,0.5348,-0.5558,0.4594,0.02057,-0.261,0.08246,-0.53,-0.5333,-0.4728,-0.5425,-0.5419,-0.4838,-0.08087,-0.2365,-0.1827
1.54,-2.115,-0.2507,3.709,4.046,-0.1957,5.355,0.4481,1.891,3.428,1.986,3.352,1.979,0.7194,0.1666,-52.61,-36.34,-0.4989,-1.266,0.0468,0.4902,49.51,36.37,0.1086,0.9767,2.206,0.9825,8.009,2.498,1.067,1.645,-1.022,-0.02274,0.7434,0.7557,-1.606,-3.598,-76.28,-3.002,-0.3535,-23.68,-0.07707,0.5001,-23.68,0.3704,0.5003,16.82,0.4559,0.6681,-112.7,-1.131,0.1875,-112.6,0.7595,0.1875,-166.3,1.867,-0.9913,-81.66,1.025,-0.2546,-85.36,-1.088,0.06659,-93.37,-0.6527,2.387,-93.4,-1.719,1.061,-91.81,-2.769,0.2412,-82.87,-0.07131,-0.9198,-82.84,-1.715,-1.224,-86.43,-1.811,-0.3575,7.316,-1.951,-2.921,7.816,10.74,-4.879,2.943,-9.272,0,0,-24.9,-2.438,-3.895,1.953,-13.68,-2.941,-0.481,0,3.401,2.438,11.71,2.437,-7.805,-3.412,0,-4.882,5.365,-7.327,5.88,-1.46,-8.769,0,-0.9927,-0.3341,0,5.841,0.4961,-10.74,3.4,1.934,-0.4534,4.916,-6.764,5.429,3.937,0.5391,-0.02747,0.8307,0.1912,-0.642,0.2627,0.6512,-0.4245,0.3748,0.3474,-0.5611,0.2646,-0.4788,-0.5022,-0.4913,-0.7154,-0.2432,-0.4843,-0.5042,-0.4813,-0.4732,0.7622,-0.09681,0.6368,0.6027,-0.0332,0.7962,0.4771,-0.597,0.4737,0.5346,-0.556,0.4594,0.02063,-0.261,0.08252,-0.5299,-0.5334,-0.4728,-0.5425,-0.5419,-0.4839,-0.081,-0.2363,-0.1827
1.55,-2.109,-0.253,3.679,4.063,-0.1907,5.382,0.449,1.876,3.438,2.007,3.365,2,0.7106,0.1676,-52.6,-36.35,-0.5072,-1.262,0.04607,0.4953,49.51,36.4,0.1086,0.9767,2.198,0.9725,8,2.491,1.07,1.656,-1.016,-0.01516,0.7446,0.7573,-1.592,-3.598,-76.28,-3.025,-0.346,-23.69,-0.08294,0.491,-23.68,0.3663,0.4909,16.81,0.4672,0.6572,-112.7,-1.129,0.1942,-112.7,0.7477,0.1941,-166.3,1.862,-0.9824,-81.68,1.019,-0.252,-85.36,-1.088,0.07091,-93.35,-0.6539,2.383,-93.39,-1.725,1.062,-91.81,-2.769,0.2412,-82.87,-0.07131,-0.9057,-82.84,-1.729,-1.226,-86.43,-1.817,-0.3562,1.463,5.368,3.908,5.362,7.814,-4.879,8.793,-6.348,-7.322,5.362,-21.98,2.438,6.844,4.882,-9.278,3.902,0.481,0,0.4859,-3.407,4.396,6.336,4.883,3.412,1.473,5.858,3.424,-5.852,-0.4863,-2.444,-3.385,-7.842,-3.419,2.339,4.438,6.302,10.25,-1.485,3.4,5.915,16.59,14.67,-4.853,1.034,4.384,0.5389,-0.02741,0.8307,0.1912,-0.6421,0.2627,0.6512,-0.4245,0.3749,0.3474,-0.5611,0.2647,-0.4788,-0.5023,-0.4912,-0.7154,-0.2433,-0.4844,-0.5043,-0.4812,-0.4733,0.7622,-0.09662,0.6369,0.6027,-0.0332,0.7962,0.4768,-0.5972,0.4734,0.5345,-0.556,0.4594,0.02063,-0.261,0.08252,-0.5299,-0.5335,-0.4727,-0.5424,-0.542,-0.4839,-0.081,-0.2364,-0.1827
1.56,-2.106,-0.2654,3.657,4.089,-0.1861,5.396,0.4531,1.86,3.458,2.026,3.385,2.019,0.7045,0.1618,-52.61,-36.36,-0.5046,-1.253,0.03685,0.4922,49.52,36.41,0.1108,0.9616,2.179,0.9657,7.99,2.496,1.084,1.653,-1.001,-0.006497,0.7485,0.7662,-1.58,-3.609,-76.29,-3.05,-0.3429,-23.68,-0.08294,0.4857,-23.68,0.3704,0.4859,16.81,0.4707,0.6463,-112.7,-1.129,0.2052,-112.7,0.7307,0.2051,-166.3,1.852,-0.9593,-81.7,1.019,-0.2538,-85.36,-1.084,0.08075,-93.34,-0.6492,2.373,-93.37,-1.734,1.065,-91.81,-2.763,0.2422,-82.86,-0.08339,-0.8894,-82.83,-1.736,-1.226,-86.44,-1.815,-0.3483,-3.912,2.926,2.921,4.393,4.389,1.459,10.26,0.9809,0,7.327,-17.1,17.58,5.87,-1.472,0.9762,8.299,-0.9781,-5.367,4.896,1.469,4.882,0.9748,8.295,4.883,0,3.905,-1.461,1.474,-6.853,8.792,0.4615,-4.893,-7.831,-2.004,-0.4591,0.9223,15.6,-0.4726,-0.9917,-3.412,18.04,19.02,-4.853,2.456,4.921,0.5387,-0.02735,0.8309,0.1912,-0.6421,0.2627,0.6513,-0.4245,0.3751,0.3474,-0.5612,0.2647,-0.4788,-0.5024,-0.4911,-0.7153,-0.2434,-0.4845,-0.5041,-0.4814,-0.4734,0.7622,-0.0965,0.6369,0.6027,-0.03314,0.7962,0.4767,-0.5974,0.4732,0.5344,-0.5561,0.4594,0.02063,-0.2609,0.08252,-0.5299,-0.5336,-0.4726,-0.5424,-0.542,-0.484,-0.08106,-0.2364,-0.1826
1.57,-2.094,-0.2626,3.633,4.103,-0.1767,5.416,0.4535,1.845,3.466,2.035,3.397,2.029,0.6922,0.1575,-52.61,-36.37,-0.5015,-1.234,0.02064,0.5052,49.53,36.43,0.1043,0.9534,2.179,0.9464,7.994,2.519,1.084,1.658,-0.9862,0.01191,0.7346,0.7835,-1.583,-3.647,-76.29,-3.07,-0.3357,-23.68,-0.08451,0.4757,-23.67,0.3691,0.4758,16.8,0.4738,0.6218,-112.7,-1.13,0.2209,-112.7,0.7144,0.2207,-166.3,1.835,-0.9496,-81.72,1.014,-0.2557,-85.35,-1.078,0.07535,-93.34,-0.6504,2.368,-93.37,-1.734,1.065,-91.81,-2.748,0.2564,-82.83,-0.08581,-0.8758,-82.8,-1.744,-1.235,-86.45,-1.807,-0.3385,-5.853,1.467,0.9675,3.908,-1.945,5.369,1.962,0.4812,-8.299,3.897,-20.99,2.934,6.343,-5.378,-12.21,6.843,0.9781,-4.883,-0.9717,-1.469,-6.828,5.849,11.73,0,0,2.929,-0.4794,3.44,-9.771,-7.332,-1,-3.388,5.35,-5.345,-8.722,3.382,5.843,8.777,0,-4.891,10.7,19.02,-3.97,5.429,-5.368,0.5386,-0.02728,0.831,0.1912,-0.6422,0.2626,0.6514,-0.4243,0.3752,0.3474,-0.5613,0.2648,-0.4788,-0.5025,-0.4911,-0.7152,-0.2435,-0.4846,-0.5041,-0.4813,-0.4736,0.7622,-0.09638,0.6369,0.6027,-0.0332,0.7962,0.4765,-0.5976,0.4731,0.5344,-0.5561,0.4594,0.02051,-0.2608,0.08252,-0.5301,-0.5336,-0.4726,-0.5425,-0.5418,-0.4842,-0.08112,-0.2363,-0.1825
1.58,-2.08,-0.2701,3.616,4.119,-0.1783,5.438,0.445,1.837,3.471,2.053,3.403,2.047,0.6866,0.1572,-52.62,-36.38,-0.5112,-1.218,0.02801,0.4998,49.56,36.45,0.09108,0.9325,2.159,0.9613,8.001,2.545,1.087,1.658,-0.9716,0.04115,0.7292,0.805,-1.597,-3.676,-76.28,-3.093,-0.334,-23.66,-0.09116,0.4605,-23.66,0.354,0.4606,16.79,0.4816,0.6081,-112.7,-1.133,0.2252,-112.7,0.7041,0.2253,-166.3,1.817,-0.9327,-81.74,1.008,-0.2522,-85.35,-1.069,0.0854,-93.35,-0.655,2.358,-93.38,-1.742,1.066,-91.8,-2.742,0.2619,-82.81,-0.09669,-0.881,-82.77,-1.753,-1.236,-86.45,-1.789,-0.3189,-3.912,4.885,2.921,-0.9694,-12.2,9.77,-1.471,7.81,6.84,3.897,-10.25,0,-1.947,0,0,0,7.328,1.958,-1.458,9.281,-1.459,3.412,5.864,-10.26,-7.816,-7.334,-0.4794,-1.474,-12.2,-14.16,-1,-3.388,-9.265,-1.002,-10.71,5.38,-8.323,14.18,5.856,3.867,5.894,14.18,-1.912,20.04,13.69,0.5384,-0.02728,0.831,0.1911,-0.6423,0.2626,0.6513,-0.4243,0.3754,0.3474,-0.5614,0.265,-0.4787,-0.5026,-0.491,-0.7152,-0.2435,-0.4847,-0.5039,-0.4813,-0.4738,0.7622,-0.09625,0.637,0.6028,-0.03314,0.7961,0.4766,-0.5976,0.473,0.5344,-0.5561,0.4594,0.02045,-0.2608,0.08246,-0.53,-0.5336,-0.4727,-0.5425,-0.5417,-0.4843,-0.0813,-0.2362,-0.1824
1.59,-2.06,-0.2729,3.597,4.11,-0.1778,5.465,0.4328,1.809,3.463,2.065,3.396,2.06,0.6795,0.1389,-52.61,-36.4,-0.5055,-1.212,0.03464,0.5097,49.56,36.45,0.08669,0.9302,2.169,0.9646,8.007,2.575,1.09,1.67,-0.9492,0.06497,0.7226,0.8261,-1.605,-3.715,-76.27,-3.102,-0.3372,-23.66,-0.09311,0.441,-23.66,0.3396,0.4411,16.78,0.4781,0.5909,-112.7,-1.121,0.2359,-112.7,0.6878,0.2359,-166.3,1.811,-0.9229,-81.76,0.988,-0.2546,-85.35,-1.069,0.0854,-93.35,-0.6585,2.369,-93.39,-1.749,1.067,-91.8,-2.728,0.2695,-82.77,-0.0991,-0.8846,-82.74,-1.766,-1.236,-86.46,-1.779,-0.2967,-2.927,7.811,-1.461,-5.847,-22.46,4.879,2.452,7.81,1.954,6.361,-9.77,1.953,0,3.425,0,-0.99,11.22,-4.399,-8.297,8.312,3.909,0.4874,-1.471,-1.471,1.473,-8.31,-3.424,-2.949,-10.26,7.808,7.846,-4.392,6.342,4.009,-8.263,-0.4611,-0.4961,22.48,11.71,-3.867,-13.69,2.418,-6.323,-0.5171,3.4,0.5384,-0.02734,0.8311,0.1911,-0.6424,0.2626,0.6513,-0.4244,0.3756,0.3474,-0.5614,0.2651,-0.4788,-0.5027,-0.4909,-0.7151,-0.2435,-0.4848,-0.5039,-0.4813,-0.4738,0.7621,-0.09614,0.6371,0.6028,-0.03314,0.7961,0.4765,-0.5976,0.4731,0.5344,-0.5561,0.4595,0.02039,-0.2606,0.08246,-0.53,-0.5336,-0.4728,-0.5426,-0.5417,-0.4845,-0.08149,-0.2362,-0.1823
1.6,-2.036,-0.2954,3.577,4.093,-0.1603,5.49,0.4324,1.795,3.451,2.065,3.384,2.06,0.6765,0.1329,-52.62,-36.4,-0.5015,-1.207,0.03612,0.5074,49.58,36.47,0.08999,0.9267,2.165,0.9786,8.008,2.59,1.096,1.686,-0.9358,0.09529,0.7099,0.8476,-1.614,-3.739,-76.27,-3.109,-0.3341,-23.65,-0.1045,0.4265,-23.65,0.328,0.4263,16.78,0.4747,0.5736,-112.7,-1.121,0.2469,-112.7,0.6738,0.2469,-166.2,1.806,-0.9034,-81.78,0.963,-0.2669,-85.35,-1.069,0.09524,-93.35,-0.655,2.374,-93.39,-1.749,1.067,-91.79,-2.713,0.2815,-82.76,-0.1015,-0.8889,-82.73,-1.787,-1.234,-86.47,-1.77,-0.2738,1.463,2.926,-5.368,-7.331,-17.57,1.949,2.943,5.867,0.9771,0,-11.24,-4.887,-3.422,-0.4955,0,1.456,15.14,-4.399,-6.839,7.813,-0.4864,0.4874,-2.921,-18.06,5.381,-1.475,0.4794,-10.72,-7.339,9.268,-9.769,-15.12,0.9927,5.011,-4.897,1.998,9.756,27.82,20.49,-7.848,-8.796,-10.23,-2.941,2.456,-11.72,0.5383,-0.02735,0.8311,0.1909,-0.6425,0.2626,0.6512,-0.4245,0.3756,0.3473,-0.5615,0.2652,-0.4788,-0.5027,-0.4909,-0.7151,-0.2435,-0.485,-0.5039,-0.4814,-0.474,0.7619,-0.09607,0.6373,0.6028,-0.03308,0.7961,0.4764,-0.5976,0.4731,0.5344,-0.5561,0.4595,0.02027,-0.2605,0.0824,-0.53,-0.5336,-0.4728,-0.5426,-0.5417,-0.4846,-0.08167,-0.2361,-0.1822
1.61,-2.011,-0.308,3.547,4.069,-0.1469,5.519,0.4283,1.781,3.431,2.065,3.366,2.062,0.6664,0.1256,-52.61,-36.41,-0.4856,-1.207,0.0398,0.4963,49.57,36.5,0.08889,0.9092,2.156,0.9842,8.027,2.584,1.101,1.675,-0.9134,0.1137,0.7084,0.8639,-1.622,-3.747,-76.26,-3.11,-0.3303,-23.66,-0.1107,0.4074,-23.65,0.3177,0.4072,16.78,0.4633,0.5563,-112.7,-1.113,0.2553,-112.7,0.6671,0.2555,-166.2,1.809,-0.8812,-81.8,0.9377,-0.2748,-85.34,-1.069,0.09945,-93.37,-0.655,2.369,-93.4,-1.757,1.074,-91.79,-2.698,0.2913,-82.76,-0.1197,-0.8911,-82.73,-1.795,-1.228,-86.48,-1.756,-0.2516,0.4778,5.368,-0.9675,-10.75,-13.67,9.279,0.4905,7.329,13.67,-5.862,-6.354,1.953,0,-0.4955,-1.469,-4.892,6.831,1.463,-0.9717,4.876,-2.937,-3.899,-7.314,-10.26,0.9821,5.381,0.4794,-15.14,-6.367,12.22,-15.15,-12.67,-9.762,10.69,-4.438,-5.38,6.339,19.04,-12.7,-1.479,3.446,8.784,3.97,3.361,-2.416,0.5383,-0.02735,0.8311,0.1909,-0.6427,0.2626,0.651,-0.4246,0.3757,0.3472,-0.5615,0.2653,-0.4789,-0.5027,-0.4908,-0.7151,-0.2434,-0.4851,-0.5039,-0.4814,-0.4742,0.7618,-0.09595,0.6375,0.6028,-0.03308,0.7961,0.4763,-0.5978,0.4729,0.5344,-0.5561,0.4596,0.0202,-0.2604,0.08246,-0.5301,-0.5335,-0.473,-0.5426,-0.5417,-0.4846,-0.08185,-0.236,-0.1821
1.62,-1.975,-0.3078,3.513,4.035,-0.1353,5.556,0.44,1.775,3.413,2.063,3.349,2.058,0.6574,0.1326,-52.6,-36.4,-0.4711,-1.207,0.0258,0.4874,49.56,36.51,0.0845,0.8882,2.154,1.004,8.034,2.579,1.098,1.664,-0.8832,0.1505,0.702,0.8975,-1.635,-3.749,-76.26,-3.111,-0.3207,-23.66,-0.1221,0.3937,-23.66,0.3177,0.3936,16.79,0.4576,0.5318,-112.7,-1.115,0.2599,-112.7,0.6597,0.2598,-166.2,1.809,-0.8634,-81.83,0.9023,-0.274,-85.34,-1.069,0.09945,-93.37,-0.6596,2.369,-93.41,-1.757,1.068,-91.79,-2.669,0.2903,-82.76,-0.1402,-0.9114,-82.73,-1.804,-1.232,-86.49,-1.73,-0.2242,-6.361,5.86,-18.06,-11.72,-0.4819,15.14,-12.19,-4.386,17.58,-14.65,-12.21,6.344,-4.396,-4.882,0.4928,0.99,9.765,-0.4838,-1.458,4.876,-1.946,-7.311,3.902,-3.902,-3.908,7.334,-9.771,-18.54,-7.826,11.24,-25.38,-16.12,-6.342,10.69,-2.448,-4.458,-0.4961,22.96,-22.48,-7.28,14.69,10.72,-2.5,0,-1.968,0.5383,-0.02728,0.8311,0.1909,-0.6428,0.2627,0.651,-0.4248,0.3758,0.347,-0.5617,0.2654,-0.479,-0.5027,-0.4909,-0.7152,-0.2432,-0.4853,-0.504,-0.4814,-0.4744,0.7616,-0.09571,0.6377,0.6028,-0.03308,0.7961,0.4762,-0.5979,0.4729,0.5345,-0.5561,0.4596,0.0202,-0.2601,0.0824,-0.5303,-0.5332,-0.4735,-0.5426,-0.5418,-0.4846,-0.08209,-0.2358,-0.1819
1.63,-1.948,-0.3077,3.459,4.016,-0.1229,5.601,0.4387,1.758,3.402,2.074,3.34,2.07,0.6481,0.1228,-52.58,-36.38,-0.4671,-1.204,0.0398,0.4867,49.52,36.52,0.08889,0.8824,2.152,1.017,8.069,2.584,1.101,1.661,-0.8474,0.17,0.6993,0.9027,-1.674,-3.763,-76.27,-3.127,-0.3165,-23.68,-0.133,0.3708,-23.68,0.3054,0.371,16.8,0.4589,0.52,-112.7,-1.11,0.273,-112.7,0.6479,0.2731,-166.2,1.809,-0.8456,-81.88,0.8662,-0.2792,-85.34,-1.079,0.09361,-93.4,-0.6643,2.362,-93.44,-1.764,1.072,-91.78,-2.642,0.2968,-82.75,-0.1547,-0.9313,-82.72,-1.816,-1.23,-86.49,-1.722,-0.217,-7.316,16.11,-6.829,-20.02,-9.759,4.389,-17.59,-3.424,18.07,-20.52,-10.74,-1.953,-8.792,-9.764,-2.929,-3.902,2.934,-12.69,-7.325,0,4.396,-11.74,10.26,-3.902,0,8.787,-1.461,-25.38,-6.367,6.348,-24.92,-10.73,-17.59,10.69,-6.274,-11.68,-21,8.305,-6.847,-6.37,7.798,1.934,-10.29,-1.422,0.9842,0.5382,-0.02722,0.8312,0.1909,-0.6429,0.2629,0.6509,-0.425,0.3759,0.3469,-0.5618,0.2653,-0.4791,-0.5027,-0.4909,-0.7152,-0.2431,-0.4855,-0.504,-0.4813,-0.4746,0.7615,-0.0954,0.638,0.6027,-0.03314,0.7962,0.4761,-0.598,0.4728,0.5346,-0.5559,0.4598,0.02014,-0.2599,0.08234,-0.5305,-0.5328,-0.474,-0.5426,-0.5418,-0.4847,-0.08216,-0.2358,-0.1819
1.64,-1.918,-0.3008,3.409,3.986,-0.122,5.646,0.4481,1.755,3.394,2.089,3.334,2.085,0.6368,0.1287,-52.56,-36.37,-0.4618,-1.214,0.03354,0.4654,49.5,36.52,0.09767,0.8789,2.146,1.031,8.131,2.595,1.104,1.653,-0.8015,0.1971,0.6888,0.9174,-1.735,-3.787,-76.26,-3.142,-0.3143,-23.7,-0.1397,0.3475,-23.7,0.3088,0.3473,16.81,0.4712,0.4981,-112.7,-1.114,0.2713,-112.6,0.6405,0.2711,-166.1,1.813,-0.819,-81.92,0.8207,-0.2741,-85.33,-1.094,0.09178,-93.46,-0.67,2.356,-93.49,-1.772,1.077,-91.77,-2.605,0.311,-82.74,-0.1716,-0.9479,-82.7,-1.825,-1.232,-86.5,-1.705,-0.2039,-10.75,7.811,-8.783,-19.54,-3.907,15.14,-19.06,-1.462,12.21,-24.91,-15.13,0,-17.58,-15.14,-1.952,-16.1,-3.912,-8.303,-18.54,-10.25,-0.9729,-11.74,19.04,12.69,-2.435,7.811,-11.71,-26.36,-0.4863,12.7,-19.08,8.783,-0.4964,2.004,5.356,-11.22,-5.347,1.485,7.792,-1.934,14.15,-5.883,-1.47,-4.395,0,0.5381,-0.02722,0.8312,0.191,-0.643,0.263,0.6509,-0.4251,0.3759,0.3468,-0.562,0.2653,-0.4791,-0.5026,-0.491,-0.7153,-0.243,-0.4857,-0.5041,-0.4814,-0.4747,0.7613,-0.0951,0.6383,0.6026,-0.0332,0.7962,0.4761,-0.5981,0.4728,0.5348,-0.5557,0.4601,0.02002,-0.2596,0.08228,-0.5307,-0.5325,-0.4744,-0.5426,-0.5417,-0.4848,-0.08228,-0.2357,-0.1818
1.65,-1.911,-0.2942,3.372,3.981,-0.1183,5.684,0.4625,1.751,3.39,2.097,3.33,2.093,0.6408,0.1256,-52.55,-36.36,-0.4662,-1.215,0.02248,0.461,49.46,36.52,0.1097,0.8789,2.156,1.032,8.167,2.62,1.11,1.639,-0.7365,0.2176,0.6761,0.929,-1.768,-3.814,-76.26,-3.162,-0.3167,-23.71,-0.1553,0.3296,-23.71,0.3074,0.3294,16.83,0.4856,0.4727,-112.6,-1.123,0.278,-112.6,0.6287,0.2781,-166.1,1.812,-0.8012,-81.96,0.7951,-0.2783,-85.33,-1.113,0.08151,-93.49,-0.6758,2.357,-93.53,-1.785,1.083,-91.77,-2.555,0.3284,-82.71,-0.1897,-0.9606,-82.68,-1.829,-1.236,-86.5,-1.691,-0.1974,-4.898,6.835,-12.2,-11.72,0,12.21,-19.51,-1.462,4.391,-24.91,-22.95,4.391,-11.71,-10.26,-7.809,-20.03,-5.371,-7.808,-20.03,-10.25,2.937,-6.336,21.49,-4.883,-1.944,11.24,-4.885,-14.65,4.863,4.888,-22,35.63,19.03,-15.7,9.794,-3.382,-1.929,-7.292,6.328,9.782,13.15,-9.751,5.882,4.395,1.432,0.5379,-0.02722,0.8313,0.191,-0.6431,0.2632,0.6508,-0.4253,0.3761,0.3467,-0.5622,0.2653,-0.4792,-0.5027,-0.4911,-0.7153,-0.2429,-0.4859,-0.5041,-0.4815,-0.4748,0.7612,-0.09485,0.6385,0.6025,-0.03327,0.7964,0.4761,-0.5981,0.4728,0.5349,-0.5556,0.4603,0.0199,-0.2592,0.08234,-0.5307,-0.5324,-0.4746,-0.5427,-0.5416,-0.485,-0.08234,-0.2355,-0.1818
1.66,-1.905,-0.3019,3.338,3.974,-0.102,5.729,0.4859,1.74,3.376,2.105,3.315,2.101,0.6386,0.1264,-52.53,-36.36,-0.4733,-1.213,0.01253,0.4654,49.45,36.52,0.1262,0.8801,2.153,1.037,8.176,2.624,1.127,1.625,-0.6772,0.2469,0.6604,0.9552,-1.786,-3.825,-76.25,-3.179,-0.3109,-23.73,-0.1764,0.3071,-23.72,0.3095,0.3072,16.83,0.5087,0.4472,-112.6,-1.127,0.2873,-112.6,0.6132,0.287,-166.1,1.809,-0.7879,-82,0.7699,-0.2869,-85.33,-1.133,0.08086,-93.5,-0.6781,2.354,-93.53,-1.804,1.087,-91.76,-2.513,0.3492,-82.71,-0.2079,-0.9666,-82.68,-1.833,-1.241,-86.51,-1.665,-0.1771,-0.9855,6.344,-14.15,-18.54,2.444,18.56,-14.15,4.886,4.391,-18.05,-20.51,8.297,-15.13,-15.62,-12.7,-20.5,-7.809,-9.766,-12.22,-0.9692,4.882,-2.924,17.57,-15.63,12.69,20.5,-5.867,8.31,13.18,8.792,3.385,50.31,14.17,-15.7,10.25,8.3,-5.843,-13.64,0.4722,-0.455,13.69,1.451,-2.5,5.429,13.15,0.5378,-0.02722,0.8314,0.1909,-0.6432,0.2634,0.6508,-0.4254,0.3762,0.3467,-0.5625,0.2653,-0.4792,-0.5027,-0.4911,-0.7152,-0.2429,-0.486,-0.504,-0.4815,-0.4749,0.761,-0.09467,0.6387,0.6024,-0.03326,0.7965,0.476,-0.5981,0.4728,0.5348,-0.5556,0.4604,0.01972,-0.2588,0.08228,-0.5307,-0.5324,-0.4748,-0.5427,-0.5416,-0.485,-0.08252,-0.2354,-0.1816
1.67,-1.9,-0.2919,3.312,3.973,-0.08227,5.758,0.4959,1.726,3.376,2.117,3.317,2.114,0.631,0.1202,-52.49,-36.37,-0.4865,-1.207,-0.006265,0.4626,49.43,36.51,0.146,0.8848,2.174,1.027,8.179,2.616,1.13,1.617,-0.6313,0.2685,0.629,0.9699,-1.788,-3.829,-76.24,-3.202,-0.3056,-23.75,-0.1874,0.2896,-23.75,0.3081,0.2897,16.83,0.5323,0.4145,-112.6,-1.128,0.3027,-112.6,0.5977,0.3026,-166.1,1.806,-0.763,-82.02,0.7449,-0.2992,-85.33,-1.153,0.05935,-93.5,-0.6793,2.354,-93.53,-1.806,1.084,-91.76,-2.471,0.3786,-82.71,-0.2236,-0.9788,-82.68,-1.838,-1.248,-86.51,-1.649,-0.1699,11.71,12.7,-15.63,-5.362,8.795,12.7,-11.25,10.25,8.299,-12.69,-17.57,11.72,-8.792,-17.58,-12.7,-11.24,-6.35,-14.65,-15.62,-4.876,0,5.849,8.295,-9.276,14.65,0,-11.71,31.72,13.66,-12.22,33.23,17.57,21.01,1.336,-5.815,7.839,-2.921,-16.14,2.456,-3.412,14.69,8.301,13.68,5.817,-12.17,0.5376,-0.02722,0.8315,0.191,-0.6433,0.2636,0.6508,-0.4255,0.3764,0.3467,-0.5627,0.2653,-0.4793,-0.5028,-0.4911,-0.7152,-0.2429,-0.4862,-0.5039,-0.4817,-0.475,0.7609,-0.09461,0.6389,0.6022,-0.03345,0.7966,0.476,-0.5981,0.4728,0.5348,-0.5556,0.4604,0.01947,-0.2584,0.08228,-0.5305,-0.5325,-0.4749,-0.5426,-0.5416,-0.4851,-0.08259,-0.2352,-0.1816
1.68,-1.914,-0.2938,3.3,3.988,-0.05467,5.767,0.5197,1.707,3.377,2.141,3.319,2.138,0.6243,0.1253,-52.46,-36.37,-0.4936,-1.206,-0.02359,0.4591,49.41,36.51,0.1679,0.8976,2.192,1.02,8.15,2.62,1.115,1.6,-0.6045,0.301,0.6088,0.9846,-1.738,-3.846,-76.23,-3.234,-0.2955,-23.77,-0.2085,0.2674,-23.77,0.3115,0.2675,16.83,0.5559,0.3818,-112.6,-1.132,0.3117,-112.6,0.5748,0.3116,-166.1,1.799,-0.7364,-82.02,0.7254,-0.3149,-85.31,-1.188,0.04724,-93.46,-0.692,2.361,-93.49,-1.808,1.08,-91.77,-2.442,0.3972,-82.69,-0.2453,-0.9852,-82.66,-1.846,-1.256,-86.52,-1.628,-0.1647,15.14,16.6,-13.68,0,10.74,9.279,-1.471,18.56,11.23,-1.965,-12.21,24.9,0,-19.05,-8.302,-5.853,-7.809,-14.65,-6.839,1.938,0,12.71,0.9809,-4.393,25.39,7.334,-17.58,31.72,8.312,-17.58,62,0,27.85,-11.69,-22.04,17.52,-1.929,-9.25,9.256,-13.19,0,23.93,-16.62,11.76,2.952,0.5374,-0.02716,0.8316,0.191,-0.6434,0.2638,0.6508,-0.4256,0.3765,0.3467,-0.563,0.2654,-0.4793,-0.5028,-0.4911,-0.7151,-0.243,-0.4863,-0.5038,-0.4818,-0.4751,0.7608,-0.09467,0.639,0.602,-0.03357,0.7967,0.4759,-0.5982,0.4729,0.5346,-0.5558,0.4602,0.01935,-0.2582,0.0824,-0.5303,-0.5326,-0.4749,-0.5426,-0.5415,-0.4852,-0.08265,-0.2351,-0.1815
1.69,-1.924,-0.2989,3.302,4.016,-0.02828,5.747,0.5179,1.687,3.381,2.176,3.327,2.172,0.6052,0.1299,-52.44,-36.36,-0.4944,-1.199,-0.0269,0.4581,49.37,36.51,0.1624,0.8987,2.195,1.01,8.113,2.628,1.081,1.586,-0.591,0.3259,0.6019,0.9852,-1.702,-3.871,-76.24,-3.27,-0.284,-23.79,-0.2199,0.24,-23.79,0.2979,0.2402,16.84,0.5642,0.3491,-112.6,-1.129,0.3183,-112.6,0.5578,0.3182,-166.1,1.787,-0.7177,-82,0.7161,-0.3287,-85.3,-1.207,0.03967,-93.41,-0.7186,2.359,-93.44,-1.799,1.075,-91.75,-2.421,0.4016,-82.67,-0.2635,-0.9838,-82.64,-1.85,-1.25,-86.52,-1.604,-0.1595,11.23,16.6,-18.55,3.423,3.425,9.77,0.4905,19.04,-5.863,7.327,-7.327,13.67,1.947,-29.29,-15.14,0,-2.437,-22.95,-2.429,-0.4993,-3.909,10.24,-6.355,-16.61,15.14,-15.14,-12.69,29.31,10.26,-20.98,37.08,-27.35,28.35,-2.004,-15.61,9.223,-6.835,-0.9453,-1.464,-1.024,-9.793,26.84,-4.411,20.55,-1.968,0.5371,-0.02704,0.8318,0.1911,-0.6435,0.264,0.6507,-0.4258,0.3767,0.3466,-0.5632,0.2655,-0.4794,-0.5028,-0.4911,-0.7151,-0.2432,-0.4865,-0.5037,-0.4818,-0.4752,0.7607,-0.09486,0.6391,0.6018,-0.03369,0.7968,0.4758,-0.5983,0.4729,0.5344,-0.556,0.46,0.01929,-0.258,0.08228,-0.5303,-0.5327,-0.475,-0.5428,-0.5415,-0.4853,-0.08271,-0.2349,-0.1815
1.7,-1.94,-0.3188,3.318,4.043,0.01069,5.733,0.5121,1.66,3.388,2.212,3.339,2.206,0.5763,0.1496,-52.41,-36.37,-0.494,-1.195,-0.03759,0.4457,49.34,36.51,0.1624,0.9011,2.196,1.026,8.08,2.623,1.056,1.564,-0.5698,0.3519,0.5983,0.9925,-1.662,-3.881,-76.23,-3.304,-0.2642,-23.82,-0.2261,0.2171,-23.82,0.2862,0.2172,16.84,0.5694,0.3136,-112.6,-1.129,0.3183,-112.6,0.5305,0.3182,-166.1,1.767,-0.6831,-81.98,0.7071,-0.3469,-85.3,-1.232,0.04324,-93.37,-0.7451,2.367,-93.4,-1.799,1.07,-91.75,-2.398,0.4026,-82.67,-0.2864,-0.9974,-82.64,-1.85,-1.243,-86.53,-1.578,-0.1457,6.361,15.14,-13.18,-1.454,3.425,9.279,0.9809,16.6,3.908,7.327,-6.354,11.72,12.69,-18.55,-8.786,0.99,-7.809,-27.83,-2.429,4.876,-6.828,2.437,-18.55,-17.57,10.25,-7.811,-18.56,6.835,2.432,-0.984,0,-34.69,3.419,-1.336,-15.61,-1.537,-3.418,4.861,-17.57,11.72,-18.59,1.934,-18.09,-1.034,2.416,0.5369,-0.02692,0.8319,0.1912,-0.6437,0.2642,0.6505,-0.4261,0.3768,0.3464,-0.5634,0.2656,-0.4794,-0.5028,-0.4911,-0.7149,-0.2433,-0.4866,-0.5035,-0.482,-0.4755,0.7607,-0.0951,0.6391,0.6016,-0.03369,0.797,0.4755,-0.5985,0.473,0.5343,-0.5562,0.4598,0.01929,-0.2578,0.08228,-0.5301,-0.5327,-0.4752,-0.5428,-0.5415,-0.4852,-0.08283,-0.2347,-0.1813
1.71,-1.966,-0.3264,3.317,4.087,0.03274,5.746,0.5094,1.615,3.393,2.259,3.349,2.253,0.5437,0.1676,-52.37,-36.38,-0.4839,-1.203,-0.04238,0.4365,49.31,36.53,0.1646,0.9022,2.195,1.048,8.069,2.604,1.025,1.536,-0.5709,0.3638,0.5925,0.9972,-1.656,-3.874,-76.22,-3.349,-0.2421,-23.84,-0.2379,0.1843,-23.84,0.2711,0.1845,16.86,0.5694,0.2745,-112.6,-1.125,0.3207,-112.6,0.4906,0.3206,-166.1,1.752,-0.6404,-81.98,0.7071,-0.3469,-85.3,-1.258,0.05221,-93.36,-0.7671,2.378,-93.39,-1.791,1.063,-91.74,-2.392,0.4016,-82.69,-0.3094,-1.01,-82.66,-1.846,-1.232,-86.54,-1.561,-0.1314,4.898,17.58,-8.783,-7.331,-10.26,14.65,7.813,7.81,0.9771,0,-6.354,10.75,7.818,-20.51,-13.18,5.853,-2.934,-22.46,3.924,1.469,-3.909,-3.412,-0.9809,-16.12,13.67,6.357,-19.04,-3.44,5.88,14.16,-2.462,-15.12,-5.846,0,3.979,3.843,5.843,11.21,-8.311,6.37,-19.5,-26.84,-5.441,-3.361,7.784,0.5366,-0.0268,0.8321,0.1912,-0.6438,0.2644,0.6503,-0.4264,0.377,0.3462,-0.5637,0.2656,-0.4794,-0.5028,-0.4911,-0.7148,-0.2434,-0.487,-0.5034,-0.4821,-0.4758,0.7607,-0.0951,0.6391,0.6015,-0.03363,0.7971,0.4753,-0.5986,0.4731,0.5343,-0.5563,0.4597,0.01929,-0.2578,0.08222,-0.53,-0.5328,-0.4753,-0.5428,-0.5416,-0.4851,-0.08295,-0.2346,-0.1812
1.72,-2.006,-0.3444,3.315,4.141,0.05872,5.764,0.4954,1.565,3.403,2.31,3.366,2.302,0.5026,0.1815,-52.34,-36.4,-0.483,-1.199,-0.0457,0.4288,49.28,36.55,0.1657,0.9104,2.182,1.067,8.067,2.573,0.9962,1.517,-0.5552,0.3779,0.5928,1.006,-1.661,-3.851,-76.21,-3.393,-0.2199,-23.86,-0.2402,0.1511,-23.86,0.2554,0.1511,16.86,0.5781,0.2354,-112.6,-1.115,0.3247,-112.6,0.4484,0.3245,-166.1,1.727,-0.596,-81.99,0.7172,-0.352,-85.3,-1.288,0.06681,-93.36,-0.796,2.384,-93.39,-1.791,1.055,-91.74,-2.377,0.3939,-82.73,-0.3324,-1.017,-82.69,-1.85,-1.231,-86.55,-1.551,-0.1222,6.839,15.14,-1.954,-0.4847,-5.852,17.58,-1.471,-0.9809,17.09,-5.862,-12.69,12.7,3.422,-21.98,-18.06,4.397,-4.89,-26.37,0,-2.937,-5.855,-9.748,5.864,-14.65,9.759,9.764,-14.66,-18.05,3.404,29.77,-23.92,11.73,7.831,-4.343,1.53,-10.76,8.764,4.389,-13.69,8.758,8.342,-24.9,-10.29,-7.368,5.816,0.5363,-0.02667,0.8322,0.1914,-0.644,0.2645,0.6501,-0.4266,0.3771,0.3461,-0.5639,0.2658,-0.4795,-0.5028,-0.4911,-0.7146,-0.2435,-0.4873,-0.5031,-0.4822,-0.4761,0.7607,-0.0951,0.6391,0.6013,-0.03351,0.7973,0.4751,-0.5988,0.4731,0.5343,-0.5563,0.4596,0.01935,-0.2576,0.08216,-0.5298,-0.533,-0.4754,-0.5426,-0.5418,-0.485,-0.08301,-0.2345,-0.1811
1.73,-2.057,-0.3504,3.294,4.201,0.07388,5.791,0.4846,1.509,3.413,2.371,3.382,2.363,0.4695,0.187,-52.29,-36.42,-0.4746,-1.209,-0.04459,0.4152,49.25,36.56,0.1668,0.9232,2.17,1.094,8.089,2.533,0.9622,1.489,-0.5295,0.3909,0.5753,1.016,-1.67,-3.831,-76.19,-3.443,-0.2041,-23.9,-0.2469,0.1137,-23.9,0.2376,0.1137,16.85,0.5808,0.1963,-112.6,-1.1,0.3263,-112.6,0.4086,0.3262,-166.1,1.715,-0.5489,-82,0.7268,-0.3526,-85.29,-1.328,0.07405,-93.37,-0.8352,2.385,-93.4,-1.797,1.038,-91.74,-2.357,0.395,-82.75,-0.3602,-1.037,-82.72,-1.848,-1.223,-86.56,-1.535,-0.1072,3.912,17.58,-4.401,-1.939,-4.888,24.42,-4.379,-0.9809,15.14,-0.9658,-5.361,16.12,10.74,-20.02,-15.63,0.495,-6.831,-22.95,7.811,-8.312,-13.19,-4.387,14.65,-20.02,13.18,11.24,-23.93,-6.835,0,33.68,-11.23,32.69,-13.18,-6.013,13.62,14.14,14.17,0.4726,-17.09,17.63,21.04,-33.69,-11.76,-4.912,7.336,0.5359,-0.02661,0.8324,0.1915,-0.6442,0.2647,0.65,-0.4267,0.3774,0.346,-0.5641,0.2659,-0.4796,-0.5027,-0.491,-0.7144,-0.2435,-0.4876,-0.503,-0.4823,-0.4764,0.7608,-0.09504,0.639,0.601,-0.03351,0.7975,0.4749,-0.5989,0.4733,0.5344,-0.5564,0.4596,0.01935,-0.2575,0.08216,-0.5294,-0.5332,-0.4755,-0.5425,-0.5419,-0.4848,-0.08313,-0.2344,-0.181
1.74,-2.138,-0.3697,3.269,4.272,0.09675,5.825,0.4927,1.441,3.421,2.43,3.391,2.423,0.4506,0.1797,-52.23,-36.43,-0.468,-1.203,-0.04975,0.4021,49.22,36.57,0.1899,0.9534,2.149,1.114,8.106,2.523,0.9168,1.459,-0.5239,0.3941,0.5566,1.037,-1.674,-3.835,-76.17,-3.492,-0.1942,-23.94,-0.2637,0.07744,-23.94,0.2287,0.07748,16.84,0.5908,0.1582,-112.6,-1.081,0.3344,-112.6,0.3591,0.3342,-166,1.686,-0.4921,-82.01,0.7467,-0.3682,-85.27,-1.389,0.08075,-93.38,-0.8734,2.376,-93.4,-1.789,1.02,-91.74,-2.342,0.3961,-82.75,-0.3892,-1.051,-82.72,-1.848,-1.23,-86.57,-1.533,-0.09214,5.853,24.42,-13.68,-11.24,-8.795,16.11,-6.832,1.962,20.51,-3.43,-4.388,15.62,15.13,-8.788,-4.881,-0.99,-9.284,-23.93,3.924,-7.313,-9.278,4.387,33.69,-9.276,11.23,10.74,-15.14,4.87,-2.918,14.16,-2.462,34.19,-10.75,-8.352,11.78,1.537,10.75,-2.431,-6.847,1.934,29.29,-5.399,2.941,-7.368,1.432,0.5355,-0.02661,0.8326,0.1917,-0.6444,0.265,0.65,-0.4269,0.3777,0.3459,-0.5643,0.2661,-0.4798,-0.5027,-0.4909,-0.7143,-0.2435,-0.4881,-0.5028,-0.4825,-0.4768,0.7609,-0.09504,0.6389,0.6006,-0.03351,0.7978,0.4749,-0.599,0.4735,0.5345,-0.5564,0.4595,0.01935,-0.2573,0.08216,-0.5292,-0.5333,-0.4756,-0.5425,-0.5419,-0.4848,-0.08326,-0.2344,-0.1809
1.75,-2.213,-0.3841,3.24,4.359,0.1157,5.869,0.5017,1.37,3.451,2.512,3.423,2.507,0.4343,0.1625,-52.16,-36.45,-0.4605,-1.203,-0.07002,0.3948,49.21,36.6,0.2085,0.9744,2.15,1.125,8.116,2.532,0.8742,1.423,-0.5104,0.3941,0.5265,1.049,-1.664,-3.865,-76.14,-3.556,-0.1882,-23.97,-0.2758,0.0454,-23.97,0.226,0.04555,16.82,0.6017,0.1118,-112.6,-1.052,0.342,-112.6,0.3177,0.3421,-166,1.667,-0.4468,-82.03,0.7667,-0.3837,-85.26,-1.443,0.08194,-93.37,-0.9069,2.384,-93.4,-1.782,1.005,-91.74,-2.319,0.4125,-82.73,-0.423,-1.062,-82.7,-1.846,-1.234,-86.57,-1.531,-0.08365,4.898,32.72,-4.875,-2.454,-6.833,21.97,-8.303,9.772,9.771,-9.292,-9.77,20.02,27.82,-2.929,-1.952,2.446,-8.306,-20.02,13.68,-2.937,-7.819,4.874,27.83,-16.61,11.72,12.22,-16.12,9.292,-6.367,11.71,18.08,23.46,-2.923,-9.688,4.897,4.919,9.26,-11.75,5.383,5.915,14.69,-2.901,-12.21,3.361,-2.952,0.5351,-0.02667,0.8329,0.1918,-0.6445,0.2653,0.65,-0.4269,0.378,0.3459,-0.5645,0.2664,-0.48,-0.5026,-0.4908,-0.7142,-0.2434,-0.4885,-0.5027,-0.4826,-0.4772,0.761,-0.09504,0.6388,0.6002,-0.03357,0.7981,0.4749,-0.599,0.4737,0.5346,-0.5564,0.4594,0.01923,-0.2571,0.08222,-0.529,-0.5334,-0.4758,-0.5426,-0.5418,-0.485,-0.08332,-0.2344,-0.1809
1.76,-2.278,-0.4007,3.239,4.427,0.1475,5.895,0.5134,1.301,3.469,2.594,3.444,2.59,0.4206,0.1458,-52.07,-36.47,-0.4605,-1.205,-0.0785,0.3706,49.2,36.61,0.2294,1.002,2.161,1.115,8.119,2.567,0.8231,1.395,-0.5183,0.4006,0.5035,1.066,-1.645,-3.919,-76.1,-3.616,-0.1839,-24.02,-0.2919,0.009538,-24.02,0.2212,0.009733,16.78,0.6218,0.07363,-112.6,-1.02,0.345,-112.6,0.28,0.3451,-166,1.649,-0.3899,-82.01,0.773,-0.4123,-85.24,-1.503,0.07329,-93.36,-0.9461,2.391,-93.39,-1.768,0.9906,-91.75,-2.313,0.4212,-82.68,-0.4544,-1.063,-82.65,-1.85,-1.243,-86.58,-1.531,-0.07581,9.287,35.64,-10.26,-0.9694,-8.795,21,-0.4905,19.53,6.84,0,-6.354,21.48,29.8,-4.882,-16.6,20.03,-9.284,-22.46,21,-3.407,-10.25,7.311,17.08,-17.08,12.21,13.67,-8.789,27.34,1.459,15.62,23.46,2.949,-3.419,-7.684,-10.25,6.763,-7.331,-24.91,15.63,-2.389,4.352,27.32,-3.97,20.55,-2.416,0.5346,-0.0268,0.8331,0.192,-0.6447,0.2656,0.6501,-0.427,0.3783,0.346,-0.5647,0.2667,-0.4803,-0.5024,-0.4907,-0.7141,-0.2434,-0.4889,-0.5025,-0.4827,-0.4776,0.761,-0.09528,0.6387,0.5998,-0.03369,0.7984,0.4747,-0.5992,0.4739,0.5346,-0.5565,0.4592,0.01917,-0.2571,0.08228,-0.529,-0.5335,-0.476,-0.5427,-0.5415,-0.4852,-0.08338,-0.2344,-0.1808
1.77,-2.359,-0.428,3.262,4.48,0.1744,5.896,0.5256,1.233,3.464,2.651,3.439,2.648,0.4119,0.1299,-52,-36.47,-0.4645,-1.214,-0.09656,0.3436,49.2,36.61,0.2656,1.031,2.162,1.116,8.115,2.605,0.7805,1.356,-0.5339,0.4136,0.4897,1.092,-1.625,-3.982,-76.06,-3.655,-0.1869,-24.06,-0.3095,-0.03128,-24.06,0.2157,-0.03154,16.74,0.6484,0.02091,-112.6,-0.9975,0.3444,-112.5,0.2349,0.3441,-165.9,1.63,-0.3269,-81.98,0.7842,-0.4434,-85.23,-1.573,0.07405,-93.34,-0.9785,2.398,-93.36,-1.759,0.9757,-91.74,-2.321,0.4212,-82.62,-0.4931,-1.065,-82.6,-1.85,-1.255,-86.59,-1.519,-0.06012,14.15,35.64,-29.78,13.18,-3.907,25.39,8.303,20.03,8.794,14.15,-4.388,13.67,25.4,-21.98,-15.14,18.05,-19.05,-28.81,31.24,-13.19,-20.02,16.61,19.04,-24.91,14.16,0,-1.963,37.62,13.66,-4.38,35.61,-5.834,21.51,-9.354,-15.15,4.458,2.921,-12.22,9.775,0,-3.446,43.44,-12.21,27.41,12.17,0.5343,-0.02698,0.8332,0.1921,-0.6449,0.2659,0.6501,-0.427,0.3787,0.3461,-0.565,0.2671,-0.4806,-0.5022,-0.4908,-0.714,-0.2432,-0.4895,-0.5024,-0.4828,-0.4781,0.7611,-0.0957,0.6386,0.5993,-0.03375,0.7987,0.4746,-0.5992,0.4741,0.5346,-0.5566,0.459,0.01917,-0.2571,0.08228,-0.5289,-0.5336,-0.4762,-0.5429,-0.5412,-0.4854,-0.0835,-0.2343,-0.1807
1.78,-2.426,-0.4607,3.278,4.536,0.205,5.903,0.5319,1.154,3.469,2.724,3.446,2.722,0.4022,0.1219,-51.91,-36.47,-0.4706,-1.236,-0.1002,0.3223,49.21,36.61,0.2974,1.054,2.156,1.124,8.113,2.626,0.7465,1.328,-0.5485,0.4375,0.4791,1.123,-1.601,-4.029,-76.01,-3.701,-0.1868,-24.1,-0.3263,-0.06791,-24.1,0.2054,-0.06774,16.69,0.6707,-0.01727,-112.5,-0.9704,0.3344,-112.5,0.184,0.3342,-165.9,1.613,-0.27,-81.94,0.7909,-0.4747,-85.21,-1.633,0.07924,-93.32,-1.007,2.401,-93.34,-1.755,0.964,-91.75,-2.33,0.4201,-82.58,-0.5318,-1.07,-82.56,-1.861,-1.251,-86.59,-1.507,-0.02418,24.43,35.15,-30.28,14.66,0.4819,22.46,15.63,16.6,-0.9771,20.02,0.9728,22.95,20.5,-22.46,-12.21,21.49,-16.6,-31.74,23.92,-16.12,-16.11,8.773,4.393,-11.24,4.399,1.953,-3.424,5.852,10.26,-2.444,18.08,-18.57,23.44,-5.011,-18.52,3.843,6.835,-6.347,-4.864,24.45,-21.94,4.432,-17.65,13.19,10.29,0.534,-0.02716,0.8334,0.1922,-0.6451,0.2662,0.6502,-0.427,0.3791,0.3464,-0.5651,0.2675,-0.481,-0.5018,-0.4909,-0.7139,-0.2431,-0.49,-0.5023,-0.4829,-0.4786,0.7611,-0.09613,0.6386,0.5988,-0.03381,0.799,0.4745,-0.5993,0.4742,0.5346,-0.5567,0.4588,0.01917,-0.2572,0.08228,-0.529,-0.5335,-0.4766,-0.5431,-0.5411,-0.4856,-0.0838,-0.2343,-0.1805
1.79,-2.499,-0.4943,3.286,4.604,0.2367,5.907,0.5454,1.07,3.475,2.797,3.454,2.796,0.3821,0.1049,-51.84,-36.45,-0.4675,-1.253,-0.1109,0.308,49.22,36.59,0.3171,1.08,2.138,1.149,8.14,2.625,0.6982,1.306,-0.5709,0.4472,0.4679,1.171,-1.604,-4.061,-75.98,-3.753,-0.1858,-24.14,-0.3392,-0.1141,-24.14,0.2061,-0.1141,16.64,0.6982,-0.06272,-112.4,-0.9427,0.3357,-112.4,0.1263,0.3355,-165.9,1.598,-0.2096,-81.91,0.8031,-0.5068,-85.19,-1.694,0.08443,-93.32,-1.048,2.395,-93.34,-1.745,0.946,-91.75,-2.342,0.4125,-82.56,-0.5644,-1.092,-82.53,-1.869,-1.252,-86.61,-1.507,0.02222,22.93,35.15,-26.86,19.54,-0.981,25.88,20,15.14,4.885,16.59,-3.912,20.02,21.01,-19.53,-12.7,9.289,-19.53,-25.39,21.49,-26.38,-19.04,1.462,-6.845,-3.902,12.69,9.286,-5.867,2.457,22.95,2.444,-5.385,-2.949,0,1.336,-9.335,-3.843,11.74,-6.347,-10.72,34.69,-34.64,-14.67,-4.411,-12.67,13.69,0.5336,-0.02728,0.8336,0.1924,-0.6453,0.2665,0.6503,-0.4269,0.3795,0.3466,-0.5653,0.2679,-0.4814,-0.5015,-0.4911,-0.7137,-0.243,-0.4906,-0.5022,-0.483,-0.479,0.7611,-0.0965,0.6385,0.5984,-0.03388,0.7993,0.4744,-0.5995,0.4744,0.5347,-0.5567,0.4587,0.01923,-0.2573,0.08228,-0.529,-0.5334,-0.477,-0.5432,-0.541,-0.4857,-0.08417,-0.2343,-0.1804
1.8,-2.571,-0.5247,3.287,4.68,0.2427,5.926,0.5625,0.9989,3.486,2.879,3.466,2.878,0.3803,0.0762,-51.76,-36.44,-0.4543,-1.262,-0.1131,0.2936,49.24,36.58,0.3358,1.114,2.123,1.205,8.183,2.604,0.6556,1.284,-0.5776,0.4418,0.4658,1.219,-1.634,-4.062,-75.94,-3.816,-0.2013,-24.18,-0.3576,-0.1648,-24.18,0.2047,-0.1651,16.58,0.717,-0.1045,-112.4,-0.9194,0.3347,-112.4,0.07905,0.3345,-165.8,1.578,-0.1581,-81.9,0.8138,-0.5298,-85.17,-1.754,0.09524,-93.35,-1.088,2.398,-93.37,-1.745,0.9359,-91.74,-2.348,0.4037,-82.57,-0.5898,-1.138,-82.54,-1.872,-1.256,-86.61,-1.515,0.06796,27.35,29.3,-30.28,5.847,-15.13,27.83,16.61,8.791,5.368,19.05,-1.47,20.02,17.58,-28.32,-14.65,16.1,-11.72,-23.93,22.95,-33.19,-16.11,7.798,-4.393,-21,-8.307,6.357,-6.826,-12.2,31.26,4.888,-18.54,22.46,-4.908,2.004,-0.9181,2.459,17.09,-5.402,-5.856,24.45,-15.6,-38.6,-0.4411,-8.79,-3.4,0.5331,-0.02753,0.8338,0.1925,-0.6455,0.2669,0.6505,-0.4268,0.38,0.3468,-0.5654,0.2684,-0.4818,-0.5012,-0.4912,-0.7136,-0.2429,-0.4911,-0.5021,-0.4831,-0.4795,0.7611,-0.09674,0.6384,0.598,-0.03388,0.7997,0.4743,-0.5995,0.4746,0.5349,-0.5567,0.4588,0.01929,-0.2574,0.08222,-0.5288,-0.5332,-0.4775,-0.5431,-0.5411,-0.4858,-0.08454,-0.2344,-0.1802
1.81,-2.603,-0.5461,3.297,4.732,0.2475,5.931,0.581,0.9396,3.504,2.951,3.485,2.95,0.3704,0.05972,-51.68,-36.43,-0.4459,-1.277,-0.1238,0.2774,49.25,36.56,0.3424,1.132,2.105,1.268,8.224,2.577,0.6244,1.259,-0.5642,0.4418,0.4562,1.26,-1.664,-4.058,-75.91,-3.879,-0.211,-24.23,-0.3697,-0.211,-24.24,0.2109,-0.211,16.51,0.7436,-0.1464,-112.4,-0.9078,0.3344,-112.4,0.03177,0.3342,-165.8,1.564,-0.1039,-81.87,0.8002,-0.5428,-85.16,-1.799,0.1065,-93.37,-1.126,2.397,-93.39,-1.751,0.9263,-91.74,-2.342,0.4026,-82.58,-0.614,-1.19,-82.55,-1.874,-1.259,-86.62,-1.517,0.1059,17.08,24.9,-30.28,2.939,-18.55,29.3,12.68,-1.462,24.42,13.19,-10.25,26.37,10.74,-31.74,-17.58,0,-21.49,-23.44,28.33,-35.66,-22.95,0,16.12,0.4905,-3.908,13.67,-2.922,-14.16,33.69,25.39,-24.38,48.37,-10.26,-3.341,9.794,-4.458,12.18,-14.65,4.392,14.67,0,-29.33,-6.764,-5.429,5.368,0.5326,-0.02771,0.8341,0.1928,-0.6458,0.2672,0.6507,-0.4268,0.3804,0.3471,-0.5655,0.2689,-0.482,-0.501,-0.4913,-0.7135,-0.2429,-0.4915,-0.502,-0.4832,-0.4798,0.761,-0.09699,0.6385,0.5977,-0.03388,0.7999,0.4743,-0.5996,0.4749,0.535,-0.5566,0.4588,0.01929,-0.2573,0.08216,-0.5287,-0.5329,-0.478,-0.5431,-0.5411,-0.4857,-0.08484,-0.2345,-0.1801
1.82,-2.634,-0.5413,3.312,4.794,0.2265,5.92,0.6112,0.8904,3.515,3.027,3.495,3.027,0.3758,0.02641,-51.58,-36.42,-0.4278,-1.283,-0.1142,0.2574,49.27,36.54,0.3435,1.14,2.096,1.305,8.229,2.546,0.5989,1.231,-0.5586,0.4331,0.4504,1.301,-1.647,-4.048,-75.89,-3.95,-0.2351,-24.3,-0.3932,-0.2697,-24.31,0.2177,-0.2698,16.42,0.769,-0.1763,-112.3,-0.8981,0.3384,-112.3,-0.007388,0.3385,-165.8,1.551,-0.04974,-81.83,0.7909,-0.5449,-85.13,-1.84,0.1025,-93.36,-1.167,2.39,-93.38,-1.764,0.9125,-91.74,-2.348,0.395,-82.59,-0.6454,-1.233,-82.56,-1.876,-1.269,-86.62,-1.529,0.1366,18.07,23.44,-30.28,-14.15,-21,29.3,-1.962,1.462,17.09,2.431,-1.946,12.7,7.818,-24.91,-16.11,2.941,-6.35,-19.05,10.73,-39.06,-23.93,-2.924,24.91,2.431,-5.381,12.69,-13.17,-3.44,36.12,28.82,-16.08,67.38,-8.328,-11.69,8.722,-0.9223,0.9922,-14.18,-14.17,-9.782,5.894,-42.95,-14.12,-23.4,10.74,0.5321,-0.02796,0.8344,0.193,-0.646,0.2677,0.6509,-0.4266,0.3809,0.3475,-0.5655,0.2694,-0.4823,-0.5008,-0.4914,-0.7134,-0.2429,-0.4919,-0.5018,-0.4834,-0.4801,0.761,-0.09723,0.6385,0.5974,-0.034,0.8001,0.4742,-0.5998,0.475,0.5349,-0.5568,0.4588,0.01935,-0.2574,0.08216,-0.5286,-0.5327,-0.4785,-0.543,-0.5411,-0.4858,-0.08509,-0.2346,-0.1801
1.83,-2.664,-0.5345,3.347,4.872,0.2096,5.899,0.6481,0.8487,3.532,3.108,3.512,3.107,0.3716,0.001595,-51.47,-36.44,-0.4049,-1.272,-0.1161,0.2532,49.28,36.53,0.3435,1.134,2.09,1.329,8.208,2.565,0.5591,1.195,-0.5709,0.4212,0.429,1.348,-1.6,-4.082,-75.85,-4.033,-0.2531,-24.38,-0.4167,-0.3334,-24.38,0.2314,-0.3333,16.33,0.7978,-0.2173,-112.3,-0.8952,0.345,-112.3,-0.04654,0.3451,-165.8,1.522,-0.01066,-81.78,0.7871,-0.5452,-85.12,-1.875,0.09859,-93.32,-1.203,2.385,-93.34,-1.761,0.8977,-91.74,-2.357,0.4037,-82.55,-0.6853,-1.262,-82.52,-1.88,-1.296,-86.62,-1.549,0.1601,8.78,27.83,-32.72,-5.847,-11.24,30.76,-14.15,11.72,21.97,-24.91,-10.74,-1.953,3.895,-22.46,-17.09,-0.495,-10.74,-17.09,14.16,-35.16,-22.47,0,25.89,5.374,-5.852,20.03,-4.383,4.378,33.2,18.57,6.846,54.2,-20.52,-9.688,14.69,5.38,0.9922,-24.44,-26.35,-12.74,3.446,-32.24,-16.62,-15.12,-0.9842,0.5315,-0.0282,0.8348,0.1933,-0.6463,0.2683,0.6513,-0.4264,0.3814,0.348,-0.5656,0.27,-0.4824,-0.5008,-0.4915,-0.7132,-0.2429,-0.4923,-0.5016,-0.4835,-0.4804,0.7609,-0.0976,0.6385,0.5971,-0.03412,0.8003,0.474,-0.6,0.4751,0.5348,-0.557,0.4585,0.01929,-0.2575,0.08222,-0.5286,-0.5325,-0.4791,-0.543,-0.5409,-0.4861,-0.08527,-0.2348,-0.1801
1.84,-2.681,-0.534,3.37,4.933,0.2068,5.903,0.6882,0.8439,3.538,3.161,3.52,3.161,0.3688,-0.00762,-51.33,-36.48,-0.4018,-1.277,-0.108,0.2348,49.28,36.53,0.3468,1.136,2.091,1.347,8.152,2.595,0.5308,1.187,-0.5832,0.4201,0.4067,1.38,-1.522,-4.134,-75.8,-4.106,-0.2686,-24.47,-0.4444,-0.3952,-24.47,0.2438,-0.3952,16.24,0.8445,-0.2491,-112.3,-0.9146,0.3527,-112.3,-0.07092,0.3524,-165.8,1.518,0.03198,-81.73,0.7738,-0.5565,-85.09,-1.905,0.08918,-93.24,-1.234,2.379,-93.25,-1.764,0.8855,-91.74,-2.371,0.4168,-82.5,-0.7119,-1.291,-82.47,-1.897,-1.314,-86.61,-1.569,0.1764,10.24,23.92,-30.28,-22.45,-3.907,34.67,-27.82,17.08,39.06,-27.84,-5.858,9.278,-1.475,-26.86,-15.14,-3.407,-11.72,-19.05,5.382,-33.69,-8.792,9.261,25.89,2.431,-5.852,17.1,2.922,11.7,28.34,5.872,13.69,21.96,-16.1,-2.004,3.367,9.223,-7.331,-40.51,-21.96,-2.389,-20.04,-12.17,-22.5,-5.817,17.54,0.5309,-0.0285,0.835,0.1937,-0.6466,0.2689,0.6515,-0.4264,0.3819,0.3485,-0.5656,0.2705,-0.4823,-0.5008,-0.4916,-0.7132,-0.2429,-0.4925,-0.5014,-0.4837,-0.4806,0.7608,-0.09796,0.6386,0.5969,-0.0343,0.8004,0.4739,-0.6001,0.4751,0.5345,-0.5575,0.4582,0.01917,-0.2576,0.08222,-0.5287,-0.5321,-0.4796,-0.5431,-0.5406,-0.4864,-0.08539,-0.235,-0.1801
1.85,-2.667,-0.5381,3.399,4.972,0.2103,5.9,0.7539,0.8473,3.527,3.206,3.507,3.205,0.3738,-0.01365,-51.2,-36.51,-0.3784,-1.275,-0.105,0.2316,49.3,36.51,0.3358,1.14,2.085,1.348,8.09,2.633,0.4939,1.179,-0.6033,0.3887,0.3922,1.406,-1.42,-4.195,-75.74,-4.175,-0.2894,-24.54,-0.4839,-0.4673,-24.55,0.2698,-0.4676,16.15,0.8877,-0.2836,-112.3,-0.9427,0.356,-112.3,-0.09604,0.3561,-165.8,1.504,0.05685,-81.68,0.7414,-0.5774,-85.06,-1.924,0.07448,-93.15,-1.27,2.362,-93.16,-1.763,0.8833,-91.75,-2.388,0.4321,-82.43,-0.7252,-1.308,-82.4,-1.905,-1.334,-86.61,-1.61,0.1869,20.99,23.92,-39.06,-17.57,16.11,32.23,-32.23,20.99,33.69,-26.84,-1.47,0,-6.343,-24.41,-23.44,-4.892,-11.22,-19.05,4.41,-35.16,-12.7,12.22,27.83,5.864,3.417,26.86,15.62,18.05,36.12,0.984,16.62,8.281,2.427,-16.7,-5.356,-0.4611,16.59,-42,-6.328,20.02,-38.54,-17.57,5.882,-6.851,-0.9842,0.5304,-0.02887,0.8353,0.1939,-0.6469,0.2695,0.6519,-0.4263,0.3823,0.3491,-0.5657,0.2711,-0.4823,-0.5008,-0.4919,-0.7131,-0.2429,-0.4928,-0.5013,-0.4838,-0.4808,0.7605,-0.09845,0.6388,0.5968,-0.03455,0.8005,0.4738,-0.6004,0.4751,0.534,-0.5579,0.4578,0.01904,-0.2577,0.08234,-0.5288,-0.532,-0.4799,-0.5433,-0.5403,-0.4868,-0.08545,-0.2354,-0.1801
1.86,-2.643,-0.5439,3.418,5.015,0.2139,5.907,0.8215,0.8621,3.532,3.253,3.51,3.253,0.3897,-0.01878,-51.09,-36.55,-0.3824,-1.289,-0.1165,0.238,49.32,36.5,0.3259,1.153,2.079,1.365,8.047,2.653,0.4797,1.206,-0.6123,0.3866,0.3816,1.426,-1.35,-4.232,-75.69,-4.254,-0.3114,-24.6,-0.5282,-0.5299,-24.61,0.2937,-0.5299,16.07,0.9506,-0.3272,-112.3,-0.9776,0.3617,-112.3,-0.1153,0.3617,-165.8,1.511,0.07017,-81.63,0.7034,-0.5993,-85.04,-1.939,0.05989,-93.08,-1.297,2.344,-93.09,-1.778,0.8759,-91.75,-2.409,0.4387,-82.38,-0.7252,-1.341,-82.35,-1.931,-1.356,-86.59,-1.641,0.1882,30.76,26.37,-28.32,-22.45,23.44,38.58,-19.06,34.67,22.46,-24.41,-0.9728,14.65,-6.343,-23.93,-19.04,-4.892,-2.934,-12.21,4.896,-27.34,-6.342,12.71,35.65,23.93,-4.399,24.91,18.06,15.14,44.43,-23.42,15.15,36.14,21.95,-5.011,-10.25,18.14,10.25,-34.16,-22.95,17.63,-46.43,-11.2,-13.68,-2.456,11.27,0.5298,-0.02924,0.8356,0.1939,-0.6472,0.2701,0.6521,-0.4264,0.3827,0.3496,-0.5659,0.2715,-0.4822,-0.5009,-0.4921,-0.713,-0.2429,-0.4929,-0.5013,-0.4839,-0.4808,0.7603,-0.09888,0.639,0.5966,-0.03479,0.8006,0.4737,-0.6006,0.4751,0.5337,-0.5583,0.4575,0.01898,-0.2579,0.08234,-0.5287,-0.5318,-0.4802,-0.5434,-0.5401,-0.4872,-0.08545,-0.2356,-0.1802
1.87,-2.604,-0.5504,3.439,5.074,0.2262,5.903,0.8908,0.8924,3.528,3.298,3.507,3.298,0.3859,-0.009038,-51.01,-36.58,-0.3634,-1.298,-0.1098,0.2459,49.34,36.47,0.3029,1.169,2.082,1.366,8.017,2.642,0.4854,1.251,-0.6011,0.3779,0.3657,1.454,-1.283,-4.249,-75.63,-4.342,-0.3287,-24.63,-0.57,-0.6135,-24.64,0.3204,-0.6136,16.02,1.007,-0.3663,-112.2,-1.028,0.3661,-112.2,-0.1359,0.366,-165.8,1.512,0.08083,-81.58,0.6709,-0.6256,-85,-1.934,0.04032,-93.02,-1.319,2.329,-93.03,-1.804,0.8653,-91.76,-2.423,0.4463,-82.36,-0.7034,-1.359,-82.33,-1.956,-1.383,-86.59,-1.677,0.1915,30.28,29.78,-33.2,-3.423,24.9,29.79,-16.12,40.03,22.94,-18.55,2.939,20.51,0,-31.74,-9.278,-2.941,0,-11.23,7.811,-24.41,-1.459,6.824,36.12,24.42,-3.417,22.46,12.21,2.457,50.8,-8.792,12.69,39.08,22.45,-3.007,-13.62,2.459,18.08,-35.18,-26.87,6.37,-42.44,4.916,0.4411,7.368,4.921,0.5291,-0.02954,0.836,0.1939,-0.6477,0.2705,0.6524,-0.4265,0.383,0.35,-0.5662,0.2718,-0.482,-0.501,-0.4925,-0.7129,-0.2429,-0.4931,-0.5013,-0.484,-0.4808,0.76,-0.09937,0.6392,0.5967,-0.0351,0.8005,0.4735,-0.6008,0.475,0.5333,-0.5587,0.4574,0.01892,-0.258,0.0824,-0.5288,-0.5315,-0.4803,-0.5433,-0.54,-0.4875,-0.08545,-0.2359,-0.1803
1.88,-2.56,-0.5605,3.466,5.141,0.253,5.885,0.9467,0.9403,3.535,3.342,3.514,3.342,0.3793,0.001241,-50.94,-36.6,-0.3582,-1.298,-0.1102,0.2567,49.35,36.45,0.2733,1.187,2.091,1.364,8.008,2.604,0.4939,1.312,-0.5933,0.3638,0.3554,1.469,-1.239,-4.246,-75.59,-4.438,-0.3408,-24.65,-0.6119,-0.6932,-24.66,0.3348,-0.693,15.99,1.063,-0.4181,-112.2,-1.082,0.3794,-112.2,-0.1426,0.3793,-165.8,1.518,0.0835,-81.51,0.639,-0.661,-84.97,-1.924,0.01535,-92.97,-1.341,2.316,-92.98,-1.835,0.8595,-91.75,-2.446,0.4518,-82.36,-0.6732,-1.38,-82.33,-1.986,-1.404,-86.58,-1.722,0.1895,16.6,18.56,-24.41,14.66,25.89,26.37,-5.851,42.98,34.17,-9.292,5.858,20.51,5.37,-31.25,-28.81,-4.397,-5.852,-20.99,8.297,-24.41,-5.855,-13.2,26.36,22.94,-5.852,20.5,-11.71,-5.852,64.95,15.62,-10.77,26.85,11.25,-8.686,-6.274,-4.458,3.418,-36.12,-16.62,-1.024,-32.73,-9.268,-2.5,4.912,-2.952,0.5284,-0.02979,0.8364,0.1937,-0.6482,0.2708,0.6524,-0.4268,0.3833,0.3502,-0.5666,0.2719,-0.4818,-0.5011,-0.4928,-0.7129,-0.243,-0.4931,-0.5013,-0.484,-0.4808,0.7598,-0.09998,0.6394,0.5967,-0.03546,0.8005,0.4732,-0.6012,0.4748,0.533,-0.5591,0.4573,0.01886,-0.2582,0.0824,-0.5291,-0.531,-0.4805,-0.5431,-0.54,-0.4878,-0.08539,-0.2363,-0.1804
1.89,-2.535,-0.5649,3.509,5.251,0.2649,5.868,1.004,1.004,3.558,3.404,3.537,3.404,0.394,0.01223,-50.89,-36.64,-0.3515,-1.282,-0.115,0.2577,49.36,36.43,0.2513,1.198,2.101,1.329,7.968,2.562,0.5251,1.362,-0.5765,0.3606,0.3593,1.491,-1.181,-4.225,-75.53,-4.551,-0.3636,-24.64,-0.6639,-0.7683,-24.65,0.3396,-0.7685,15.99,1.11,-0.4763,-112.2,-1.144,0.3841,-112.2,-0.1404,0.3839,-165.8,1.508,0.0835,-81.44,0.6321,-0.6947,-84.93,-1.907,-0.01362,-92.9,-1.35,2.297,-92.91,-1.875,0.8563,-91.74,-2.467,0.4463,-82.37,-0.649,-1.373,-82.34,-2.01,-1.427,-86.57,-1.752,0.1895,4.39,19.04,-15.63,0,16.11,16.11,3.433,37.59,29.78,1.465,-2.939,24.9,-3.895,-28.32,-22.94,-3.902,-15.62,-24.9,4.41,-21,-4.396,-21,25.4,17.57,-6.343,17.1,-13.17,-9.292,57.12,27.33,-7.846,37.14,-4.412,-15.03,14.69,22.44,-12.68,-33.22,-19.03,2.957,-17.05,-24.42,-10.29,-12.67,9.305,0.5275,-0.03015,0.8368,0.1934,-0.6488,0.2709,0.6524,-0.4271,0.3834,0.3502,-0.5671,0.272,-0.4815,-0.5012,-0.4933,-0.713,-0.2429,-0.4932,-0.5012,-0.484,-0.4809,0.7597,-0.1007,0.6394,0.5968,-0.03583,0.8004,0.4729,-0.6016,0.4745,0.5325,-0.5596,0.4572,0.01886,-0.2584,0.08228,-0.5295,-0.5306,-0.4806,-0.5428,-0.5401,-0.4879,-0.08539,-0.2365,-0.1805
1.9,-2.541,-0.5622,3.544,5.396,0.271,5.839,1.053,1.061,3.607,3.48,3.584,3.479,0.4047,0.03385,-50.89,-36.67,-0.3551,-1.281,-0.1198,0.2641,49.38,36.42,0.2491,1.208,2.092,1.297,7.889,2.51,0.5506,1.412,-0.5742,0.3552,0.3469,1.499,-1.081,-4.203,-75.48,-4.681,-0.38,-24.59,-0.7116,-0.8359,-24.61,0.3403,-0.8359,16.01,1.158,-0.5327,-112.2,-1.21,0.3867,-112.2,-0.1492,0.3866,-165.7,1.504,0.08616,-81.37,0.6448,-0.7179,-84.9,-1.902,-0.0387,-92.78,-1.355,2.261,-92.8,-1.905,0.8419,-91.72,-2.494,0.4485,-82.39,-0.6357,-1.365,-82.35,-2.045,-1.455,-86.56,-1.791,0.1719,2.927,18.56,-6.355,0.4847,13.67,26.86,6.341,25.39,20.51,3.43,-6.354,25.39,-2.921,-21,-17.09,-4.397,-2.437,-16.11,-5.868,-14.66,-11.22,-16.61,13.67,-6.355,-6.834,17.1,-21.48,5.852,32.72,26.85,-4.385,49.31,-16.1,-1.336,5.356,6.302,0,-16.14,-17.09,0,-1.451,-1.451,-10.29,-8.79,1.968,0.5265,-0.0304,0.8374,0.1928,-0.6493,0.2709,0.6522,-0.4276,0.3836,0.3502,-0.5677,0.2719,-0.4812,-0.5013,-0.4937,-0.7129,-0.2429,-0.4932,-0.5013,-0.4839,-0.4809,0.7597,-0.1013,0.6393,0.5968,-0.0362,0.8003,0.4726,-0.6021,0.474,0.5319,-0.5603,0.4568,0.0188,-0.2586,0.08215,-0.5299,-0.5302,-0.4808,-0.5425,-0.5402,-0.4882,-0.08521,-0.2368,-0.1806
1.91,-2.552,-0.5743,3.585,5.563,0.2846,5.808,1.12,1.115,3.661,3.57,3.636,3.57,0.424,0.04466,-50.89,-36.71,-0.3511,-1.267,-0.1246,0.2809,49.38,36.43,0.2502,1.219,2.067,1.291,7.772,2.463,0.562,1.459,-0.5776,0.3541,0.3291,1.503,-0.9274,-4.173,-75.44,-4.832,-0.3986,-24.55,-0.7742,-0.9122,-24.57,0.3458,-0.9122,16.05,1.207,-0.5918,-112.2,-1.276,0.4004,-112.2,-0.1611,0.4002,-165.7,1.493,0.08616,-81.3,0.6579,-0.7511,-84.86,-1.901,-0.05837,-92.63,-1.364,2.213,-92.65,-1.926,0.8324,-91.73,-2.517,0.4627,-82.4,-0.6236,-1.377,-82.37,-2.08,-1.476,-86.55,-1.831,0.1581,-2.927,27.34,0.9675,3.423,-8.296,22.46,-3.889,22.95,9.277,10.26,-5.858,37.6,0,-10.26,-18.56,-6.843,-1.956,-17.09,-11.21,-11.22,0.4864,0,7.314,-33.2,-8.798,5.858,-14.15,22.47,9.285,20.5,14.15,15.62,0,9.688,3.367,-3.843,-4.41,-0.9453,-5.856,-1.479,35.64,-5.399,-14.7,-3.361,4.921,0.5254,-0.03064,0.838,0.1922,-0.6499,0.2709,0.6521,-0.4281,0.3837,0.35,-0.5683,0.2717,-0.4809,-0.5016,-0.494,-0.7129,-0.2428,-0.4934,-0.5012,-0.4839,-0.481,0.7597,-0.1019,0.6391,0.5968,-0.0365,0.8003,0.4722,-0.6027,0.4734,0.5311,-0.5611,0.4563,0.01868,-0.2588,0.08222,-0.5301,-0.5299,-0.481,-0.5422,-0.5403,-0.4884,-0.08509,-0.2371,-0.1808
1.92,-2.549,-0.589,3.626,5.69,0.3047,5.802,1.171,1.181,3.692,3.645,3.668,3.644,0.422,0.06149,-50.87,-36.75,-0.3335,-1.258,-0.1216,0.2844,49.39,36.43,0.2491,1.246,2.047,1.285,7.643,2.454,0.5819,1.503,-0.5675,0.3313,0.3062,1.509,-0.7722,-4.174,-75.38,-4.963,-0.4139,-24.51,-0.8235,-0.9991,-24.53,0.3472,-0.999,16.07,1.247,-0.6545,-112.2,-1.34,0.4094,-112.2,-0.1588,0.4095,-165.7,1.493,0.08616,-81.23,0.6509,-0.7857,-84.84,-1.906,-0.07686,-92.48,-1.381,2.173,-92.5,-1.962,0.817,-91.73,-2.54,0.4768,-82.39,-0.6019,-1.388,-82.35,-2.105,-1.503,-86.53,-1.878,0.1385,-4.898,28.81,-6.355,10.24,-14.65,23.44,3.889,25.87,9.277,13.69,-15.63,24.9,6.343,0.9764,-25.39,3.902,0.9781,-28.81,-2.429,-11.22,7.819,8.773,2.431,-13.18,-0.491,7.334,-3.904,12.2,-16.09,-3.904,9.308,-31.74,-16.6,3.007,1.53,10.3,-5.843,14.65,15.63,-1.024,50.78,19.99,2.941,-1.939,-1.432,0.5244,-0.03095,0.8385,0.1917,-0.6505,0.271,0.6519,-0.4287,0.3838,0.3498,-0.5688,0.2717,-0.4806,-0.5018,-0.4944,-0.7129,-0.2426,-0.4934,-0.5013,-0.4838,-0.4811,0.7596,-0.1025,0.6391,0.5968,-0.03675,0.8003,0.4719,-0.6033,0.4729,0.5303,-0.562,0.4558,0.01856,-0.259,0.08228,-0.5302,-0.5298,-0.481,-0.5421,-0.5402,-0.4887,-0.0849,-0.2375,-0.181
1.93,-2.519,-0.5978,3.646,5.821,0.3246,5.804,1.203,1.242,3.746,3.733,3.723,3.732,0.4119,0.08808,-50.85,-36.77,-0.3149,-1.258,-0.1072,0.2943,49.4,36.43,0.2239,1.251,2.027,1.28,7.536,2.486,0.5875,1.553,-0.5686,0.3205,0.2854,1.521,-0.6543,-4.215,-75.33,-5.109,-0.4228,-24.48,-0.8666,-1.082,-24.5,0.3369,-1.081,16.09,1.274,-0.709,-112.1,-1.408,0.4168,-112.1,-0.1655,0.4165,-165.7,1.495,0.08616,-81.19,0.6331,-0.8124,-84.82,-1.896,-0.0948,-92.35,-1.405,2.135,-92.37,-1.993,0.808,-91.72,-2.571,0.4932,-82.33,-0.585,-1.401,-82.29,-2.137,-1.533,-86.52,-1.925,0.1261,13.17,30.28,-8.783,4.877,-7.332,25.39,3.433,32.72,11.23,6.828,-13.18,21.98,9.264,-2.448,-15.14,2.446,0.481,-20.51,11.21,-6.843,-2.937,6.824,0.4905,-0.4905,10.74,5.858,-13.17,-0.4914,-35.15,-2.92,-2.462,-57.15,1.93,13.7,-12.7,-8.3,0.9922,21.47,-4.392,-2.957,3.446,27.8,11.18,3.878,-7.784,0.5233,-0.03113,0.8391,0.1913,-0.6511,0.2709,0.6516,-0.4293,0.384,0.3496,-0.5693,0.2717,-0.4803,-0.5019,-0.4948,-0.7129,-0.2425,-0.4936,-0.5014,-0.4837,-0.4812,0.7594,-0.103,0.6392,0.5968,-0.03699,0.8003,0.4717,-0.6037,0.4726,0.5296,-0.5628,0.4554,0.01837,-0.2592,0.08222,-0.5302,-0.5296,-0.481,-0.5421,-0.54,-0.4892,-0.08478,-0.2379,-0.1812
1.94,-2.494,-0.5936,3.661,5.958,0.3502,5.814,1.225,1.288,3.818,3.833,3.798,3.831,0.3867,0.1244,-50.85,-36.79,-0.3004,-1.253,-0.1128,0.3089,49.4,36.44,0.203,1.261,2.016,1.264,7.482,2.543,0.6131,1.625,-0.553,0.3433,0.267,1.543,-0.5911,-4.282,-75.28,-5.257,-0.4162,-24.45,-0.8987,-1.15,-24.47,0.3259,-1.15,16.12,1.296,-0.7736,-112.1,-1.465,0.4231,-112.1,-0.1766,0.4231,-165.7,1.488,0.08439,-81.16,0.6198,-0.83,-84.8,-1.885,-0.1169,-92.28,-1.42,2.102,-92.3,-2.033,0.791,-91.71,-2.592,0.4976,-82.26,-0.5632,-1.407,-82.22,-2.186,-1.572,-86.51,-1.957,0.1137,0.9855,16.6,3.908,-12.69,-16.61,35.16,-5.851,30.28,8.794,-21.98,-14.65,22.95,6.343,-7.812,-14.16,2.941,-1.459,-22.46,11.21,-2.937,-7.333,2.924,10.75,3.902,2.435,-1.475,-7.808,-5.852,-27.32,-10.25,-15.62,-48.37,21.95,4.343,-20.05,-14.6,8.323,27.82,9.775,-4.436,-52.23,28.77,-5.441,21.46,1.968,0.5222,-0.03119,0.8397,0.1909,-0.6516,0.2709,0.6513,-0.4299,0.3842,0.3493,-0.5698,0.2717,-0.4801,-0.502,-0.4952,-0.7129,-0.2423,-0.4938,-0.5015,-0.4836,-0.4814,0.7593,-0.1033,0.6393,0.5969,-0.03723,0.8002,0.4718,-0.6038,0.4725,0.5292,-0.5633,0.4552,0.01831,-0.2594,0.08216,-0.5303,-0.5294,-0.481,-0.5421,-0.5397,-0.4898,-0.08466,-0.2381,-0.1813
1.95,-2.46,-0.601,3.69,6.101,0.3549,5.788,1.228,1.339,3.891,3.933,3.873,3.931,0.3688,0.1334,-50.82,-36.79,-0.2748,-1.239,-0.1091,0.322,49.37,36.44,0.1657,1.251,2.003,1.27,7.484,2.574,0.6386,1.7,-0.5194,0.379,0.2377,1.574,-0.5731,-4.338,-75.25,-5.411,-0.4337,-24.44,-0.9217,-1.233,-24.46,0.3054,-1.233,16.16,1.31,-0.8454,-112.1,-1.524,0.4345,-112.1,-0.1847,0.4341,-165.6,1.478,0.08439,-81.1,0.6071,-0.8505,-84.77,-1.865,-0.1303,-92.25,-1.441,2.078,-92.27,-2.08,0.765,-91.7,-2.607,0.5019,-82.2,-0.5499,-1.427,-82.15,-2.249,-1.612,-86.5,-1.986,0.1091,-12.21,10.74,7.322,-18.54,-6.833,28.81,-14.64,24.41,31.26,-31.74,-5.361,42.48,2.448,-5.378,0.4928,-2.941,-4.89,-20.99,4.896,-4.876,-5.369,-9.261,19.04,7.805,-2.435,9.286,-12.69,-18.05,-15.12,16.12,-27.85,-8.783,8.769,-0.3341,-10.71,-1.537,3.418,2.903,15.63,-1.479,-88.86,19.5,-2.5,15.64,1.432,0.521,-0.03137,0.8404,0.1907,-0.6521,0.2709,0.6509,-0.4306,0.3844,0.3489,-0.5704,0.2717,-0.4799,-0.5021,-0.4956,-0.713,-0.242,-0.494,-0.5016,-0.4834,-0.4816,0.7592,-0.1038,0.6394,0.597,-0.03748,0.8001,0.4718,-0.604,0.4724,0.529,-0.5637,0.4552,0.01825,-0.2595,0.08209,-0.5306,-0.529,-0.4813,-0.542,-0.5395,-0.4905,-0.0846,-0.2383,-0.1813
1.96,-2.434,-0.5866,3.741,6.257,0.3541,5.754,1.238,1.386,3.969,4.04,3.952,4.037,0.3694,0.146,-50.81,-36.8,-0.2849,-1.226,-0.1131,0.3309,49.35,36.45,0.1196,1.234,1.999,1.28,7.487,2.564,0.667,1.781,-0.4824,0.431,0.2115,1.607,-0.5599,-4.349,-75.2,-5.562,-0.453,-24.4,-0.9538,-1.301,-24.43,0.2835,-1.301,16.21,1.348,-0.9154,-112.1,-1.578,0.4361,-112,-0.1928,0.436,-165.6,1.463,0.0835,-81.03,0.61,-0.8687,-84.75,-1.839,-0.163,-92.23,-1.465,2.044,-92.25,-2.132,0.749,-91.69,-2.621,0.5129,-82.18,-0.539,-1.468,-82.14,-2.321,-1.645,-86.5,-2.008,0.1104,-19.05,11.72,12.69,-15.15,15.63,23.44,-20.49,14.16,16.12,-36.14,-4.388,43.94,-5.37,5.859,-3.421,-3.407,11.22,-14.65,-1.943,-2.438,-4.396,-25.87,21,2.431,-20.99,23.43,-13.67,-12.2,2.432,46.88,-29.77,36.64,0.9927,0,5.356,-4.919,-0.4961,-16.14,-0.9917,-1.934,-66.92,-7.334,-4.411,-2.456,-3.4,0.5199,-0.03162,0.841,0.1904,-0.6526,0.2708,0.6505,-0.4312,0.3846,0.3486,-0.571,0.2716,-0.4797,-0.5021,-0.4961,-0.713,-0.2417,-0.4942,-0.5017,-0.4831,-0.4818,0.7591,-0.1044,0.6393,0.5972,-0.03784,0.8,0.4718,-0.6043,0.4723,0.5287,-0.5641,0.4552,0.01813,-0.2596,0.08203,-0.5309,-0.5283,-0.4819,-0.5417,-0.5396,-0.4911,-0.0846,-0.2385,-0.1814
1.97,-2.41,-0.5871,3.775,6.424,0.3453,5.716,1.255,1.439,4.063,4.159,4.046,4.157,0.3797,0.1457,-50.82,-36.78,-0.2889,-1.209,-0.1279,0.3452,49.36,36.45,0.08779,1.243,1.98,1.322,7.477,2.507,0.6925,1.883,-0.4421,0.4819,0.1901,1.641,-0.5175,-4.315,-75.17,-5.731,-0.482,-24.36,-0.9859,-1.371,-24.39,0.2691,-1.37,16.25,1.386,-0.9926,-112,-1.635,0.4425,-112,-0.1958,0.4424,-165.5,1.448,0.0755,-80.96,0.6073,-0.8879,-84.71,-1.819,-0.182,-92.19,-1.482,2.008,-92.2,-2.174,0.7326,-91.69,-2.623,0.5194,-82.21,-0.5088,-1.528,-82.16,-2.393,-1.687,-86.49,-2.032,0.1033,-24.91,8.786,22.95,-23.93,14.16,10.74,-28.31,6.829,31.26,-26.84,3.415,37.6,-13.19,8.307,-2.445,-17.59,9.284,-12.21,-20.52,-13.19,-4.882,-32.73,19.04,-10.26,-24.9,37.6,-21.96,1.966,24.89,38.09,-32.69,53.2,7.335,-0.3341,0,-2.459,-11.74,-38.55,-26.87,-11.26,-43.43,-16.6,-9.705,-23.01,4.921,0.5186,-0.03186,0.8418,0.19,-0.6532,0.2707,0.6502,-0.4317,0.3848,0.3483,-0.5717,0.2715,-0.4796,-0.5021,-0.4966,-0.7131,-0.2414,-0.4944,-0.5019,-0.4828,-0.4821,0.7591,-0.1049,0.6393,0.5973,-0.03815,0.7999,0.4718,-0.6045,0.4721,0.5284,-0.5645,0.4552,0.01807,-0.2597,0.08204,-0.5313,-0.5274,-0.4826,-0.5411,-0.5399,-0.4915,-0.08454,-0.2387,-0.1815
1.98,-2.376,-0.5903,3.79,6.592,0.3354,5.707,1.279,1.483,4.168,4.297,4.149,4.295,0.394,0.135,-50.85,-36.77,-0.2885,-1.196,-0.1448,0.3608,49.38,36.45,0.05816,1.249,1.972,1.361,7.453,2.446,0.738,1.986,-0.3918,0.5284,0.1457,1.68,-0.4643,-4.286,-75.13,-5.909,-0.5148,-24.29,-1.018,-1.441,-24.32,0.2602,-1.441,16.29,1.424,-1.069,-112,-1.681,0.4485,-111.9,-0.1973,0.4483,-165.5,1.439,0.06484,-80.91,0.5946,-0.9093,-84.68,-1.798,-0.2011,-92.13,-1.496,1.982,-92.15,-2.235,0.6991,-91.69,-2.63,0.5325,-82.24,-0.481,-1.584,-82.18,-2.466,-1.732,-86.48,-2.061,0.09868,-26.37,16.6,19.54,-33.69,12.7,4.879,-29.78,18.56,28.81,-26.38,6.354,33.69,-16.61,3.906,-6.833,-19.54,8.306,-4.883,-28.33,-10.75,-10.74,-30.26,27.34,-17.08,-22.96,48.82,-16.12,1.966,42.98,29.3,-12.23,52.26,5.35,-2.339,7.804,-0.4611,-25.85,-54.69,-48.83,-2.389,8.342,-15.63,-1.912,-9.825,-0.4473,0.5172,-0.03217,0.8426,0.1894,-0.6537,0.2705,0.65,-0.4322,0.385,0.348,-0.5723,0.2714,-0.4796,-0.502,-0.497,-0.7132,-0.241,-0.4946,-0.502,-0.4825,-0.4824,0.7589,-0.1053,0.6394,0.5975,-0.03845,0.7997,0.4718,-0.6047,0.472,0.528,-0.5652,0.455,0.01795,-0.2597,0.08204,-0.5318,-0.5265,-0.4832,-0.5405,-0.5402,-0.4919,-0.08447,-0.239,-0.1816
1.99,-2.34,-0.5885,3.775,6.762,0.321,5.743,1.31,1.538,4.284,4.431,4.264,4.429,0.4232,0.1246,-50.88,-36.77,-0.2832,-1.178,-0.164,0.3741,49.4,36.46,0.03292,1.26,1.977,1.378,7.391,2.401,0.772,2.097,-0.3448,0.5815,0.1005,1.701,-0.3791,-4.255,-75.08,-6.09,-0.5501,-24.21,-1.055,-1.497,-24.24,0.2547,-1.497,16.34,1.45,-1.134,-111.9,-1.733,0.4568,-111.9,-0.1943,0.4566,-165.4,1.429,0.0533,-80.9,0.5813,-0.9287,-84.65,-1.778,-0.2242,-92.04,-1.504,1.963,-92.06,-2.277,0.6705,-91.68,-2.625,0.5532,-82.26,-0.4496,-1.623,-82.19,-2.544,-1.782,-86.47,-2.091,0.07058,-20.52,14.16,10.26,-28.81,10.26,3.42,-37.1,37.11,27.35,-27.84,9.273,42.97,-11.24,-0.9764,-7.326,-19.04,6.35,0,-25.86,-11.22,-5.855,-22.46,36.12,3.902,-16.12,37.6,-20.02,8.31,53.72,36.63,9.308,24.4,9.762,-2.004,2.448,0.9223,-18.08,-50.3,-53.69,3.867,35.18,-8.301,-7.794,-3.361,-2.952,0.5158,-0.03253,0.8433,0.1887,-0.6542,0.2702,0.6498,-0.4327,0.3853,0.3476,-0.573,0.2713,-0.4795,-0.502,-0.4975,-0.7133,-0.2407,-0.4948,-0.5023,-0.4821,-0.4827,0.7588,-0.1055,0.6394,0.5976,-0.03876,0.7996,0.4718,-0.6048,0.472,0.5276,-0.5658,0.4547,0.01776,-0.2597,0.08204,-0.5321,-0.5257,-0.4837,-0.5399,-0.5404,-0.4925,-0.08424,-0.2392,-0.1818
2,-2.314,-0.5903,3.746,6.926,0.3178,5.78,1.329,1.583,4.39,4.567,4.369,4.565,0.4411,0.117,-50.92,-36.75,-0.273,-1.175,-0.1736,0.3776,49.43,36.47,0.003292,1.269,1.97,1.359,7.32,2.379,0.8032,2.197,-0.3045,0.6302,0.0534,1.738,-0.2775,-4.256,-75.03,-6.26,-0.5784,-24.12,-1.086,-1.554,-24.16,0.2424,-1.554,16.4,1.467,-1.196,-111.8,-1.771,0.4598,-111.8,-0.1877,0.4596,-165.4,1.434,0.04619,-80.89,0.5725,-0.9533,-84.62,-1.761,-0.2488,-91.94,-1.525,1.931,-91.95,-2.326,0.6455,-91.68,-2.634,0.5794,-82.24,-0.4254,-1.627,-82.18,-2.621,-1.842,-86.45,-2.122,0.04901,-9.765,13.19,11.23,-15.63,5.37,8.299,-32.23,52.25,13.67,-23.45,14.65,50.78,-6.343,-3.425,-17.09,-20.03,-4.89,-1.463,-21.98,-12.69,-0.9729,-6.824,32.22,-3.412,1.473,30.77,-11.71,13.18,55.18,9.268,20.54,-4.893,2.427,1.002,1.989,5.841,-9.26,-39.09,-37.59,-3.412,24.39,-0.4835,-1.912,1.939,0.4473,0.5146,-0.03284,0.844,0.1881,-0.6547,0.2698,0.6495,-0.4333,0.3854,0.3471,-0.5735,0.2711,-0.4795,-0.5019,-0.498,-0.7134,-0.2404,-0.4949,-0.5026,-0.4818,-0.4829,0.7588,-0.1057,0.6395,0.5977,-0.03913,0.7995,0.472,-0.6049,0.472,0.5269,-0.5666,0.4544,0.01752,-0.2597,0.08204,-0.5324,-0.5254,-0.4838,-0.5395,-0.5404,-0.4931,-0.08405,-0.2394,-0.182
2.01,-2.293,-0.5916,3.736,7.069,0.3043,5.816,1.316,1.635,4.498,4.678,4.474,4.677,0.4647,0.1088,-50.96,-36.76,-0.2739,-1.174,-0.1898,0.3684,49.45,36.47,-0.02963,1.277,1.958,1.349,7.254,2.394,0.8259,2.296,-0.2474,0.6908,0.0178,1.785,-0.18,-4.297,-74.97,-6.409,-0.6164,-24.03,-1.102,-1.598,-24.06,0.2136,-1.597,16.47,1.474,-1.265,-111.8,-1.819,0.4592,-111.8,-0.1847,0.4589,-165.3,1.434,0.0533,-80.88,0.5637,-0.977,-84.59,-1.75,-0.2723,-91.84,-1.553,1.896,-91.86,-2.377,0.6211,-91.68,-2.628,0.5947,-82.2,-0.4049,-1.639,-82.13,-2.701,-1.905,-86.45,-2.148,0.03725,-1.463,6.344,-3.415,-20.51,-3.907,20.02,-33.21,55.17,21,-22.45,11.72,41.5,-9.765,-5.378,-27.34,-17.59,-9.765,0.9788,-14.65,-20.5,-0.9729,12.22,28.81,14.65,7.816,20.5,-11.71,20.51,55.18,1.968,30.77,-12.67,12.19,2.339,-15.15,11.22,4.41,-23.9,-18.56,-11.26,-10.7,10.72,-1.47,2.456,2.952,0.5134,-0.03327,0.8447,0.1874,-0.6552,0.2693,0.649,-0.4339,0.3856,0.3465,-0.5741,0.2709,-0.4795,-0.5019,-0.4984,-0.7135,-0.24,-0.4951,-0.5028,-0.4817,-0.4832,0.7587,-0.106,0.6396,0.5977,-0.03943,0.7995,0.4721,-0.605,0.472,0.5264,-0.5673,0.4542,0.0174,-0.2597,0.0821,-0.5326,-0.5251,-0.4839,-0.5391,-0.5403,-0.4939,-0.08393,-0.2396,-0.182
2.02,-2.258,-0.5936,3.728,7.204,0.2962,5.847,1.299,1.693,4.595,4.782,4.569,4.781,0.4893,0.1187,-50.98,-36.78,-0.2717,-1.197,-0.2093,0.3639,49.45,36.46,-0.06694,1.275,1.945,1.326,7.209,2.431,0.8685,2.421,-0.1992,0.771,-0.01267,1.834,-0.108,-4.363,-74.91,-6.543,-0.6528,-23.94,-1.117,-1.636,-23.98,0.1821,-1.636,16.56,1.473,-1.334,-111.8,-1.87,0.4408,-111.8,-0.178,0.4407,-165.3,1.445,0.04086,-80.85,0.5608,-1.005,-84.56,-1.72,-0.3007,-91.76,-1.566,1.855,-91.78,-2.434,0.6073,-91.68,-2.636,0.6154,-82.13,-0.3759,-1.644,-82.06,-2.795,-1.964,-86.45,-2.168,0.03137,6.361,10.74,-5.862,-16.12,-7.332,19.53,-13.66,61.52,17.09,-16.59,14.65,47.36,-13.66,-5.378,-10.25,-13.19,-14.66,-4.883,-9.754,-15.63,0.9729,5.849,14.16,11.24,-3.417,6.357,8.789,10.72,41.52,1.968,12.23,-9.787,15.61,-2.339,-17.14,0,1.929,-20.53,-13.69,-7.28,-36.09,6.85,-1.912,12.15,-0.4473,0.5124,-0.03369,0.8452,0.1869,-0.6556,0.2689,0.6485,-0.4346,0.3856,0.3458,-0.5747,0.2707,-0.4793,-0.5017,-0.4989,-0.7137,-0.2397,-0.4952,-0.503,-0.4815,-0.4832,0.7587,-0.1063,0.6396,0.5979,-0.0398,0.7993,0.4721,-0.6053,0.4717,0.5259,-0.568,0.4541,0.01721,-0.2597,0.0821,-0.5328,-0.5248,-0.4839,-0.5388,-0.5401,-0.4949,-0.08386,-0.2398,-0.1821
2.03,-2.228,-0.6099,3.723,7.357,0.2951,5.853,1.239,1.734,4.711,4.892,4.684,4.89,0.4943,0.1184,-51.02,-36.79,-0.2779,-1.199,-0.2123,0.3617,49.42,36.44,-0.1174,1.271,1.918,1.337,7.173,2.438,0.8969,2.554,-0.1567,0.8511,-0.04405,1.888,-0.04039,-4.394,-74.87,-6.685,-0.6856,-23.87,-1.111,-1.675,-23.91,0.1274,-1.675,16.66,1.464,-1.402,-111.7,-1.916,0.4358,-111.7,-0.1825,0.4354,-165.3,1.441,0.04352,-80.83,0.5677,-1.037,-84.52,-1.684,-0.3191,-91.7,-1.588,1.812,-91.72,-2.486,0.5792,-91.68,-2.642,0.6209,-82.1,-0.342,-1.672,-82.01,-2.894,-2.035,-86.44,-2.193,0.01764,11.71,8.786,-16.6,-6.362,-4.888,14.16,-9.284,41.01,15.62,-3.897,19.54,46.38,-8.291,-9.283,-14.16,0,-6.35,-12.21,2.429,-13.66,-4.396,-3.412,3.902,10.26,-2.435,13.19,-1.963,-5.852,36.12,6.824,-12.23,8.783,6.342,-5.345,-9.794,3.843,-3.418,-20.53,-9.256,-13.65,-68.82,-5.883,0,16.55,-3.937,0.5113,-0.034,0.8458,0.1865,-0.6559,0.2684,0.6476,-0.4356,0.3855,0.3449,-0.5754,0.2704,-0.4791,-0.5017,-0.4993,-0.7137,-0.2395,-0.4953,-0.503,-0.4815,-0.4833,0.7587,-0.1066,0.6395,0.5982,-0.0401,0.7991,0.4718,-0.6059,0.4713,0.5254,-0.5686,0.4539,0.01715,-0.2598,0.0821,-0.5329,-0.5244,-0.484,-0.5384,-0.5401,-0.4958,-0.08374,-0.2399,-0.1822
2.04,-2.178,-0.6162,3.699,7.505,0.2998,5.865,1.179,1.791,4.843,5.005,4.819,5.003,0.4893,0.1288,-51.04,-36.8,-0.2646,-1.187,-0.227,0.3563,49.36,36.41,-0.1778,1.278,1.885,1.347,7.14,2.407,0.931,2.715,-0.09738,0.9518,-0.0712,1.944,0.04039,-4.401,-74.83,-6.839,-0.7102,-23.81,-1.101,-1.71,-23.85,0.07737,-1.709,16.77,1.436,-1.474,-111.7,-1.969,0.4331,-111.7,-0.178,0.4327,-165.3,1.43,0.04441,-80.81,0.5594,-1.065,-84.48,-1.644,-0.3443,-91.62,-1.616,1.755,-91.63,-2.545,0.5484,-91.68,-2.642,0.6209,-82.08,-0.2937,-1.705,-81.99,-3.005,-2.1,-86.42,-2.209,0.009149,5.375,14.16,-6.355,-5.362,2.926,14.16,-17.59,16.12,-2.931,-6.361,10.25,42.48,0.5008,-4.882,-13.18,6.348,2.934,-8.303,13.68,-6.843,6.342,-7.798,10.26,0,-14.16,14.65,0,-7.818,25.86,10.25,-10.77,63.99,-8.328,-2.339,3.367,9.837,-13.17,-30.25,-2.928,-8.303,-63.02,-13.22,-1.912,7.368,-1.432,0.5101,-0.03424,0.8465,0.1863,-0.6562,0.268,0.6468,-0.4365,0.3854,0.3439,-0.576,0.2702,-0.4788,-0.5018,-0.4997,-0.7137,-0.2393,-0.4954,-0.5029,-0.4815,-0.4833,0.7586,-0.1069,0.6396,0.5984,-0.04053,0.7989,0.4713,-0.6067,0.4706,0.5249,-0.5693,0.4537,0.01715,-0.2598,0.0821,-0.533,-0.524,-0.4841,-0.5378,-0.5402,-0.4967,-0.08368,-0.2401,-0.1823
2.05,-2.133,-0.6358,3.692,7.684,0.2988,5.873,1.107,1.837,5.003,5.133,4.98,5.131,0.4834,0.1299,-51.08,-36.81,-0.2492,-1.162,-0.2359,0.3764,49.32,36.39,-0.2184,1.299,1.834,1.384,7.044,2.364,0.9849,2.907,-0.04477,1.067,-0.108,2.006,0.158,-4.379,-74.8,-7.014,-0.7348,-23.75,-1.084,-1.739,-23.79,0.02191,-1.739,16.87,1.399,-1.541,-111.7,-2.022,0.4411,-111.7,-0.1854,0.441,-165.3,1.407,0.03464,-80.79,0.5605,-1.089,-84.45,-1.599,-0.3511,-91.5,-1.621,1.694,-91.51,-2.606,0.5123,-91.67,-2.65,0.6274,-82.1,-0.2272,-1.746,-82,-3.132,-2.162,-86.42,-2.225,0.009803,10.75,19.04,0,-5.362,21,11.23,-9.284,15.14,-8.299,-6.828,9.273,27.34,3.422,4.401,-20.99,14.15,-2.934,-13.67,23.43,0,-0.9729,-15.15,4.393,1.471,-11.23,22.96,-9.771,7.818,3.404,25.87,-29.77,97.18,3.419,-6.682,8.722,-7.378,-21.99,-43.96,-14.64,-16.15,-46.43,-14.18,-12.21,-10.21,-1.432,0.5088,-0.03443,0.8472,0.186,-0.6565,0.2675,0.646,-0.4373,0.3853,0.343,-0.5765,0.27,-0.4786,-0.5019,-0.5,-0.7137,-0.2391,-0.4954,-0.5028,-0.4814,-0.4834,0.7586,-0.1072,0.6395,0.5987,-0.04071,0.7986,0.4707,-0.6076,0.4698,0.5243,-0.5702,0.4533,0.01709,-0.2598,0.08209,-0.5332,-0.5235,-0.4841,-0.537,-0.5406,-0.4975,-0.08368,-0.2402,-0.1824
2.06,-2.094,-0.6461,3.664,7.881,0.2756,5.898,1.055,1.866,5.186,5.29,5.162,5.289,0.502,0.1136,-51.12,-36.83,-0.2351,-1.108,-0.2458,0.4059,49.3,36.35,-0.2557,1.34,1.797,1.415,6.931,2.309,1.053,3.109,0.02351,1.184,-0.1454,2.075,0.3063,-4.358,-74.77,-7.214,-0.7686,-23.68,-1.083,-1.763,-23.72,-0.02807,-1.763,16.96,1.363,-1.601,-111.7,-2.066,0.4538,-111.7,-0.2002,0.4533,-165.3,1.354,0.02398,-80.79,0.5565,-1.099,-84.42,-1.563,-0.354,-91.35,-1.631,1.651,-91.37,-2.684,0.4762,-91.68,-2.659,0.6362,-82.12,-0.1523,-1.776,-82.02,-3.259,-2.23,-86.42,-2.239,0.01176,4.39,14.65,14.64,-14.15,32.72,17.58,-22.46,17.08,4.391,-11.72,15.13,17.58,16.61,13.67,-14.16,7.338,-14.66,-14.16,12.71,4.406,4.882,-1.462,9.766,1.962,-6.343,20.5,6.826,19.52,-9.285,31.26,5.385,124.5,-31.71,-12.7,2.907,14.14,-24.42,-49.29,-11.71,-9.327,-51.23,-25.39,4.853,19.52,14.67,0.5072,-0.03467,0.8481,0.1857,-0.6568,0.267,0.6454,-0.4379,0.3855,0.3421,-0.5769,0.2698,-0.4784,-0.5021,-0.5002,-0.7135,-0.2391,-0.4955,-0.5024,-0.4813,-0.4835,0.7585,-0.1072,0.6396,0.599,-0.0409,0.7984,0.4702,-0.6083,0.4691,0.5234,-0.5713,0.453,0.01703,-0.2599,0.08216,-0.5334,-0.5229,-0.484,-0.5361,-0.5409,-0.4983,-0.08368,-0.2403,-0.1824
2.07,-2.045,-0.6653,3.627,8.077,0.2599,5.943,0.9998,1.883,5.387,5.482,5.364,5.482,0.501,0.1079,-51.17,-36.85,-0.2117,-1.052,-0.2628,0.4234,49.29,36.33,-0.2798,1.39,1.73,1.457,6.769,2.261,1.135,3.342,0.08171,1.315,-0.1892,2.157,0.4951,-4.324,-74.74,-7.424,-0.7882,-23.6,-1.071,-1.784,-23.63,-0.07121,-1.783,17.06,1.32,-1.662,-111.7,-2.088,0.4545,-111.7,-0.2061,0.454,-165.3,1.295,0.01155,-80.81,0.5411,-1.101,-84.41,-1.529,-0.3401,-91.18,-1.632,1.593,-91.2,-2.768,0.4395,-91.69,-2.682,0.6514,-82.16,-0.06768,-1.801,-82.04,-3.406,-2.311,-86.41,-2.262,0.01307,2.927,19.04,22.46,-7.331,36.13,22.95,-33.7,33.68,13.67,-18.55,21.98,14.65,17.08,19.05,-24.91,-7.804,-19.53,10.25,-10.24,-1.938,2.45,18.07,6.845,-5.374,3.908,16.12,35.16,21.49,-23.92,34.66,23.92,73.71,-32.21,-4.343,6.274,3.382,0,-40.04,-19.03,15.58,-114.3,-23.93,-17.65,13.19,12.7,0.5056,-0.03479,0.849,0.1853,-0.657,0.2665,0.6448,-0.4385,0.3856,0.3411,-0.5773,0.2697,-0.4783,-0.5022,-0.5003,-0.7134,-0.2392,-0.4954,-0.5021,-0.4811,-0.4837,0.7585,-0.1071,0.6397,0.5992,-0.0409,0.7982,0.4701,-0.6088,0.4685,0.5223,-0.5726,0.4525,0.01691,-0.2601,0.08228,-0.5337,-0.5223,-0.4839,-0.5351,-0.5414,-0.4992,-0.08368,-0.2405,-0.1824
2.08,-1.982,-0.6847,3.582,8.267,0.2484,6.002,0.9588,1.865,5.591,5.721,5.567,5.72,0.5092,0.1008,-51.22,-36.9,-0.1786,-1.028,-0.2816,0.4467,49.28,36.35,-0.2886,1.46,1.671,1.489,6.625,2.193,1.235,3.611,0.15,1.47,-0.2118,2.244,0.6643,-4.274,-74.7,-7.647,-0.8115,-23.51,-1.07,-1.809,-23.54,-0.1109,-1.808,17.15,1.274,-1.725,-111.7,-2.085,0.4345,-111.7,-0.2194,0.4341,-165.3,1.248,-0.01244,-80.83,0.506,-1.109,-84.39,-1.499,-0.3321,-91.01,-1.622,1.537,-91.03,-2.857,0.4162,-91.7,-2.703,0.6591,-82.2,0.03021,-1.821,-82.07,-3.58,-2.39,-86.41,-2.282,0.02091,11.71,18.56,0,-7.816,42,40.04,-27.82,70.79,23.44,-23.91,31.73,2.934,15.64,41.01,-38.57,8.794,0.481,22.46,-15.14,4.406,23.44,38.58,10.26,27.34,27.83,12.69,44.43,19.03,-40.54,13.68,23.92,41.03,-5.846,-2.339,-4.438,9.837,19.51,-40.51,-24.89,21.5,-169.9,-26.35,-2.5,4.395,9.752,0.5039,-0.03498,0.8499,0.1848,-0.6573,0.2659,0.6442,-0.4392,0.3857,0.3402,-0.5777,0.2695,-0.4782,-0.5021,-0.5003,-0.7132,-0.2394,-0.4954,-0.5018,-0.4809,-0.4838,0.7583,-0.107,0.6399,0.5994,-0.04096,0.7981,0.4706,-0.6088,0.4684,0.5213,-0.5738,0.4521,0.01685,-0.2603,0.08234,-0.5343,-0.5215,-0.4839,-0.5339,-0.542,-0.5002,-0.08374,-0.2407,-0.1825
2.09,-1.907,-0.7004,3.522,8.47,0.2298,6.073,0.9147,1.852,5.798,5.979,5.774,5.978,0.5288,0.1023,-51.29,-36.94,-0.1531,-1.056,-0.2989,0.4626,49.27,36.36,-0.2798,1.534,1.621,1.537,6.539,2.107,1.399,3.922,0.2541,1.647,-0.2377,2.352,0.7854,-4.209,-74.65,-7.888,-0.8437,-23.4,-1.079,-1.844,-23.43,-0.1643,-1.844,17.27,1.231,-1.803,-111.7,-2.091,0.3991,-111.7,-0.2386,0.3989,-165.3,1.236,-0.03375,-80.87,0.4653,-1.119,-84.36,-1.465,-0.3293,-90.9,-1.586,1.482,-90.92,-2.985,0.3934,-91.71,-2.725,0.6689,-82.27,0.1378,-1.862,-82.12,-3.781,-2.482,-86.4,-2.311,0.03725,28.82,14.65,-22.95,-6.362,42.98,53.23,-23.44,90.34,4.391,-23.45,41.5,1.467,5.37,37.1,-25.88,25.89,31.25,17.57,-6.353,20.5,47.85,50.28,20.51,38.58,24.41,11.24,59.08,4.87,-18.57,44.44,22.92,67.88,-39.05,1.336,-19.59,4.919,31.75,-57.12,-13.69,14.67,-221.2,-61.49,-11.18,5.817,20.04,0.5021,-0.03522,0.8509,0.1841,-0.6577,0.2653,0.6434,-0.4401,0.3856,0.339,-0.5783,0.2693,-0.4781,-0.5019,-0.5004,-0.713,-0.2394,-0.4954,-0.5019,-0.4807,-0.4839,0.7581,-0.1068,0.6402,0.5996,-0.04108,0.7979,0.4716,-0.6083,0.4684,0.5203,-0.5748,0.4522,0.01679,-0.2604,0.08246,-0.5351,-0.5203,-0.4841,-0.5325,-0.5427,-0.5013,-0.08387,-0.2409,-0.1826
2.1,-1.832,-0.7137,3.462,8.67,0.202,6.149,0.8598,1.842,6.022,6.249,5.996,6.248,0.5532,0.1085,-51.39,-36.95,-0.1575,-1.133,-0.3287,0.4648,49.26,36.34,-0.2359,1.645,1.549,1.591,6.469,1.967,1.609,4.321,0.3716,1.865,-0.2501,2.473,0.9006,-4.112,-74.59,-8.125,-0.8841,-23.26,-1.074,-1.868,-23.29,-0.2143,-1.868,17.43,1.214,-1.883,-111.7,-2.092,0.3437,-111.7,-0.2497,0.3435,-165.3,1.262,-0.0604,-80.89,0.4248,-1.127,-84.33,-1.429,-0.328,-90.8,-1.517,1.401,-90.82,-3.125,0.3843,-91.72,-2.746,0.6776,-82.37,0.2816,-1.91,-82.2,-4.036,-2.584,-86.4,-2.353,0.0562,41,15.14,-28.82,-17.09,42.98,48.83,-22.95,92.78,16.12,-31.24,44.44,4.887,-4.897,21.98,-16.11,35.64,59.57,13.67,4.41,29.78,70.8,35.17,26.85,59.58,8.798,14.17,59.08,-9.784,27.81,43.45,10.77,90.34,-1.489,6.348,-14.23,-1.537,21.99,-87.37,-18.09,-2.389,-189.4,-32.24,-27.35,-25.34,2.416,0.5003,-0.03558,0.8519,0.1834,-0.6581,0.2644,0.6424,-0.4413,0.3854,0.3378,-0.5791,0.2688,-0.4781,-0.5015,-0.5007,-0.7129,-0.239,-0.4956,-0.5022,-0.4805,-0.4837,0.7579,-0.1067,0.6405,0.5999,-0.04126,0.7977,0.4732,-0.6075,0.4685,0.5193,-0.5759,0.4524,0.01672,-0.2606,0.08258,-0.5364,-0.5184,-0.4846,-0.5307,-0.5438,-0.5025,-0.08399,-0.2413,-0.1826
2.11,-1.759,-0.7329,3.416,8.867,0.1877,6.197,0.7715,1.843,6.234,6.483,6.209,6.483,0.5659,0.09977,-51.5,-36.92,-0.1747,-1.2,-0.3497,0.4648,49.23,36.31,-0.169,1.792,1.465,1.69,6.393,1.842,1.873,4.817,0.5261,2.129,-0.2501,2.574,1.032,-4.042,-74.53,-8.353,-0.9235,-23.09,-1.059,-1.898,-23.12,-0.2876,-1.898,17.63,1.196,-1.975,-111.6,-2.104,0.3143,-111.6,-0.2608,0.3143,-165.3,1.299,-0.0684,-80.89,0.3916,-1.148,-84.28,-1.39,-0.3334,-90.67,-1.423,1.298,-90.7,-3.297,0.379,-91.73,-2.763,0.6787,-82.45,0.4665,-2.009,-82.25,-4.346,-2.681,-86.39,-2.402,0.06143,33.21,15.62,-32.23,-17.57,45.4,44.93,-31.74,63.48,2.931,-32.24,38.58,17.09,-11.24,6.835,-13.18,19.04,57.13,16.61,20.03,27.34,77.14,25.38,32.22,68.37,-21.48,32.72,83.49,-25.38,76.67,-6.824,-11.69,133.8,-5.846,-22.05,5.356,-1.537,2.921,-107,-47.36,22.98,-224.6,-95.25,-65,-39.56,41.96,0.4985,-0.03595,0.8528,0.1825,-0.6586,0.2633,0.6411,-0.4427,0.385,0.3363,-0.5801,0.268,-0.4783,-0.501,-0.5013,-0.713,-0.2382,-0.496,-0.5027,-0.4803,-0.4838,0.7577,-0.1068,0.6407,0.6001,-0.04157,0.7975,0.4751,-0.6066,0.4684,0.518,-0.5771,0.4526,0.01672,-0.2608,0.08265,-0.5382,-0.5155,-0.4856,-0.5288,-0.545,-0.504,-0.08399,-0.2417,-0.1826
2.12,-1.661,-0.757,3.381,9.046,0.1756,6.254,0.6751,1.865,6.444,6.73,6.42,6.729,0.557,0.09924,-51.64,-36.86,-0.1848,-1.253,-0.3579,0.4578,49.21,36.31,-0.0856,1.999,1.35,1.829,6.332,1.774,2.171,5.425,0.6962,2.42,-0.2486,2.735,1.142,-4.026,-74.46,-8.592,-0.954,-22.88,-1.041,-1.947,-22.9,-0.3663,-1.947,17.86,1.179,-2.072,-111.5,-2.116,0.285,-111.5,-0.2512,0.2847,-165.1,1.333,-0.08616,-80.87,0.3275,-1.16,-84.23,-1.355,-0.3237,-90.56,-1.318,1.178,-90.6,-3.489,0.3822,-91.73,-2.786,0.6864,-82.47,0.7107,-2.132,-82.24,-4.707,-2.848,-86.38,-2.485,0.06274,9.765,15.14,-28.32,-32.23,48.83,48.33,-39.06,33.68,-14.64,-20.52,40.03,2.934,-3.895,-1.472,-20.99,14.15,30.77,1.463,34.68,30.28,69.83,18.07,36.12,54.21,-39.55,41.98,74.7,-15.14,125,-48.82,-24.92,128.4,-57.63,-16.04,22.95,7.378,-37.59,-148.9,-55.68,12.74,-192.4,-95.74,-35.59,-68.38,29.26,0.4967,-0.03632,0.8538,0.1814,-0.6592,0.2619,0.6397,-0.4443,0.3846,0.3347,-0.5812,0.2671,-0.4787,-0.5003,-0.5019,-0.7134,-0.2366,-0.4967,-0.5034,-0.4798,-0.4841,0.7573,-0.1069,0.6412,0.6004,-0.04175,0.7973,0.4771,-0.6057,0.4681,0.5168,-0.5783,0.4531,0.01666,-0.2609,0.08271,-0.5406,-0.5119,-0.4869,-0.5267,-0.5458,-0.5063,-0.08393,-0.2424,-0.1828
2.13,-1.523,-0.7663,3.361,9.191,0.1599,6.308,0.567,1.897,6.66,6.972,6.639,6.972,0.5324,0.09871,-51.81,-36.83,-0.1888,-1.258,-0.3542,0.4692,49.21,36.36,0.01756,2.255,1.244,1.933,6.286,1.703,2.506,6.121,0.8776,2.717,-0.2592,2.887,1.24,-3.999,-74.37,-8.834,-0.9874,-22.64,-1.005,-2.003,-22.66,-0.4382,-2.003,18.1,1.165,-2.157,-111.3,-2.135,0.2579,-111.3,-0.2386,0.2575,-165,1.325,-0.1244,-80.85,0.2288,-1.166,-84.19,-1.315,-0.3234,-90.47,-1.19,1.057,-90.51,-3.695,0.3891,-91.74,-2.809,0.7093,-82.5,1.006,-2.227,-82.22,-5.107,-3.036,-86.36,-2.599,0.03529,14.66,20.51,-7.322,-41.5,46.38,51.26,-39.06,29.3,-12.69,-27.34,26.85,-3.906,0.9737,-10.74,-27.84,12.7,13.18,-0.9788,37.11,26.85,71.29,1.95,34.67,54.7,-43.46,41.51,65.91,-26.36,121.6,-68.85,1.923,76.16,-19.03,7.684,27.39,-4.919,-53.69,-185.5,-63,46.86,-144.5,-81.07,-15.15,-20.94,19.06,0.4948,-0.03675,0.8547,0.1802,-0.6599,0.2602,0.6383,-0.4458,0.3842,0.333,-0.5823,0.2661,-0.479,-0.4998,-0.5026,-0.7138,-0.2349,-0.4975,-0.5041,-0.4789,-0.4848,0.7567,-0.1071,0.6418,0.6006,-0.04199,0.797,0.4792,-0.6048,0.4677,0.5155,-0.5795,0.4537,0.01648,-0.2611,0.08283,-0.5434,-0.508,-0.4879,-0.5244,-0.5467,-0.5089,-0.08362,-0.2433,-0.1831
2.14,-1.356,-0.7783,3.35,9.325,0.1333,6.369,0.4481,1.928,6.881,7.228,6.864,7.227,0.4921,0.09463,-52,-36.83,-0.1755,-1.236,-0.3365,0.4766,49.27,36.48,0.1317,2.558,1.115,1.997,6.218,1.628,2.87,6.9,1.072,3.045,-0.2914,3.025,1.359,-3.947,-74.27,-9.089,-1.026,-22.36,-0.955,-2.078,-22.37,-0.5074,-2.077,18.32,1.146,-2.242,-111.3,-2.155,0.2309,-111.3,-0.2275,0.2306,-164.8,1.287,-0.1563,-80.82,0.1056,-1.164,-84.15,-1.271,-0.3118,-90.37,-1.045,0.9218,-90.4,-3.913,0.3817,-91.76,-2.832,0.7398,-82.54,1.352,-2.271,-82.21,-5.542,-3.22,-86.32,-2.715,-0.002614,13.17,24.42,-18.55,-41.99,48.35,62.01,-57.63,24.91,-9.771,-30.27,16.6,-7.326,4.897,-8.788,-24.91,16.6,8.306,-9.282,31.73,22.47,53.71,-18.07,35.65,54.7,-54.69,46.39,54.68,-44.94,97.18,-34.18,7.846,34.69,-33.7,4.009,10.25,-1.998,-55.67,-185.5,-98.65,33.21,-73.27,-61.49,-17.06,-7.756,37.13,0.4928,-0.03723,0.8557,0.179,-0.6609,0.2582,0.6369,-0.4473,0.3839,0.3314,-0.5833,0.2652,-0.4791,-0.4994,-0.5031,-0.7143,-0.2331,-0.4983,-0.5048,-0.4777,-0.4858,0.756,-0.1072,0.6426,0.6009,-0.04212,0.7968,0.4812,-0.604,0.4671,0.5141,-0.5808,0.4542,0.01624,-0.2613,0.08301,-0.5467,-0.504,-0.4884,-0.5219,-0.5478,-0.5115,-0.08325,-0.2442,-0.1835
2.15,-1.164,-0.7951,3.32,9.448,0.1227,6.467,0.3414,1.984,7.092,7.466,7.079,7.465,0.4304,0.09711,-52.2,-36.85,-0.1354,-1.183,-0.3051,0.516,49.38,36.66,0.2853,2.906,0.974,2.034,6.139,1.581,3.287,7.766,1.267,3.364,-0.3059,3.182,1.481,-3.913,-74.17,-9.347,-1.058,-22.07,-0.9018,-2.173,-22.08,-0.5608,-2.172,18.51,1.124,-2.32,-111.2,-2.192,0.2179,-111.2,-0.2076,0.2177,-164.5,1.234,-0.2203,-80.82,-0.03299,-1.169,-84.12,-1.216,-0.304,-90.26,-0.8549,0.7659,-90.3,-4.142,0.3981,-91.77,-2.863,0.778,-82.56,1.752,-2.29,-82.17,-6.003,-3.422,-86.28,-2.871,-0.0366,-24.43,21.48,-41.01,-17.57,45.9,51.75,-47.37,38.57,-6.345,-23.45,10.25,0,13.19,-3.906,-34.18,21.98,-3.415,2.441,33.67,21.47,48.34,-24.41,45.42,69.82,-60.05,45.41,50.29,-22.96,74.23,21.96,-6.385,16.12,-22.94,7.35,15.15,4.458,-61.02,-169.4,-124,21.95,-43.98,-32.24,-19.12,-17.58,37.13,0.4908,-0.03772,0.8567,0.1776,-0.6619,0.2561,0.6357,-0.4488,0.3836,0.33,-0.5841,0.2644,-0.4792,-0.4991,-0.5036,-0.7148,-0.2313,-0.499,-0.5058,-0.4761,-0.487,0.7552,-0.1072,0.6435,0.6013,-0.04224,0.7965,0.4835,-0.6032,0.4661,0.5126,-0.5821,0.4549,0.01593,-0.2615,0.08319,-0.5498,-0.5003,-0.4882,-0.5193,-0.5489,-0.5144,-0.08289,-0.2454,-0.184
2.16,-0.9732,-0.8267,3.313,9.553,0.1087,6.576,0.2369,2.024,7.291,7.699,7.281,7.698,0.3766,0.09835,-52.38,-36.9,-0.1094,-1.133,-0.2576,0.5647,49.51,36.86,0.4741,3.317,0.8048,2.091,6.063,1.624,3.738,8.725,1.484,3.722,-0.3361,3.348,1.594,-3.964,-74.04,-9.597,-1.095,-21.77,-0.8537,-2.267,-21.78,-0.6169,-2.267,18.67,1.111,-2.383,-111.1,-2.226,0.2002,-111.1,-0.2024,0.2001,-164.3,1.171,-0.2825,-80.8,-0.1814,-1.174,-84.1,-1.172,-0.2799,-90.17,-0.6388,0.5957,-90.2,-4.378,0.4157,-91.79,-2.882,0.8315,-82.5,2.211,-2.309,-82.04,-6.502,-3.638,-86.24,-3.031,-0.06993,-43.96,30.28,-60.55,1.454,48.83,46.39,-22.46,68.37,-12.69,-13.69,21.48,4.391,3.895,-2.448,-19.53,23.93,-11.22,-2.925,29.79,10.25,31.26,-37.6,41.5,78.62,-75.19,51.77,47.85,-4.87,49.3,47.86,-12.23,12.23,9.265,10.69,-10.71,-2.92,-74.69,-149.9,-105.4,11.26,-76.62,21.03,-30.73,-6.334,-2.416,0.4888,-0.03833,0.8576,0.1762,-0.663,0.2539,0.6344,-0.4503,0.3833,0.3289,-0.5849,0.2637,-0.4792,-0.4989,-0.5041,-0.7151,-0.2295,-0.4997,-0.5067,-0.4743,-0.4884,0.7544,-0.1073,0.6445,0.6016,-0.04218,0.7962,0.4856,-0.6026,0.4647,0.5111,-0.5834,0.4557,0.0155,-0.2617,0.08344,-0.5527,-0.4969,-0.4873,-0.5169,-0.5496,-0.5179,-0.08252,-0.2467,-0.1845
2.17,-0.7821,-0.8631,3.302,9.679,0.09986,6.719,0.1234,2.066,7.538,7.942,7.532,7.941,0.3311,0.1053,-52.55,-37,-0.09042,-1.074,-0.2318,0.6477,49.7,37.08,0.6749,3.793,0.639,2.149,6.006,1.747,4.209,9.798,1.726,4.108,-0.3608,3.5,1.688,-4.088,-73.88,-9.875,-1.134,-21.45,-0.7981,-2.343,-21.46,-0.6745,-2.343,18.81,1.091,-2.455,-111.1,-2.281,0.1895,-111.1,-0.2157,0.1895,-164,1.095,-0.3615,-80.79,-0.3394,-1.184,-84.09,-1.138,-0.256,-90.1,-0.4217,0.4293,-90.13,-4.629,0.4337,-91.8,-2.89,0.8795,-82.36,2.727,-2.323,-81.83,-7.056,-3.854,-86.19,-3.224,-0.1098,-45.9,27.34,-77.64,-10.24,55.18,47.37,-21.97,95.22,-7.322,-0.9658,52.24,20.51,-5.37,11.72,-36.62,8.299,-5.371,11.23,14.65,-0.9692,7.819,-46.38,33.69,66.89,-109.9,23.43,43.95,-36.14,33.2,13.68,-5.385,40.03,22.45,22.05,-35.65,-16.14,-85.93,-128.9,-42.97,8.758,-140.6,2.418,-91.32,-56.1,75.69,0.4867,-0.03906,0.8586,0.1748,-0.6639,0.2517,0.6331,-0.4519,0.383,0.3278,-0.5855,0.2633,-0.479,-0.4988,-0.5046,-0.7152,-0.2279,-0.5005,-0.5077,-0.4725,-0.4898,0.7535,-0.1074,0.6456,0.6018,-0.04212,0.7961,0.4873,-0.6023,0.463,0.5097,-0.5846,0.4566,0.01514,-0.2617,0.08368,-0.555,-0.4939,-0.4857,-0.5148,-0.5502,-0.5218,-0.0821,-0.2482,-0.1851
2.18,-0.5761,-0.895,3.275,9.815,0.09769,6.859,0,2.127,7.799,8.186,7.794,8.185,0.2809,0.131,-52.75,-37.1,-0.04896,-0.9999,-0.202,0.7301,49.89,37.28,0.8889,4.32,0.4656,2.199,5.946,1.924,4.714,10.95,1.987,4.472,-0.362,3.67,1.787,-4.27,-73.73,-10.17,-1.164,-21.12,-0.7476,-2.419,-21.12,-0.7477,-2.419,18.95,1.034,-2.534,-111,-2.355,0.1819,-111,-0.2275,0.1819,-163.7,1.006,-0.4388,-80.79,-0.5033,-1.19,-84.06,-1.094,-0.2332,-90.01,-0.1802,0.2525,-90.04,-4.894,0.465,-91.81,-2.892,0.9166,-82.15,3.306,-2.323,-81.54,-7.628,-4.094,-86.13,-3.46,-0.147,-42.97,13.19,-78.61,-32.23,70.31,43.46,-66.88,97.65,14.16,-26.38,76.67,32.23,-27.82,23.93,-24.91,-7.804,20.51,13.19,-16.59,-13.19,-8.305,-61.04,29.79,82.03,-118.2,14.65,32.23,-64.96,28.34,41.52,-22.92,70.33,32.7,25.06,-49.27,-28.28,-71.77,-107.9,21.96,61.54,-148.9,-16.12,-96.61,1.939,118.6,0.4843,-0.03968,0.8597,0.1732,-0.6649,0.2493,0.6316,-0.4536,0.3825,0.3264,-0.5861,0.263,-0.4786,-0.4989,-0.5051,-0.7153,-0.2264,-0.5011,-0.5084,-0.4707,-0.4912,0.7525,-0.1074,0.6466,0.6021,-0.04212,0.7958,0.4892,-0.6019,0.4613,0.508,-0.5859,0.4576,0.01483,-0.2617,0.0838,-0.557,-0.4912,-0.4834,-0.5127,-0.5504,-0.5261,-0.08167,-0.2501,-0.1858
2.19,-0.3517,-0.9559,3.244,9.954,0.1028,7.024,-0.1207,2.201,8.064,8.435,8.061,8.433,0.2209,0.1614,-52.94,-37.21,0.02823,-0.928,-0.1791,0.8138,50.06,37.47,1.106,4.862,0.3347,2.233,5.828,2.074,5.274,12.15,2.308,4.759,-0.3485,3.875,1.936,-4.414,-73.56,-10.47,-1.203,-20.78,-0.6784,-2.501,-20.77,-0.7991,-2.501,19.13,0.9646,-2.611,-111,-2.432,0.1608,-111,-0.2312,0.1609,-163.5,0.915,-0.533,-80.8,-0.6666,-1.212,-84.04,-1.031,-0.1984,-89.87,0.08895,0.1282,-89.9,-5.185,0.5048,-91.82,-2.859,0.9493,-81.98,3.916,-2.292,-81.28,-8.205,-4.338,-86.05,-3.781,-0.1477,-26.85,6.344,-78.12,-43.96,66.9,40.04,-89.37,84.97,19.05,-59.58,90.33,19.53,-54.2,25.88,-13.18,-30.75,45.41,26.37,-34.2,-10.25,-17.1,-68.84,35.65,100.1,-121.6,23.93,25.89,-98.64,-8.312,63.96,-43,99.62,28.35,31.4,-18.52,-15.68,-34.18,-114.2,47.36,180.6,-108.4,-63.02,-61.47,103.5,137.2,0.482,-0.04041,0.8607,0.1716,-0.6659,0.2468,0.6299,-0.4556,0.3817,0.3249,-0.5867,0.2625,-0.4782,-0.4989,-0.5056,-0.7154,-0.225,-0.5016,-0.5091,-0.4689,-0.4924,0.7516,-0.1074,0.6477,0.6026,-0.04199,0.7955,0.4909,-0.6012,0.4596,0.506,-0.5875,0.4586,0.01459,-0.2614,0.08393,-0.5591,-0.4887,-0.4806,-0.5105,-0.5508,-0.5303,-0.08149,-0.2528,-0.1866
2.2,-0.1296,-0.9969,3.184,10.12,0.1003,7.205,-0.2306,2.285,8.334,8.674,8.332,8.672,0.1685,0.1839,-53.21,-37.33,0.1041,-0.8544,-0.1655,0.921,50.26,37.61,1.34,5.42,0.2573,2.216,5.663,2.091,5.875,13.37,2.672,4.973,-0.3162,4.161,2.135,-4.447,-73.39,-10.78,-1.247,-20.36,-0.6193,-2.596,-20.35,-0.8497,-2.596,19.35,0.9021,-2.705,-111,-2.532,0.1625,-110.9,-0.2468,0.1623,-163.4,0.8326,-0.6262,-80.83,-0.8207,-1.23,-84.01,-0.9619,-0.18,-89.68,0.3835,0.03974,-89.71,-5.491,0.5691,-91.82,-2.796,0.9875,-81.93,4.543,-2.232,-81.14,-8.796,-4.582,-85.98,-4.178,-0.06666,-17.08,1.951,-76.16,-36.14,74.71,50.79,-85.45,73.24,9.277,-75.67,83.99,23.93,-63.49,27.34,-16.6,-35.15,62.5,21.97,-44.44,-1.938,-35.64,-62.5,47.85,90.33,-140.1,48.82,35.16,-162.1,-64.46,120.6,-97.15,121.1,28.79,32.74,-38.1,-34.74,19.51,-138.2,22.48,244.7,-99.11,-61.97,-65.44,26.89,162.1,0.4795,-0.04114,0.8618,0.1696,-0.6671,0.2439,0.6282,-0.4578,0.3808,0.323,-0.5875,0.2619,-0.4776,-0.4992,-0.5062,-0.7153,-0.2237,-0.5021,-0.5096,-0.4674,-0.4933,0.7508,-0.1072,0.6488,0.603,-0.04205,0.7951,0.4921,-0.6007,0.4577,0.5035,-0.5893,0.4595,0.01428,-0.2609,0.08399,-0.5614,-0.4862,-0.4775,-0.5076,-0.5517,-0.5342,-0.08191,-0.2561,-0.1873
2.21,0.09752,-1.037,3.116,10.28,0.1158,7.395,-0.3306,2.417,8.598,8.894,8.596,8.891,0.1159,0.2323,-53.52,-37.45,0.1689,-0.7796,-0.1684,1.01,50.47,37.71,1.623,5.987,0.172,2.184,5.458,1.985,6.562,14.62,3.1,5.103,-0.2761,4.46,2.377,-4.386,-73.22,-11.09,-1.283,-19.89,-0.5602,-2.684,-19.87,-0.8901,-2.684,19.62,0.8524,-2.805,-110.9,-2.649,0.1552,-110.9,-0.2327,0.155,-163.2,0.7601,-0.7319,-80.85,-0.9744,-1.258,-83.97,-0.8878,-0.1726,-89.43,0.7313,-0.07048,-89.47,-5.83,0.6407,-91.81,-2.703,1.027,-82,5.178,-2.179,-81.11,-9.404,-4.797,-85.92,-4.668,0.05816,-41,2.926,-89.84,-41.99,61.03,50.79,-70.31,64.94,15.62,-78.13,88.38,20.02,-72.75,19.53,-40.53,-34.68,83.49,23.44,-51.76,21,-39.55,-62.5,78.13,74.7,-136.7,79.58,41.98,-219.7,-31.26,111.3,-163.5,164.1,61.55,-2.339,26.78,-67.94,55.18,-158.7,-10.25,295.4,-163.6,-61.97,-87.94,-2.973,143.1,0.4771,-0.04187,0.8629,0.1672,-0.6684,0.2407,0.6264,-0.46,0.3798,0.3209,-0.5886,0.2608,-0.477,-0.4994,-0.5069,-0.7154,-0.2224,-0.5024,-0.5101,-0.4659,-0.4941,0.7499,-0.1072,0.6498,0.6036,-0.04224,0.7947,0.4929,-0.6007,0.4548,0.5006,-0.5913,0.4604,0.01398,-0.2601,0.08399,-0.564,-0.4834,-0.4745,-0.5042,-0.5534,-0.5375,-0.08259,-0.2603,-0.1878
2.22,0.328,-1.047,3.045,10.45,0.1671,7.584,-0.4409,2.577,8.856,9.082,8.856,9.077,0.03434,0.3126,-53.88,-37.55,0.1941,-0.6945,-0.1574,1.125,50.68,37.77,1.941,6.56,0.06851,2.086,5.242,1.847,7.314,15.93,3.584,5.176,-0.2987,4.792,2.658,-4.318,-73.04,-11.39,-1.293,-19.37,-0.4957,-2.774,-19.35,-0.936,-2.774,19.94,0.8388,-2.897,-110.9,-2.795,0.1612,-110.8,-0.2179,0.1609,-163.1,0.688,-0.8545,-80.87,-1.122,-1.295,-83.92,-0.8065,-0.2055,-89.17,1.117,-0.24,-89.2,-6.194,0.6705,-91.82,-2.578,1.087,-82.09,5.824,-2.106,-81.11,-10.06,-5.021,-85.88,-5.261,0.213,-90.81,0,-80.07,-57.14,56.64,48.33,-69.33,64.44,19.05,-84.46,91.8,22.95,-92.28,15.14,-39.55,-49.33,89.36,21.49,-80.09,26.85,-41.51,-58.6,111.8,70.8,-135.8,102.1,46.87,-168,73.26,-29.3,-235.4,166,-6.342,-1.002,89.83,-1.998,56.66,-163.1,-48.83,255.8,-273.5,-78.09,-103.1,-67.87,144,0.4747,-0.04242,0.8639,0.1646,-0.6697,0.2371,0.6245,-0.4623,0.3787,0.3189,-0.5899,0.2594,-0.4762,-0.4998,-0.5077,-0.7155,-0.2211,-0.5027,-0.5105,-0.4645,-0.4946,0.7491,-0.1072,0.6508,0.6041,-0.04273,0.7942,0.494,-0.6008,0.4514,0.4976,-0.5937,0.4612,0.01355,-0.259,0.08417,-0.5669,-0.4805,-0.4715,-0.5005,-0.5553,-0.5409,-0.08338,-0.2653,-0.1882
2.23,0.5574,-1.054,2.99,10.58,0.2349,7.743,-0.5652,2.778,9.108,9.225,9.108,9.217,-0.05737,0.4081,-54.25,-37.65,0.2122,-0.6197,-0.1419,1.226,50.86,37.8,2.266,7.185,0.02657,1.982,5.047,1.634,8.084,17.31,4.099,5.17,-0.4338,5.073,2.941,-4.193,-72.85,-11.66,-1.3,-18.83,-0.4159,-2.854,-18.8,-0.9805,-2.855,20.3,0.8288,-2.975,-110.8,-2.965,0.1715,-110.8,-0.1869,0.1712,-163,0.6405,-0.9735,-80.85,-1.279,-1.344,-83.85,-0.7354,-0.2524,-88.91,1.504,-0.3597,-88.93,-6.576,0.6322,-91.83,-2.442,1.188,-82.24,6.511,-2.05,-81.15,-10.75,-5.202,-85.82,-5.961,0.3614,-109.4,7.811,-74.21,-62.01,45.4,44.93,-81.56,63.96,23.44,-71.77,92.77,31.24,-116.2,3.906,-46.88,-61.03,97.66,30.28,-85.92,44.91,-37.6,-52.75,123.5,71.78,-147.5,103.5,59.08,-74.21,107,8.316,-166.5,154.8,-7.831,-16.04,125.5,-32.74,18.58,-191.9,-77.63,189.5,-353,-85.42,-120.1,-172.8,172.9,0.4726,-0.04303,0.8647,0.1619,-0.671,0.2334,0.6225,-0.4647,0.3776,0.3166,-0.5912,0.2575,-0.4754,-0.5002,-0.5087,-0.7157,-0.2197,-0.5028,-0.511,-0.4632,-0.495,0.7481,-0.1075,0.6518,0.6045,-0.04346,0.7938,0.4957,-0.6001,0.4489,0.4948,-0.5965,0.4616,0.01276,-0.2578,0.08441,-0.57,-0.4771,-0.4684,-0.4965,-0.5577,-0.5441,-0.08405,-0.2713,-0.1889
2.24,0.866,-1.061,3.006,10.69,0.3398,7.82,-0.6864,3.017,9.381,9.355,9.38,9.34,-0.1536,0.5221,-54.62,-37.75,0.2179,-0.5418,-0.1456,1.335,51,37.81,2.561,7.827,0.01175,1.882,4.794,1.315,8.841,18.8,4.618,5.07,-0.6743,5.218,3.323,-3.997,-72.65,-11.96,-1.297,-18.28,-0.3349,-2.926,-18.24,-1.021,-2.926,20.71,0.8292,-3.062,-110.7,-3.163,0.1949,-110.7,-0.1463,0.1945,-162.9,0.6056,-1.1,-80.74,-1.481,-1.414,-83.76,-0.6329,-0.3203,-88.57,1.896,-0.469,-88.58,-6.946,0.5367,-91.86,-2.292,1.342,-82.48,7.242,-2.038,-81.28,-11.5,-5.306,-85.76,-6.796,0.4477,-94.25,0.9753,-53.7,-64.47,30.76,57.61,-92.28,60.54,7.817,-73.24,89.85,45.9,-133.8,-0.9764,-42.48,-76.17,110.8,22.95,-105,44.91,-35.15,-53.73,106.5,43.95,-124.5,70.32,61.05,114.7,79.58,6.824,-79.61,18.07,35.63,-41.43,84.47,2.92,-3.418,-250,-101.1,199.7,-408.2,-30.78,-190,-233.3,212,0.4703,-0.04358,0.8656,0.1592,-0.6722,0.2296,0.6206,-0.4671,0.3764,0.3141,-0.5928,0.2554,-0.4744,-0.5008,-0.5098,-0.7159,-0.2183,-0.5029,-0.5115,-0.462,-0.4952,0.7469,-0.1086,0.6531,0.6052,-0.04444,0.7933,0.4979,-0.599,0.4467,0.4918,-0.5997,0.4615,0.0116,-0.2565,0.08496,-0.5735,-0.4731,-0.4654,-0.4922,-0.5609,-0.5468,-0.08405,-0.2782,-0.1897
2.25,1.247,-1.074,3.067,10.74,0.4556,7.842,-0.7999,3.285,9.655,9.453,9.652,9.432,-0.2255,0.6376,-54.97,-37.82,0.2011,-0.4729,-0.1585,1.455,51.14,37.79,2.788,8.519,0.07103,1.781,4.588,1.038,9.54,20.43,5.09,4.851,-0.9859,5.308,3.662,-3.876,-72.45,-12.24,-1.3,-17.74,-0.2625,-2.975,-17.7,-1.061,-2.975,21.12,0.8384,-3.142,-110.6,-3.381,0.2236,-110.6,-0.09678,0.223,-162.8,0.5902,-1.242,-80.57,-1.715,-1.498,-83.66,-0.4903,-0.3974,-88.27,2.264,-0.5094,-88.26,-7.273,0.4236,-91.89,-2.152,1.545,-82.67,8.066,-2.035,-81.35,-12.29,-5.442,-85.71,-7.809,0.4633,-49.81,-3.909,-59.57,-49.8,13.18,51.26,-94.24,42.48,-2.931,-77.13,77.64,45.9,-129.4,-1.953,-44.43,-75.68,116.2,21.97,-99.6,56.63,-27.35,-52.75,85.94,42.48,-76.17,27.84,25.89,144.5,54.69,-53.7,23.92,-254.9,141.1,28.4,-109,-19.06,41.01,-292.5,-63.47,278.3,-371.1,8.301,-182.6,-39.04,280.8,0.468,-0.04419,0.8664,0.1565,-0.6733,0.2259,0.6186,-0.4695,0.3751,0.3117,-0.5943,0.2532,-0.4734,-0.5014,-0.511,-0.7161,-0.217,-0.5029,-0.5122,-0.4607,-0.4953,0.7453,-0.11,0.6546,0.6061,-0.04554,0.7925,0.4997,-0.5977,0.4449,0.4893,-0.6026,0.4613,0.01001,-0.2552,0.08563,-0.5771,-0.4688,-0.462,-0.4878,-0.5639,-0.55,-0.08325,-0.2866,-0.1907
2.26,1.655,-1.095,3.188,10.77,0.5818,7.806,-0.8746,3.591,9.935,9.525,9.93,9.495,-0.2819,0.7757,-55.29,-37.89,0.1773,-0.3977,-0.2005,1.568,51.27,37.76,2.965,9.338,0.1602,1.711,4.373,0.7512,10.16,22.23,5.557,4.501,-1.247,5.475,3.997,-3.758,-72.24,-12.51,-1.293,-17.23,-0.2034,-2.997,-17.19,-1.077,-2.997,21.5,0.8563,-3.212,-110.5,-3.624,0.2559,-110.5,-0.03251,0.2552,-162.7,0.5795,-1.387,-80.34,-1.977,-1.579,-83.56,-0.3482,-0.4644,-87.96,2.587,-0.5033,-87.94,-7.576,0.2898,-91.91,-1.994,1.674,-82.88,9.017,-2.062,-81.4,-13.14,-5.587,-85.63,-8.998,0.5522,-12.69,-16.11,-39.06,-49.32,-5.852,62.01,-79.6,34.67,-18.55,-51.76,74.7,51.27,-115.2,3.425,-54.2,-62.98,112.8,-3.904,-86.44,82.03,-46.88,-57.63,47.85,52.73,-23.92,-2.452,-4.383,-9.292,9.285,0.4761,127.9,-290,134.3,0.3341,-158.2,-14.6,71.27,-349.1,-23.94,369.7,-265.6,-19.02,-179.3,13.19,354,0.4659,-0.04474,0.8672,0.1539,-0.6741,0.2225,0.6168,-0.4716,0.3737,0.3095,-0.5958,0.2512,-0.4722,-0.5022,-0.5124,-0.7163,-0.2158,-0.5027,-0.5129,-0.4594,-0.4953,0.7436,-0.1119,0.6562,0.607,-0.04657,0.7917,0.5006,-0.5968,0.4431,0.487,-0.6056,0.4608,0.009034,-0.2538,0.08606,-0.5807,-0.4639,-0.4579,-0.4832,-0.567,-0.5534,-0.08295,-0.2964,-0.1918
2.27,1.987,-1.133,3.311,10.84,0.7098,7.75,-0.9399,3.907,10.23,9.601,10.23,9.559,-0.3567,0.9139,-55.56,-37.96,0.1742,-0.3181,-0.2591,1.686,51.42,37.72,3.154,10.29,0.1628,1.637,4.234,0.38,10.76,24.18,6.024,3.965,-1.422,5.686,4.274,-3.608,-72.03,-12.78,-1.274,-16.75,-0.1342,-3.012,-16.7,-1.073,-3.012,21.83,0.8646,-3.283,-110.3,-3.862,0.3,-110.3,0.04507,0.2993,-162.6,0.5818,-1.538,-80.08,-2.193,-1.658,-83.43,-0.236,-0.5112,-87.7,2.883,-0.5636,-87.66,-7.873,0.1784,-91.92,-1.829,1.736,-83.14,10.07,-2.089,-81.51,-14.02,-5.694,-85.56,-10.41,0.7247,12.21,-9.278,-26.86,-25.39,-13.67,37.6,-54.69,28.82,-19.53,-12.22,80.56,61.03,-80.57,20.51,-52.73,-46.38,98.14,-7.808,-76.17,101.1,-47.85,-51.25,1.962,8.295,1.944,-22.96,-45.91,15.14,-74.23,130.9,108.4,-212.4,57.63,-9.354,-59.07,23.36,94.26,-363.8,28.33,510.3,-229,51.25,-181.2,-56.62,309.6,0.4637,-0.04523,0.868,0.1515,-0.6748,0.2192,0.6154,-0.4736,0.3725,0.3075,-0.5971,0.2494,-0.4711,-0.503,-0.5136,-0.7167,-0.2147,-0.5024,-0.5137,-0.4582,-0.4953,0.742,-0.1139,0.6574,0.6077,-0.04761,0.791,0.5008,-0.597,0.4405,0.4847,-0.6082,0.4605,0.008606,-0.2524,0.08625,-0.5844,-0.459,-0.453,-0.4784,-0.5706,-0.5565,-0.08313,-0.3081,-0.1929
2.28,2.237,-1.181,3.415,10.98,0.8236,7.706,-1.007,4.21,10.55,9.692,10.54,9.636,-0.4544,1.052,-55.84,-38.02,0.1963,-0.2297,-0.311,1.825,51.62,37.68,3.339,11.35,0.09536,1.577,4.174,0.1704,11.3,26.26,6.437,3.279,-1.556,5.965,4.485,-3.693,-71.81,-13.07,-1.255,-16.28,-0.04538,-3.037,-16.22,-1.052,-3.037,22.11,0.8642,-3.345,-110.2,-4.102,0.347,-110.2,0.1086,0.3461,-162.5,0.5695,-1.699,-79.83,-2.349,-1.73,-83.29,-0.1453,-0.5404,-87.5,3.153,-0.6774,-87.45,-8.141,0.07007,-91.92,-1.694,1.758,-83.23,11.21,-2.094,-81.42,-14.95,-5.899,-85.51,-12.03,0.9175,-6.361,-16.6,-23.45,-0.9694,6.351,16.6,-27.33,37.11,-24.42,9.758,79.11,39.07,-50.3,26.86,-49.8,-21.98,74.7,-25.39,-46.38,142.6,-55.67,-21.97,4.393,-36.61,34.19,-25.39,-59.56,99.63,-86.44,71.77,12.69,-146.5,-27.35,13.7,-12.24,33.2,90.34,-349.1,37.12,563,-188.5,25.87,-195.9,31.28,351.5,0.4614,-0.04572,0.8688,0.1492,-0.6756,0.2158,0.6142,-0.4753,0.3714,0.3058,-0.5981,0.248,-0.47,-0.5038,-0.5149,-0.7169,-0.2138,-0.5021,-0.5145,-0.4567,-0.4953,0.7409,-0.1158,0.6583,0.6083,-0.04859,0.7905,0.5003,-0.5981,0.4373,0.4829,-0.6105,0.4604,0.008484,-0.2512,0.08631,-0.5881,-0.4538,-0.4475,-0.4738,-0.5731,-0.5609,-0.0832,-0.3216,-0.1939
2.29,2.4,-1.224,3.479,11.19,0.9064,7.673,-1.054,4.466,10.89,9.816,10.87,9.748,-0.5695,1.184,-56.09,-38.09,0.262,-0.1463,-0.3641,1.943,51.86,37.66,3.496,12.54,0.02293,1.544,4.154,0.02231,11.75,28.47,6.827,2.446,-1.704,6.394,4.688,-3.908,-71.58,-13.38,-1.232,-15.81,0.05868,-3.06,-15.76,-0.9935,-3.061,22.34,0.8458,-3.385,-110.1,-4.318,0.3887,-110,0.1485,0.3876,-162.4,0.5438,-1.824,-79.58,-2.447,-1.775,-83.11,-0.08058,-0.5462,-87.3,3.369,-0.7707,-87.22,-8.381,-0.03875,-91.91,-1.552,1.793,-83.21,12.46,-2.099,-81.17,-15.89,-6.198,-85.45,-13.84,1.209,-48.83,-13.19,-7.816,8.786,30.76,16.11,-13.17,56.63,-17.09,6.828,90.33,29.79,-22.45,25.39,-42.97,0.495,64.94,-48.34,-45.89,146,-62.01,1.462,-20.02,-73.74,70.79,-29.79,-82.03,23.95,-76.67,26.85,-37.08,-81.05,-11.25,0,-8.722,-26.44,103.5,-335.9,62.52,578.6,-181.2,10.23,-210.4,-128.4,364.8,0.459,-0.0462,0.8696,0.1472,-0.6764,0.2124,0.6135,-0.4767,0.3705,0.3043,-0.5988,0.2468,-0.4691,-0.5044,-0.5162,-0.717,-0.2131,-0.502,-0.5152,-0.4554,-0.4956,0.74,-0.1177,0.6588,0.6087,-0.04962,0.7901,0.5,-0.5989,0.4347,0.4812,-0.6126,0.4602,0.00824,-0.25,0.08631,-0.5917,-0.4483,-0.4414,-0.4694,-0.5748,-0.5661,-0.08399,-0.3364,-0.195
2.3,2.48,-1.278,3.578,11.42,0.9699,7.608,-1.095,4.67,11.21,9.941,11.19,9.859,-0.7021,1.295,-56.31,-38.18,0.3224,-0.04423,-0.4017,2.076,52.11,37.65,3.625,13.85,-0.07998,1.546,4.124,-0.004231,12.09,30.74,7.176,1.407,-1.859,6.859,4.923,-4.301,-71.35,-13.67,-1.199,-15.38,0.1631,-3.092,-15.32,-0.9305,-3.092,22.53,0.8414,-3.413,-109.9,-4.505,0.4491,-109.9,0.1648,0.4477,-162.3,0.4993,-1.933,-79.29,-2.51,-1.796,-82.92,-0.06259,-0.5149,-87.08,3.511,-0.8509,-86.98,-8.583,-0.1587,-91.92,-1.415,1.823,-83.05,13.78,-2.077,-80.76,-16.81,-6.577,-85.37,-15.86,1.526,-74.21,-14.65,5.368,14.15,47.85,29.3,-16.12,85.45,-1.46,-20.98,100.6,41.02,2.921,29.79,-35.15,11.24,62.98,-40.53,-40.51,150.9,-63.47,37.6,-36.12,-92.29,60.05,-37.6,-76.66,15.14,-40.06,-26.38,-67.85,-44.92,-0.9927,-26.73,80.03,25.36,101.1,-289.5,49.82,496,-196.3,-11.2,-153.8,-155.3,330.1,0.4567,-0.04663,0.8703,0.1453,-0.6771,0.2091,0.613,-0.4779,0.3697,0.3032,-0.5995,0.2458,-0.4684,-0.5052,-0.5171,-0.7169,-0.2127,-0.5019,-0.5157,-0.4541,-0.4961,0.7394,-0.1196,0.6591,0.6087,-0.05042,0.7899,0.4999,-0.5994,0.433,0.4795,-0.6148,0.4596,0.008057,-0.2489,0.08643,-0.595,-0.4427,-0.4347,-0.4654,-0.5755,-0.5721,-0.08478,-0.353,-0.1963
2.31,2.541,-1.349,3.681,11.64,1.005,7.543,-1.128,4.809,11.5,10.06,11.48,9.966,-0.822,1.377,-56.5,-38.28,0.3621,0.03402,-0.4282,2.196,52.36,37.66,3.718,15.2,-0.2234,1.59,4.121,0.02731,12.39,33.05,7.494,0.1938,-2.061,7.289,5.152,-4.789,-71.11,-13.93,-1.175,-14.97,0.2629,-3.121,-14.91,-0.8634,-3.122,22.7,0.8598,-3.428,-109.8,-4.659,0.5092,-109.8,0.1492,0.5074,-162.1,0.4591,-2.004,-78.99,-2.554,-1.801,-82.72,-0.04191,-0.4497,-86.88,3.618,-0.9369,-86.75,-8.769,-0.3021,-91.94,-1.296,1.878,-82.82,15.16,-2.049,-80.25,-17.71,-7.015,-85.27,-18.04,1.809,-61.52,-4.885,7.816,5.847,41.01,31.74,-33.21,110.8,5.368,-39.07,116.7,40.04,9.765,28.32,-13.18,30.75,89.36,-42.48,-30.27,147.5,-67.38,59.58,-53.72,-107.4,74.23,-47.36,-82.53,72.28,-8.798,-46.88,-26.85,38.58,-39.05,-44.77,18.06,5.38,121.6,-195.8,46.37,375.5,-209,-74.22,-51.76,-194.3,272.4,0.4546,-0.04718,0.8709,0.1434,-0.6779,0.206,0.6126,-0.4788,0.3689,0.3023,-0.6001,0.2448,-0.4679,-0.5058,-0.518,-0.7167,-0.2123,-0.5021,-0.5163,-0.4529,-0.4968,0.7388,-0.1216,0.6592,0.6088,-0.05103,0.7897,0.5003,-0.5997,0.4317,0.4781,-0.6169,0.4589,0.007691,-0.2478,0.08667,-0.5979,-0.437,-0.4276,-0.4618,-0.5755,-0.5785,-0.08521,-0.3706,-0.1979
2.32,2.673,-1.421,3.794,11.76,1.008,7.496,-1.145,4.907,11.79,10.14,11.75,10.05,-0.9216,1.432,-56.68,-38.37,0.3555,0.1242,-0.4762,2.312,52.62,37.62,3.778,16.59,-0.3859,1.661,4.147,0.08385,12.66,35.38,7.782,-1.074,-2.288,7.676,5.355,-5.329,-70.85,-14.16,-1.153,-14.55,0.3576,-3.126,-14.49,-0.7861,-3.126,22.86,0.9174,-3.438,-109.7,-4.795,0.5876,-109.6,0.1108,0.5854,-162,0.4073,-2.042,-78.68,-2.658,-1.77,-82.52,-0.008094,-0.3485,-86.7,3.707,-1.006,-86.54,-8.95,-0.4592,-91.96,-1.206,1.946,-82.54,16.58,-2,-79.66,-18.58,-7.513,-85.14,-20.25,2.036,-24.43,-9.278,19.05,-18.06,32.22,27.35,-55.18,125,21.48,-45.89,142.1,44.43,10.74,35.65,3.905,32.23,108.9,-33.7,-24.4,138.2,-69.83,45.4,-77.15,-141.1,80.57,-76.18,-62.51,114.7,27.32,-26.38,43.92,1.443,42.47,-48.78,11.78,26.9,179.2,-73.26,64.46,227.5,-207.6,-56.17,-52.79,-346.7,176.8,0.4527,-0.04785,0.8714,0.1415,-0.6784,0.2029,0.6122,-0.4799,0.3678,0.3017,-0.6008,0.2436,-0.4676,-0.5063,-0.5188,-0.7164,-0.2119,-0.5025,-0.5166,-0.452,-0.4975,0.7379,-0.1234,0.6597,0.609,-0.05139,0.7894,0.5006,-0.6,0.4307,0.4769,-0.6189,0.4583,0.007202,-0.247,0.08698,-0.6001,-0.4315,-0.4199,-0.4582,-0.575,-0.5851,-0.08521,-0.3884,-0.1998
2.33,2.939,-1.492,3.918,11.77,0.9657,7.478,-1.137,4.974,12.06,10.25,12.03,10.15,-0.9677,1.449,-56.85,-38.49,0.3242,0.2037,-0.523,2.391,52.89,37.59,3.793,17.98,-0.5559,1.796,4.194,0.1458,12.89,37.71,8.017,-2.423,-2.515,7.898,5.514,-5.884,-70.56,-14.39,-1.165,-14.1,0.4378,-3.116,-14.04,-0.6977,-3.116,23.03,0.9986,-3.429,-109.5,-4.909,0.655,-109.4,0.06501,0.6524,-161.8,0.3532,-2.045,-78.38,-2.869,-1.711,-82.34,0.05486,-0.2236,-86.56,3.78,-1.06,-86.37,-9.106,-0.6269,-91.97,-1.144,2.003,-82.26,18.04,-1.983,-79.04,-19.4,-8.037,-84.98,-22.51,2.113,19.05,-17.58,20.51,-32.72,38.57,32.23,-80.58,124,39.55,-47.86,153.8,44.92,11.24,47.85,21.49,35.64,126,-31.25,-22.46,142.1,-64.46,29.77,-95.7,-143.1,40.53,-119.1,-89.83,119.6,93.25,-54.21,101.5,-69.82,71.75,-34.74,-67.33,50.72,180.2,62.52,164.1,110.8,-169.5,-78.09,-10.73,-394.5,90.36,0.4508,-0.04883,0.8718,0.1394,-0.6789,0.1997,0.6118,-0.4811,0.3665,0.3012,-0.6016,0.2422,-0.4676,-0.5066,-0.5196,-0.7162,-0.2113,-0.5031,-0.5168,-0.4512,-0.4984,0.7363,-0.1249,0.6608,0.6094,-0.05151,0.7889,0.501,-0.6001,0.4299,0.476,-0.6208,0.4576,0.006775,-0.2465,0.08722,-0.6019,-0.4258,-0.4122,-0.4549,-0.5742,-0.5917,-0.08399,-0.4062,-0.202
2.34,3.306,-1.578,4.039,11.71,0.9173,7.501,-1.097,5.021,12.33,10.33,12.29,10.24,-0.9877,1.43,-57.03,-38.55,0.2708,0.2909,-0.5617,2.475,53.13,37.5,3.77,19.32,-0.7232,2.004,4.257,0.16,13.12,39.97,8.225,-3.815,-2.704,7.945,5.625,-6.352,-70.26,-14.61,-1.18,-13.65,0.4976,-3.095,-13.59,-0.5978,-3.096,23.25,1.108,-3.397,-109.3,-5.009,0.7485,-109.2,0.01182,0.7457,-161.7,0.308,-2.031,-78.1,-3.146,-1.64,-82.19,0.155,-0.07286,-86.46,3.855,-1.086,-86.24,-9.266,-0.8053,-91.98,-1.115,2.014,-82.05,19.48,-2.025,-78.45,-20.17,-8.556,-84.74,-24.76,2.01,46.88,-35.64,22.95,-22.96,50.29,34.18,-85.94,119.6,33.69,-58.58,150.4,57.61,20.03,59.56,67.87,48.34,132.8,-28.32,-17.08,165.5,-58.1,13.2,-121.6,-106,14.65,-133.3,-107.9,66.88,129.9,-0.984,148.5,0.5019,-8.328,-28.4,-41.93,43.5,184.5,199.2,184.1,-81.55,-135.7,-62.54,97.2,-368.2,116.7,0.449,-0.04987,0.8722,0.1371,-0.6794,0.1966,0.6112,-0.4825,0.3649,0.3008,-0.6024,0.2404,-0.468,-0.5068,-0.5205,-0.7162,-0.2105,-0.504,-0.5171,-0.4505,-0.4994,0.7345,-0.1261,0.6625,0.6101,-0.05133,0.7882,0.501,-0.6002,0.4292,0.4754,-0.6225,0.4571,0.006714,-0.2462,0.08734,-0.6037,-0.4195,-0.4051,-0.4516,-0.5733,-0.5979,-0.08155,-0.4235,-0.2048
2.35,3.699,-1.678,4.15,11.63,0.8687,7.585,-1.024,5.059,12.57,10.43,12.53,10.34,-0.9758,1.401,-57.19,-38.56,0.2104,0.3585,-0.5989,2.509,53.32,37.39,3.737,20.54,-0.9077,2.276,4.28,0.09924,13.39,42.08,8.428,-5.156,-2.855,7.878,5.718,-6.652,-69.96,-14.82,-1.203,-13.19,0.5329,-3.07,-13.14,-0.4896,-3.07,23.51,1.231,-3.353,-109,-5.088,0.8229,-108.9,-0.02955,0.8197,-161.5,0.275,-1.988,-77.89,-3.426,-1.572,-82.09,0.2797,0.08572,-86.37,3.944,-1.12,-86.13,-9.445,-0.9593,-91.98,-1.109,2.015,-81.95,20.83,-2.147,-77.97,-20.89,-8.996,-84.44,-26.87,1.806,66.41,-46.87,17.09,-6.847,58.59,18.07,-66.88,123,19.05,-45.39,150.4,55.17,43.96,69.82,84.47,58.58,114.7,-31.74,1.943,183.1,-62.5,-15.63,-145,-104,-5.852,-156.7,-125,34.67,129.9,-61.04,102.5,21.96,-55.15,-15.7,7.804,47.8,143.5,228,114.3,-216.3,1.451,-42.95,666,-56.1,62,0.4472,-0.05097,0.8726,0.1346,-0.6798,0.1937,0.6106,-0.4841,0.3629,0.3002,-0.6034,0.2381,-0.4688,-0.5065,-0.5218,-0.7163,-0.2093,-0.5051,-0.5175,-0.4498,-0.5005,0.7326,-0.127,0.6641,0.6109,-0.05085,0.7875,0.5007,-0.6006,0.428,0.4747,-0.6241,0.4567,0.006714,-0.2462,0.08735,-0.6056,-0.4128,-0.3989,-0.4483,-0.573,-0.6032,-0.07868,-0.4396,-0.2079
2.36,4.053,-1.795,4.212,11.61,0.8128,7.734,-0.9057,5.082,12.82,10.54,12.79,10.46,-0.9093,1.352,-57.37,-38.51,0.1359,0.4015,-0.656,2.518,53.45,37.29,3.708,21.66,-1.112,2.631,4.203,-0.03039,13.66,44.03,8.592,-6.14,-3.002,7.737,5.9,-6.682,-69.68,-15.04,-1.237,-12.74,0.5325,-3.02,-12.69,-0.3718,-3.02,23.82,1.363,-3.304,-108.7,-5.153,0.8919,-108.6,-0.07166,0.8884,-161.3,0.2623,-1.923,-77.75,-3.669,-1.507,-82.01,0.4045,0.258,-86.21,4.039,-1.153,-85.94,-9.612,-1.117,-92,-1.129,2.011,-81.94,22.06,-2.365,-77.59,-21.56,-9.308,-83.97,-28.55,1.498,71.79,-64.45,31.24,12.69,82.51,-0.9804,-42.5,133.3,5.863,-14.65,142.1,65.43,69.83,83.99,96.2,67.87,86.92,-24.41,21,189,-69.34,-21,-142.1,-96.19,-13.67,-131.4,-159.2,37.12,97.67,-24.92,85,33.19,-106.9,-11.69,22.49,15.06,114.8,302.2,64.46,-305.6,139.6,-54.72,84.41,-108.8,-106.9,0.4454,-0.05206,0.873,0.132,-0.68,0.1909,0.6097,-0.486,0.3605,0.2994,-0.6046,0.2355,-0.47,-0.5058,-0.5233,-0.7167,-0.208,-0.5064,-0.5182,-0.4491,-0.5019,0.7311,-0.1273,0.6656,0.6118,-0.05011,0.7867,0.5002,-0.6012,0.4267,0.4736,-0.626,0.4561,0.006775,-0.2464,0.08747,-0.6072,-0.4061,-0.3938,-0.4455,-0.5732,-0.6075,-0.07605,-0.452,-0.2119
2.37,4.363,-1.908,4.195,11.64,0.7518,7.987,-0.7724,5.065,13.05,10.66,13.03,10.59,-0.7958,1.279,-57.53,-38.42,0.0322,0.4232,-0.7131,2.517,53.53,37.24,3.669,22.63,-1.299,3.001,4.076,-0.1604,13.93,45.8,8.748,-6.986,-3.117,7.608,6.114,-6.528,-69.39,-15.24,-1.285,-12.29,0.5066,-2.949,-12.25,-0.265,-2.95,24.19,1.508,-3.242,-108.3,-5.194,0.9507,-108.2,-0.1293,0.9468,-161,0.2523,-1.841,-77.72,-3.845,-1.453,-81.95,0.5496,0.4146,-86.01,4.144,-1.181,-85.72,-9.787,-1.239,-92.02,-1.165,2.014,-81.95,23.17,-2.619,-77.26,-22.19,-9.511,-83.37,-30.02,1.191,78.12,-75.2,27.34,35.66,107.4,-9.279,-9.774,153.3,-20.02,7.327,132.3,63.97,80.07,69.82,99.61,76.67,60.54,-26.37,37.11,187,-81.05,-44.43,-141.1,-114.3,31.73,-103.5,-159.2,65.45,65.92,-107.9,11.69,-18.07,-65.91,19.38,14.23,14.14,97.18,288.6,98.13,-355,243.6,-47.87,80.58,35.68,130.9,0.4436,-0.05329,0.8733,0.1292,-0.68,0.1884,0.6087,-0.4879,0.3579,0.2984,-0.6059,0.2324,-0.4716,-0.5046,-0.5251,-0.7171,-0.2066,-0.508,-0.5192,-0.4481,-0.5036,0.7301,-0.1271,0.6667,0.6129,-0.04938,0.7859,0.4994,-0.6021,0.425,0.4722,-0.6279,0.4555,0.006775,-0.2466,0.08765,-0.6087,-0.3995,-0.3896,-0.4431,-0.5738,-0.611,-0.07428,-0.4627,-0.2166
2.38,4.592,-2.01,4.129,11.73,0.669,8.305,-0.6251,5.029,13.28,10.79,13.27,10.72,-0.6255,1.177,-57.73,-38.29,-0.07586,0.433,-0.7603,2.492,53.59,37.21,3.627,23.49,-1.419,3.352,3.945,-0.2393,14.21,47.41,8.912,-7.588,-3.248,7.549,6.294,-6.201,-69.1,-15.44,-1.356,-11.8,0.455,-2.862,-11.77,-0.1691,-2.862,24.6,1.637,-3.164,-107.9,-5.226,1.002,-107.8,-0.1973,0.9982,-160.6,0.2431,-1.731,-77.77,-3.959,-1.403,-81.92,0.6759,0.5583,-85.84,4.234,-1.154,-85.54,-9.976,-1.348,-92.04,-1.204,2.045,-81.94,24.15,-2.847,-76.97,-22.8,-9.589,-82.65,-31.19,0.9574,87.89,-80.57,42.47,60.56,137.2,-25.88,9.284,150.9,-37.11,33.7,122.1,70.8,82.52,46.39,107.4,79.58,42.97,-23.93,28.81,160.2,-71.29,-58.11,-93.27,-127.9,96.67,-58.6,-199.7,-90.33,69.33,-167,-16.08,-52.76,-78.15,18.71,-36.57,4.919,48.84,303.7,140.2,-360.8,287.6,-24.42,97.2,-63.47,144,0.4419,-0.05463,0.8736,0.126,-0.68,0.1857,0.6074,-0.4902,0.3549,0.2972,-0.6071,0.2291,-0.4736,-0.5031,-0.5271,-0.7176,-0.2052,-0.5097,-0.5203,-0.447,-0.5058,0.7295,-0.1265,0.6674,0.6138,-0.04859,0.7851,0.4983,-0.6027,0.4237,0.4709,-0.6297,0.4552,0.006531,-0.247,0.08783,-0.6107,-0.393,-0.3864,-0.4413,-0.5749,-0.6137,-0.07404,-0.471,-0.2221
2.39,4.693,-2.102,4.02,11.93,0.5909,8.691,-0.4968,4.976,13.53,10.93,13.52,10.88,-0.4379,1.063,-57.96,-38.12,-0.1844,0.4117,-0.7894,2.435,53.63,37.19,3.612,24.26,-1.511,3.652,3.825,-0.1885,14.49,48.79,9.088,-7.898,-3.331,7.485,6.451,-5.761,-68.81,-15.64,-1.43,-11.28,0.3967,-2.761,-11.26,-0.09997,-2.761,25.07,1.741,-3.072,-107.5,-5.246,1.053,-107.4,-0.2704,1.049,-160.1,0.2604,-1.585,-77.88,-3.975,-1.369,-81.92,0.7683,0.6787,-85.72,4.315,-1.122,-85.39,-10.17,-1.432,-92.07,-1.234,2.051,-81.82,25.02,-2.991,-76.65,-23.32,-9.593,-81.8,-31.95,0.6868,75.19,-81.54,44.43,68.86,137.7,-17.58,20,141.1,-60.06,54.19,113.3,59.57,80.57,15.14,99.12,80.07,26.36,-9.766,29.79,130.4,-79.11,-57.14,-71.78,-156.2,145,-25.39,-195.3,-168,33.2,-4.888,-5.385,75.66,-76.16,-2.339,43.92,12.14,73.26,241.7,175.3,-327.1,338.9,23.45,-310.1,-72.26,319.3,0.4401,-0.05597,0.874,0.1226,-0.6799,0.1829,0.6056,-0.4927,0.3516,0.2956,-0.6084,0.2254,-0.4759,-0.5013,-0.5293,-0.7181,-0.2038,-0.5116,-0.5217,-0.4459,-0.5081,0.7295,-0.1256,0.6676,0.6145,-0.04779,0.7846,0.4972,-0.6033,0.4226,0.4696,-0.6312,0.4552,0.006531,-0.2472,0.08814,-0.6135,-0.3866,-0.3839,-0.4405,-0.5756,-0.616,-0.07447,-0.4762,-0.2283
2.4,4.696,-2.153,3.908,12.18,0.5009,9.096,-0.3923,4.914,13.77,11.04,13.77,11,-0.2428,0.9313,-58.26,-37.92,-0.2677,0.3845,-0.8016,2.357,53.67,37.15,3.635,24.95,-1.612,3.887,3.729,0.1127,14.79,49.94,9.294,-7.856,-3.449,7.495,6.569,-5.322,-68.53,-15.84,-1.513,-10.7,0.3462,-2.654,-10.68,-0.04588,-2.654,25.61,1.803,-2.967,-107,-5.272,1.117,-106.9,-0.3591,1.113,-159.7,0.2853,-1.399,-78.01,-3.922,-1.341,-81.94,0.8286,0.7546,-85.63,4.398,-1.145,-85.29,-10.39,-1.515,-92.1,-1.259,2.095,-81.47,25.78,-2.995,-76.17,-23.69,-9.608,-80.84,-32.23,0.4463,71.28,-76.17,41.01,73.25,135.2,-8.789,28.8,131.3,-71.29,71.77,99.12,53.22,65.44,-20.02,99.61,65.92,9.284,10.25,26.39,92.78,-77.14,-26.84,-55.66,-178.7,170.4,-13.19,-154.3,-87.88,-1.459,-48.82,-36.61,150.9,-85.43,-6.013,80.03,30.28,82.02,201.7,196.8,-347.6,249,0,-231,-266.2,368.2,0.4384,-0.05738,0.8744,0.1188,-0.6798,0.1797,0.6037,-0.4953,0.3482,0.2935,-0.6095,0.2214,-0.4783,-0.4994,-0.5316,-0.7187,-0.2025,-0.5137,-0.523,-0.4451,-0.5105,0.73,-0.1246,0.6673,0.6149,-0.04718,0.7842,0.4965,-0.6039,0.4213,0.4685,-0.6326,0.4555,0.006226,-0.2474,0.08851,-0.6169,-0.3803,-0.3822,-0.4411,-0.5752,-0.6183,-0.07617,-0.4776,-0.2354
2.41,4.705,-2.176,3.793,12.42,0.4105,9.502,-0.3026,4.867,13.98,11.11,13.98,11.08,-0.03692,0.7836,-58.6,-37.71,-0.3101,0.35,-0.7898,2.254,53.71,37.08,3.662,25.54,-1.694,4.049,3.638,0.6201,15.09,50.81,9.474,-7.503,-3.595,7.372,6.675,-4.953,-68.25,-16.01,-1.606,-10.08,0.2891,-2.558,-10.06,-0.01301,-2.558,26.19,1.813,-2.861,-106.5,-5.313,1.196,-106.4,-0.447,1.191,-159.3,0.3302,-1.18,-78.16,-3.868,-1.324,-81.97,0.8923,0.7913,-85.57,4.488,-1.187,-85.2,-10.6,-1.591,-92.14,-1.306,2.173,-80.9,26.46,-2.857,-75.58,-23.88,-9.612,-79.86,-32.02,0.1006,81.56,-67.87,29.29,76.65,125,-0.4902,37.1,144.5,-87.89,74.7,90.33,21.98,53.72,-45.41,109.4,62.49,1.956,22.46,27.36,75.69,-74.71,13.68,-50.28,-173.8,180.7,-12.69,-124,-60.53,20.03,-143.6,-13.15,165.1,-91.33,13.03,30.76,14.14,117.2,145.5,130.9,-363.3,54.68,-30.3,-518.1,-397,295.9,0.4368,-0.05884,0.8747,0.1148,-0.6798,0.1762,0.6014,-0.4979,0.3446,0.291,-0.6105,0.2173,-0.4807,-0.4975,-0.534,-0.7194,-0.2013,-0.5158,-0.5243,-0.4446,-0.5127,0.7305,-0.1237,0.6671,0.6154,-0.04682,0.7839,0.4966,-0.6041,0.4203,0.4674,-0.634,0.4558,0.005616,-0.2478,0.08893,-0.6207,-0.3744,-0.3808,-0.4433,-0.5736,-0.6203,-0.0774,-0.4752,-0.2424
2.42,4.733,-2.155,3.709,12.64,0.3323,9.853,-0.2527,4.798,14.18,11.16,14.17,11.14,0.1663,0.6215,-59.01,-37.49,-0.3198,0.2896,-0.7419,2.143,53.75,36.98,3.65,26.02,-1.723,4.134,3.449,1.307,15.41,51.37,9.699,-7.116,-3.756,7.193,6.877,-4.816,-67.99,-16.17,-1.701,-9.407,0.2351,-2.471,-9.395,-0.01712,-2.471,26.82,1.766,-2.745,-106,-5.356,1.291,-105.9,-0.5585,1.285,-158.9,0.4008,-0.9229,-78.27,-3.812,-1.326,-82,0.9739,0.7646,-85.41,4.557,-1.233,-85.02,-10.85,-1.676,-92.18,-1.34,2.259,-80.16,27.06,-2.61,-74.85,-23.82,-9.691,-79.03,-31.57,-0.2549,79.11,-79.1,0.9675,76.65,118.7,4.879,26.87,147.5,-85.94,65.91,70.31,9.764,38.56,-63.48,95.21,44.43,-15.62,34.18,7.325,51.75,-54.68,56.65,-31.24,-153.3,177.7,-23.43,-115.2,-34.67,78.12,-116.7,43.46,164.1,-36.62,-27.39,71.77,17.06,135.8,160.6,82.5,-408.7,-131.4,4.916,-447.3,-198.3,357.9,0.4354,-0.06024,0.8749,0.1105,-0.6799,0.1724,0.5987,-0.5009,0.341,0.2879,-0.6114,0.2131,-0.4831,-0.4957,-0.5364,-0.72,-0.2003,-0.518,-0.5255,-0.4445,-0.5148,0.7309,-0.123,0.6668,0.6159,-0.04688,0.7835,0.4971,-0.604,0.4198,0.4657,-0.6358,0.4558,0.004944,-0.248,0.08942,-0.6248,-0.3686,-0.3799,-0.4467,-0.5703,-0.6224,-0.07813,-0.4711,-0.2485
2.43,4.763,-2.121,3.652,12.84,0.2901,10.15,-0.2653,4.738,14.37,11.15,14.37,11.14,0.3412,0.465,-59.48,-37.26,-0.3202,0.2118,-0.6951,2.026,53.79,36.82,3.629,26.44,-1.715,4.194,3.217,2.153,15.72,51.64,9.912,-6.735,-3.939,7.175,7.123,-4.934,-67.75,-16.3,-1.786,-8.705,0.2089,-2.374,-8.694,-0.05615,-2.374,27.48,1.677,-2.644,-105.6,-5.423,1.406,-105.4,-0.6863,1.4,-158.6,0.497,-0.6369,-78.35,-3.763,-1.356,-82.02,1.048,0.6968,-85.21,4.612,-1.277,-84.79,-11.11,-1.76,-92.21,-1.404,2.373,-79.25,27.59,-2.287,-73.98,-23.52,-9.876,-78.31,-30.93,-0.4274,59.07,-87.89,-18.06,73.25,97.66,-1.949,22.95,139.6,-63.97,52.26,53.71,2.438,16.11,-83.49,88.87,20.03,-41.99,34.66,-9.754,24.91,-40.54,81.06,-14.65,-125,143.1,-38.08,-104,-13.18,85.46,-139.7,50.77,57.15,-91.77,-2.339,-10.71,15.68,85.44,122.5,30.27,-404.2,-242.6,119.6,-603.5,-300.3,160.7,0.4341,-0.06153,0.8751,0.1063,-0.68,0.1683,0.5956,-0.504,0.3372,0.2844,-0.6121,0.2089,-0.4854,-0.4942,-0.5387,-0.7205,-0.1995,-0.5202,-0.5266,-0.445,-0.5165,0.7313,-0.1227,0.6665,0.6164,-0.04724,0.7831,0.498,-0.6038,0.4195,0.4636,-0.6378,0.4558,0.004028,-0.2485,0.08997,-0.6288,-0.3632,-0.3794,-0.4513,-0.5653,-0.6247,-0.08002,-0.4656,-0.2539
2.44,4.767,-2.061,3.623,13.05,0.2837,10.37,-0.3175,4.68,14.58,11.11,14.58,11.1,0.5052,0.316,-59.97,-37.03,-0.3312,0.125,-0.6637,1.914,53.83,36.66,3.624,26.79,-1.636,4.192,2.971,3.123,16.07,51.67,10.14,-6.241,-4.106,7.125,7.41,-5.221,-67.53,-16.42,-1.862,-7.993,0.1999,-2.252,-7.981,-0.1171,-2.252,28.15,1.565,-2.552,-105.1,-5.512,1.539,-105,-0.8334,1.532,-158.3,0.6059,-0.3295,-78.37,-3.69,-1.423,-82.03,1.116,0.566,-84.97,4.678,-1.313,-84.53,-11.38,-1.835,-92.26,-1.467,2.482,-78.2,28.05,-1.894,-72.99,-23.05,-10.14,-77.67,-30.02,-0.6391,54.2,-62.99,-17.09,57.62,75.68,-2.93,20.49,109.9,-63.97,27.34,51.27,-7.326,-3.422,-100.6,76.17,-7.804,-59.09,34.66,-15.14,19.03,-30.27,95.72,-15.14,-111.8,92.29,-70.8,-91.32,9.784,88.38,-39.55,84.46,-3.388,-19.52,-8.352,18.52,23.36,39.08,151.4,-9.775,-437.5,-349.6,167.9,-860.8,-192.4,127,0.433,-0.06268,0.8753,0.1021,-0.6798,0.1639,0.592,-0.5074,0.3332,0.2808,-0.6129,0.2048,-0.4875,-0.493,-0.541,-0.7209,-0.1992,-0.5224,-0.5275,-0.4457,-0.518,0.7317,-0.1229,0.6661,0.6168,-0.04816,0.7828,0.4991,-0.6033,0.4194,0.4613,-0.64,0.4558,0.003174,-0.249,0.09058,-0.632,-0.3585,-0.3791,-0.4568,-0.5588,-0.6272,-0.08137,-0.4582,-0.2587
2.45,4.782,-2.018,3.647,13.26,0.318,10.5,-0.4035,4.616,14.8,11.04,14.79,11.04,0.6283,0.1878,-60.48,-36.83,-0.3537,0.05019,-0.6331,1.802,53.86,36.46,3.612,27.07,-1.54,4.203,2.803,4.1,16.42,51.52,10.37,-5.836,-4.256,7.08,7.624,-5.566,-67.34,-16.53,-1.914,-7.293,0.2089,-2.128,-7.278,-0.1945,-2.128,28.83,1.451,-2.467,-104.7,-5.616,1.689,-104.6,-1.003,1.681,-158.1,0.7056,0.002665,-78.32,-3.619,-1.511,-82.02,1.194,0.4293,-84.8,4.745,-1.344,-84.34,-11.67,-1.886,-92.3,-1.532,2.597,-77.14,28.45,-1.504,-72.03,-22.46,-10.34,-77.1,-29.1,-0.7653,26.85,-59.08,-42,58.59,61.03,0.9804,19.51,60.54,-78.62,39.07,64.45,-7.326,-13.66,-109.4,70.31,-27.84,-80.07,30.76,-25.86,7.313,-20.02,81.55,-24.42,-126.5,51.76,-91.8,-104,-0.9829,57.12,-125.5,64.46,-80.55,-28.35,8.352,-41.93,4.919,-34.67,171.9,-19.03,-421.4,-442.4,162.1,-839.4,-179.7,40.53,0.432,-0.0636,0.8754,0.09803,-0.6797,0.1596,0.5883,-0.5108,0.329,0.277,-0.6136,0.2006,-0.4893,-0.4921,-0.5431,-0.7211,-0.1992,-0.5244,-0.528,-0.447,-0.5193,0.732,-0.1237,0.6656,0.6173,-0.0492,0.7824,0.5,-0.6029,0.4193,0.4593,-0.6419,0.4562,0.002258,-0.2495,0.09113,-0.6344,-0.3545,-0.3788,-0.463,-0.552,-0.6292,-0.08307,-0.4506,-0.263
2.46,4.817,-1.97,3.677,13.42,0.382,10.58,-0.5026,4.554,14.99,10.91,14.97,10.91,0.7301,0.1001,-60.97,-36.63,-0.397,-0.03955,-0.6118,1.687,53.85,36.23,3.614,27.29,-1.431,4.18,2.693,5.059,16.79,51.2,10.6,-5.526,-4.36,7.044,7.766,-5.944,-67.18,-16.61,-1.94,-6.638,0.212,-2.002,-6.62,-0.2903,-2.003,29.49,1.343,-2.401,-104.4,-5.749,1.84,-104.2,-1.197,1.831,-158,0.8084,0.3615,-78.27,-3.561,-1.604,-82,1.276,0.2817,-84.68,4.831,-1.377,-84.2,-11.95,-1.911,-92.32,-1.596,2.691,-76.09,28.78,-1.093,-71.12,-21.77,-10.5,-76.61,-28.17,-0.8417,10.75,-46.39,-43.46,59.56,43.94,10.25,33.7,24.91,-91.31,44.43,58.1,-18.56,-16.11,-110.4,62.5,-42.48,-97.17,28.32,-31.73,-0.9692,8.792,34.19,-21.96,-126.5,21.97,-72.75,-115.2,-73.71,28.34,-6.824,21.46,-32.69,-29.29,8.352,3.979,-31.2,-100.6,180.2,-12.7,-393.1,-490.2,186.6,-866.3,-161.1,74.26,0.4312,-0.06427,0.8755,0.09424,-0.6794,0.1555,0.5845,-0.5141,0.325,0.2733,-0.6144,0.1965,-0.4908,-0.4914,-0.5452,-0.7211,-0.1998,-0.5265,-0.5282,-0.4486,-0.5204,0.7323,-0.1246,0.6652,0.6178,-0.05036,0.782,0.5011,-0.6023,0.419,0.4574,-0.6434,0.4569,0.001465,-0.25,0.09144,-0.636,-0.3513,-0.3784,-0.4695,-0.545,-0.6306,-0.08484,-0.4431,-0.2668
2.47,4.866,-1.925,3.693,13.55,0.4525,10.66,-0.6103,4.482,15.18,10.77,15.16,10.77,0.8164,0.02003,-61.41,-36.47,-0.4248,-0.1238,-0.6026,1.572,53.8,35.98,3.62,27.49,-1.35,4.151,2.65,5.94,17.16,50.74,10.85,-5.358,-4.425,7.039,7.872,-6.321,-67.02,-16.69,-1.966,-6.038,0.2297,-1.874,-6.018,-0.3807,-1.874,30.15,1.224,-2.34,-104.1,-5.897,1.996,-103.9,-1.417,1.986,-157.9,0.8974,0.7426,-78.21,-3.529,-1.699,-81.96,1.349,0.1369,-84.61,4.907,-1.442,-84.11,-12.24,-1.908,-92.34,-1.636,2.767,-75.1,29.08,-0.7071,-70.3,-20.98,-10.61,-76.18,-27.28,-0.8607,-5.375,-45.41,-48.83,61.04,15.13,9.77,34.68,-12.7,-99.61,53.22,63.48,-26.37,-22.45,-117.2,55.66,-50.29,-106.9,31.25,-29.3,-7.813,19.53,-25.38,-6.845,-109.4,-3.908,-52.25,-110.8,-41.99,-4.377,-1.46,-52.23,-16.12,-27.35,10.69,45.91,-3.843,-150.4,175.8,-14.17,-348.6,-501,191.9,-753.9,-167,81.51,0.4305,-0.06495,0.8755,0.09089,-0.6791,0.1516,0.5809,-0.5171,0.3211,0.2695,-0.6151,0.1926,-0.4922,-0.4909,-0.5471,-0.7209,-0.201,-0.5284,-0.5281,-0.4506,-0.5214,0.7323,-0.1256,0.665,0.6182,-0.05158,0.7816,0.5019,-0.6022,0.4185,0.4556,-0.6447,0.4579,8.55E-04,-0.2503,0.0918,-0.637,-0.3488,-0.378,-0.4762,-0.538,-0.6313,-0.08679,-0.4358,-0.2701
2.48,4.909,-1.881,3.712,13.65,0.5384,10.71,-0.7057,4.388,15.38,10.59,15.35,10.59,0.8835,-0.03757,-61.77,-36.31,-0.4459,-0.1956,-0.6309,1.459,53.67,35.7,3.625,27.64,-1.281,4.076,2.634,6.64,17.51,50.14,11.11,-5.265,-4.535,7.021,7.964,-6.548,-66.87,-16.74,-1.967,-5.523,0.2512,-1.721,-5.502,-0.454,-1.72,30.79,1.099,-2.286,-103.8,-6.058,2.163,-103.6,-1.673,2.151,-157.8,0.966,1.155,-78.12,-3.495,-1.788,-81.91,1.416,-7.57E-04,-84.55,4.977,-1.513,-84.03,-12.53,-1.911,-92.36,-1.671,2.885,-74.31,29.32,-0.3653,-69.7,-20.12,-10.59,-75.81,-26.37,-0.8489,-8.302,-52.25,-45.91,46.38,-5.37,3.42,24.42,-44.44,-101.6,44.43,68.37,-33.21,-34.19,-114.7,48.34,-56.63,-104,30.28,-35.17,-19.53,44.91,-83.98,-3.902,-92.29,-21.48,-27.34,-122.5,-6.344,29.31,-62.02,-77.61,-68.82,-39.05,38.09,-12.24,-24.9,-170.4,140.6,-4.864,-338.4,-498.5,178.7,-619.1,-159.7,130.4,0.43,-0.06543,0.8754,0.08808,-0.6786,0.1483,0.5778,-0.5197,0.3176,0.2657,-0.6158,0.1887,-0.4933,-0.4906,-0.549,-0.7204,-0.2025,-0.5303,-0.5276,-0.453,-0.5223,0.7324,-0.1266,0.6648,0.6186,-0.05286,0.7813,0.5027,-0.602,0.418,0.4539,-0.6459,0.4589,-1.22E-04,-0.2505,0.09217,-0.6378,-0.3468,-0.3775,-0.4828,-0.5319,-0.6308,-0.08875,-0.4284,-0.2731
2.49,4.919,-1.849,3.752,13.75,0.5816,10.76,-0.7665,4.285,15.56,10.38,15.53,10.38,0.9971,-0.1129,-62.03,-36.19,-0.4662,-0.2556,-0.6777,1.349,53.51,35.41,3.61,27.77,-1.23,3.992,2.559,7.079,17.83,49.38,11.37,-5.206,-4.625,6.976,8.108,-6.528,-66.71,-16.78,-1.995,-5.099,0.2527,-1.555,-5.077,-0.5135,-1.555,31.38,0.9777,-2.233,-103.5,-6.232,2.334,-103.3,-1.951,2.322,-157.8,1.016,1.586,-78.02,-3.443,-1.864,-81.85,1.472,-0.1137,-84.43,5.017,-1.57,-83.89,-12.8,-1.905,-92.37,-1.684,2.988,-73.8,29.5,-0.1358,-69.42,-19.2,-10.4,-75.5,-25.37,-0.8182,-2.927,-51.27,-53.23,14.66,-31.26,1.949,0.9809,-63.48,-89.85,30.27,71.29,-37.6,-40.03,-97.66,56.15,-60.07,-92.77,28.32,-38.57,-31.25,53.22,-121.6,-7.805,-103.5,-24.9,-28.31,-120.1,27.83,55.18,-33.2,-63.46,-115.2,23.94,5.345,-22.95,-21.98,-184.1,116.7,19.03,-332,-459,181.2,-472.6,-140.1,153.4,0.4296,-0.06616,0.8753,0.0857,-0.6778,0.1456,0.5752,-0.5219,0.3147,0.2622,-0.6164,0.1852,-0.4943,-0.4905,-0.5509,-0.7197,-0.2045,-0.5322,-0.5267,-0.4556,-0.5232,0.7326,-0.1277,0.6644,0.6189,-0.05396,0.781,0.5033,-0.602,0.4176,0.4519,-0.6473,0.4597,-9.77E-04,-0.2506,0.09247,-0.6385,-0.3454,-0.377,-0.4891,-0.5272,-0.6284,-0.09064,-0.4203,-0.2756
2.5,4.914,-1.81,3.808,13.83,0.6201,10.79,-0.7715,4.156,15.7,10.14,15.66,10.14,1.105,-0.1696,-62.19,-36.11,-0.4486,-0.3258,-0.726,1.244,53.32,35.1,3.552,27.85,-1.162,3.867,2.515,7.27,18.08,48.49,11.63,-5.141,-4.701,6.901,8.224,-6.304,-66.54,-16.78,-2.014,-4.761,0.2414,-1.401,-4.742,-0.53,-1.401,31.91,0.8602,-2.166,-103.2,-6.41,2.499,-103.1,-2.258,2.486,-157.9,1.059,2.032,-77.9,-3.384,-1.929,-81.8,1.518,-0.223,-84.33,5.004,-1.607,-83.78,-13.07,-1.889,-92.39,-1.688,3.085,-73.57,29.63,-0.005665,-69.47,-18.21,-10.02,-75.3,-24.26,-0.7228,-0.4778,-60.06,-73.74,-11.72,-35.16,-4.879,-31.25,-72.75,-64.45,-1.465,65.92,-60.06,-52.25,-77.63,52.25,-70.32,-83.99,29.78,-48.81,-42,74.71,-126.5,-6.845,-105,-33.7,-26.86,-125.5,21,79.58,-31.74,-29.31,-132.3,40.04,12.36,-86,-18.14,-201.6,82.51,50.29,-329.1,-433.1,144.5,-377.9,-92.82,125.5,0.4295,-0.0669,0.875,0.08374,-0.6771,0.1435,0.5734,-0.5235,0.3122,0.2592,-0.6167,0.182,-0.4951,-0.4905,-0.5526,-0.7188,-0.2067,-0.5341,-0.5256,-0.4585,-0.524,0.7327,-0.1289,0.6639,0.6192,-0.05506,0.7807,0.5034,-0.6022,0.4175,0.45,-0.6485,0.4605,-0.00177,-0.2506,0.09278,-0.6392,-0.3444,-0.3764,-0.4951,-0.5241,-0.6242,-0.09266,-0.4114,-0.2772
2.51,4.905,-1.792,3.889,13.88,0.6619,10.82,-0.7147,4.014,15.79,9.873,15.75,9.871,1.19,-0.2196,-62.29,-36.04,-0.4049,-0.3747,-0.7813,1.137,53.15,34.79,3.457,27.9,-1.11,3.742,2.503,7.235,18.27,47.48,11.88,-5.016,-4.714,6.82,8.304,-5.922,-66.38,-16.76,-2.018,-4.489,0.2277,-1.265,-4.473,-0.4868,-1.265,32.36,0.7733,-2.085,-103,-6.588,2.675,-102.8,-2.578,2.66,-157.9,1.085,2.498,-77.77,-3.326,-1.984,-81.75,1.562,-0.3004,-84.28,4.952,-1.63,-83.73,-13.31,-1.855,-92.41,-1.686,3.135,-73.6,29.72,0.02592,-69.79,-17.18,-9.51,-75.24,-23.01,-0.5555,-8.302,-60.54,-77.15,-29.3,-21.48,-19.53,-56.16,-57.61,-60.06,-33.7,68.84,-56.16,-58.59,-52.73,66.41,-65.43,-63.96,28.32,-56.66,-48.81,95.21,-121.1,-28.32,-96.19,-46.87,-43.46,-107.9,-5.361,122.6,13.68,-12.23,-87.89,66.4,-15.7,-89.37,-23.36,-194.4,103.5,68.85,-302.2,-367.7,113.3,-383.4,-105,59.05,0.4295,-0.06757,0.8746,0.08216,-0.6764,0.1419,0.5724,-0.5247,0.31,0.2568,-0.617,0.1791,-0.4959,-0.4906,-0.5542,-0.7178,-0.2091,-0.536,-0.5242,-0.4615,-0.5249,0.7329,-0.13,0.6635,0.6194,-0.05585,0.7805,0.503,-0.6028,0.4174,0.4485,-0.6493,0.4616,-0.002136,-0.2505,0.09308,-0.6398,-0.3439,-0.3758,-0.5008,-0.5223,-0.6183,-0.09485,-0.4014,-0.2777
2.52,4.923,-1.797,3.955,13.9,0.683,10.87,-0.649,3.845,15.89,9.625,15.84,9.621,1.274,-0.2931,-62.31,-35.97,-0.3881,-0.4164,-0.813,1.022,53.01,34.45,3.349,27.91,-1.106,3.612,2.578,6.98,18.47,46.35,12.13,-4.888,-4.66,6.723,8.299,-5.441,-66.2,-16.74,-2.034,-4.284,0.221,-1.14,-4.271,-0.4273,-1.14,32.7,0.7318,-1.981,-102.8,-6.742,2.846,-102.6,-2.903,2.83,-158,1.104,2.973,-77.65,-3.289,-2.025,-81.71,1.614,-0.3425,-84.31,4.894,-1.672,-83.76,-13.57,-1.797,-92.43,-1.686,3.139,-73.86,29.77,-0.02918,-70.35,-16.08,-8.898,-75.33,-21.68,-0.33,-8.302,-67.87,-78.61,-46.38,0,-21.97,-75.67,-34.18,-57.61,-62.51,82.03,-63.97,-67.38,-36.62,76.17,-75.68,-61.52,32.22,-54.68,-46.88,100.6,-99.62,-43.95,-88.39,-45.4,-57.63,-108.9,-12.2,145,65.42,2.462,29.3,36.62,-10.36,-28.31,3.843,-178.7,120.6,74.23,-283.7,-318.4,131.4,-438.1,-119.2,9.305,0.4296,-0.06836,0.8742,0.081,-0.6758,0.1406,0.572,-0.5254,0.3082,0.2553,-0.617,0.1766,-0.4968,-0.4906,-0.5558,-0.7168,-0.2113,-0.538,-0.5227,-0.4646,-0.5257,0.733,-0.131,0.6632,0.6197,-0.0564,0.7802,0.5019,-0.6039,0.4168,0.4473,-0.6498,0.4631,-0.002136,-0.2505,0.09327,-0.6399,-0.3441,-0.375,-0.5061,-0.5216,-0.6111,-0.09705,-0.3909,-0.277
2.53,4.931,-1.808,4.014,13.91,0.6936,10.95,-0.5373,3.644,15.98,9.366,15.93,9.358,1.371,-0.3893,-62.27,-35.87,-0.4071,-0.4415,-0.8775,0.9223,52.92,34.1,3.243,27.89,-1.128,3.5,2.649,6.593,18.68,45.1,12.39,-4.858,-4.591,6.587,8.266,-4.963,-66.03,-16.7,-2.047,-4.141,0.2089,-0.9877,-4.132,-0.328,-0.9877,32.93,0.7406,-1.863,-102.5,-6.879,3.032,-102.3,-3.24,3.015,-158.1,1.116,3.451,-77.56,-3.249,-2.053,-81.67,1.661,-0.3639,-84.35,4.829,-1.718,-83.79,-13.84,-1.735,-92.43,-1.677,3.132,-74.28,29.78,-0.16,-71.05,-14.9,-8.258,-75.55,-20.36,-0.09607,-19.05,-69.82,-90.83,-62.5,29.79,-22.95,-87.9,-9.272,-41.01,-65.44,96.19,-51.27,-68.36,-23.93,85.45,-85.93,-58.59,37.6,-53.71,-61.53,100.6,-81.55,-72.27,-86.43,-33.7,-68.84,-120.6,-9.784,187,27.84,-22.46,150.9,18.53,-3.341,36.11,-0.4611,-172.9,138.2,80.56,-233.9,-269.5,152.8,-444.8,-73.68,-30.78,0.4298,-0.06916,0.8738,0.0802,-0.6749,0.1397,0.572,-0.5258,0.3065,0.2546,-0.6171,0.1745,-0.498,-0.4905,-0.5572,-0.7158,-0.2135,-0.5401,-0.5213,-0.4676,-0.5267,0.7331,-0.1318,0.6629,0.62,-0.05676,0.7799,0.5005,-0.6052,0.416,0.446,-0.6503,0.4647,-0.002075,-0.2504,0.09321,-0.6398,-0.3447,-0.3743,-0.5112,-0.5213,-0.6029,-0.09888,-0.3806,-0.2753
2.54,4.929,-1.821,4.051,13.91,0.6975,11.06,-0.3689,3.428,16.06,9.114,16,9.101,1.472,-0.4861,-62.18,-35.72,-0.4415,-0.4576,-0.949,0.8272,52.89,33.71,3.155,27.85,-1.137,3.381,2.596,6.128,18.89,43.74,12.66,-4.931,-4.587,6.48,8.34,-4.526,-65.85,-16.65,-2.056,-4.036,0.1835,-0.845,-4.031,-0.1849,-0.8452,33.06,0.8039,-1.734,-102.2,-7.008,3.207,-102,-3.585,3.189,-158.1,1.114,3.925,-77.5,-3.21,-2.067,-81.65,1.696,-0.3694,-84.27,4.778,-1.726,-83.7,-14.11,-1.721,-92.42,-1.677,3.145,-74.8,29.76,-0.315,-71.82,-13.64,-7.641,-75.88,-19.08,0.1778,-20.52,-65.43,-89.84,-77.65,51.75,-16.11,-111.8,0.9809,-45.9,-60.55,102,-54.69,-65.91,-21.98,98.63,-89.86,-52.74,37.1,-46.87,-59.09,112.8,-62.5,-95.7,-100.6,-47.86,-84.96,-100.6,-36.63,211.9,36.63,-17.62,232.4,37.61,-28.4,33.67,17.06,-171.4,171.9,77.63,-214.9,-192.4,144.5,-457,4.395,-51.71,0.43,-0.06995,0.8733,0.07953,-0.674,0.1392,0.5725,-0.5261,0.3047,0.2548,-0.6171,0.1729,-0.4994,-0.49,-0.5589,-0.7148,-0.2153,-0.5424,-0.5198,-0.4705,-0.5277,0.7332,-0.1323,0.6626,0.6202,-0.05695,0.7797,0.4986,-0.6067,0.415,0.4443,-0.6514,0.4657,-0.002197,-0.2504,0.0932,-0.639,-0.346,-0.3733,-0.5161,-0.521,-0.5942,-0.1007,-0.3707,-0.2725
2.55,4.91,-1.843,4.073,13.9,0.6834,11.22,-0.1531,3.199,16.1,8.857,16.03,8.837,1.581,-0.5953,-62.08,-35.54,-0.4662,-0.4755,-0.9965,0.7406,52.92,33.33,3.09,27.76,-1.183,3.279,2.463,5.656,19.15,42.28,12.96,-5.113,-4.635,6.435,8.489,-4.166,-65.66,-16.59,-2.067,-3.947,0.1448,-0.718,-3.945,-0.008217,-0.7179,33.12,0.8917,-1.574,-101.8,-7.127,3.38,-101.6,-3.933,3.361,-158.1,1.115,4.392,-77.46,-3.164,-2.067,-81.63,1.724,-0.3492,-84.13,4.743,-1.739,-83.54,-14.39,-1.747,-92.42,-1.677,3.174,-75.32,29.69,-0.468,-72.58,-12.3,-7.073,-76.27,-17.86,0.5065,-21.47,-79.1,-85.93,-74.22,71.77,-35.65,-111.3,24.41,-56.64,-67.88,104,-47.36,-67.88,-30.27,95.7,-89.36,-55.67,37.6,-48.81,-64.94,117.7,-61.04,-127.4,-95.21,-36.13,-77.15,-107.4,-41.99,168.5,75.19,3.923,246.6,14.67,-8.352,53.25,23.36,-173.9,197.3,62.52,-163.1,-107.9,94.21,-445.3,128,-63.43,0.4304,-0.0708,0.8727,0.07886,-0.6733,0.1388,0.5734,-0.5262,0.3028,0.2556,-0.6169,0.1715,-0.5011,-0.4894,-0.5607,-0.7139,-0.217,-0.5448,-0.5185,-0.4731,-0.529,0.7334,-0.1325,0.6623,0.6204,-0.05689,0.7796,0.496,-0.6087,0.4134,0.4422,-0.653,0.4663,-0.002441,-0.2504,0.09326,-0.6376,-0.3481,-0.3723,-0.521,-0.5203,-0.5853,-0.1029,-0.3612,-0.2692
2.56,4.907,-1.849,4.063,13.85,0.6553,11.39,0.09728,2.986,16.1,8.59,16.02,8.563,1.692,-0.6993,-61.99,-35.28,-0.5006,-0.4755,-1.008,0.648,53.03,32.95,3.032,27.65,-1.24,3.198,2.234,5.154,19.42,40.71,13.26,-5.463,-4.731,6.551,8.731,-3.825,-65.5,-16.51,-2.075,-3.855,0.08842,-0.6115,-3.856,0.1856,-0.6116,33.1,1.017,-1.385,-101.3,-7.247,3.537,-101.2,-4.266,3.518,-158,1.098,4.845,-77.46,-3.136,-2.045,-81.63,1.753,-0.3233,-83.88,4.72,-1.75,-83.28,-14.69,-1.803,-92.43,-1.682,3.224,-75.88,29.59,-0.6539,-73.35,-10.89,-6.554,-76.67,-16.73,0.9731,-2.927,-86.43,-103.5,-58.11,94.73,-29.3,-110.8,42.48,-53.22,-64.94,111.8,-50.78,-59.57,-34.67,106,-83.51,-60.06,36.62,-39.54,-68.85,111.3,-67.37,-148.4,-98.13,-26.37,-76.65,-99.6,-53.7,95.24,-25.87,0.4615,73.71,50.79,4.343,-20.96,6.763,-168,218.3,53.22,-86.9,-23.94,76.16,-467.8,176.7,-103.5,0.4309,-0.0716,0.8721,0.07813,-0.6726,0.1386,0.5744,-0.5263,0.3009,0.2572,-0.6166,0.1703,-0.5029,-0.4884,-0.5627,-0.7131,-0.2183,-0.5472,-0.5174,-0.4753,-0.5305,0.7336,-0.1324,0.6621,0.6206,-0.05677,0.7794,0.4937,-0.6106,0.4118,0.4397,-0.6551,0.4665,-0.002869,-0.2504,0.09339,-0.6358,-0.3504,-0.3714,-0.5258,-0.5192,-0.5761,-0.1061,-0.3525,-0.2655
2.57,4.909,-1.87,4.014,13.8,0.6008,11.59,0.3562,2.773,16.12,8.345,16.02,8.305,1.827,-0.8272,-61.89,-34.96,-0.5399,-0.4768,-1.012,0.5466,53.17,32.59,2.99,27.5,-1.287,3.133,1.941,4.693,19.72,39.04,13.58,-6.067,-4.848,6.872,9.037,-3.579,-65.34,-16.44,-2.101,-3.778,0.03052,-0.4956,-3.781,0.3869,-0.4956,33.04,1.146,-1.177,-100.9,-7.36,3.685,-100.7,-4.593,3.666,-157.9,1.081,5.297,-77.51,-3.12,-2.011,-81.61,1.774,-0.2684,-83.58,4.71,-1.717,-82.96,-15,-1.874,-92.43,-1.692,3.283,-76.37,29.44,-0.8006,-74.03,-9.404,-6.142,-77.05,-15.8,1.58,10.75,-97.65,-118.2,-54.68,108.4,-37.6,-100.6,60.06,-70.32,-62.01,126,-50.3,-55.17,-42.48,114.7,-70.81,-69.83,37.6,-28.33,-79.1,104.5,-73.26,-139.7,-73.74,-20.99,-71.3,-97.16,-54.68,38.07,28.82,10.77,-44.42,30.28,2.339,-79.57,-15.68,-161.6,235.8,49.3,-29.8,39.53,117.2,-423.4,158.7,-148.4,0.4313,-0.07245,0.8716,0.0774,-0.6719,0.1384,0.5753,-0.5264,0.2988,0.2591,-0.6161,0.1693,-0.5049,-0.4872,-0.5649,-0.7125,-0.2192,-0.5496,-0.5166,-0.4772,-0.5323,0.7338,-0.132,0.662,0.6208,-0.05646,0.7793,0.4916,-0.612,0.4105,0.4367,-0.6575,0.4664,-0.003357,-0.2505,0.09357,-0.6338,-0.3531,-0.3706,-0.5307,-0.5171,-0.5672,-0.1107,-0.3454,-0.2618
2.58,4.911,-1.88,3.934,13.73,0.5262,11.79,0.6368,2.57,16.12,8.087,16.01,8.03,1.978,-0.9651,-61.84,-34.57,-0.5818,-0.4759,-0.9921,0.4657,53.35,32.25,2.951,27.29,-1.353,3.056,1.704,4.384,20.06,37.28,13.95,-6.935,-4.91,7.379,9.299,-3.518,-65.2,-16.35,-2.126,-3.684,-0.04304,-0.3769,-3.688,0.5943,-0.3773,32.96,1.283,-0.9399,-100.3,-7.478,3.833,-100.2,-4.914,3.814,-157.7,1.065,5.725,-77.57,-3.101,-1.958,-81.59,1.8,-0.2045,-83.31,4.702,-1.699,-82.68,-15.35,-1.931,-92.44,-1.692,3.299,-76.68,29.24,-0.8441,-74.51,-7.868,-5.864,-77.4,-15.11,2.306,10.75,-104,-121.1,-62.01,119.6,-36.14,-112.3,63.96,-76.17,-74.7,149.9,-31.24,-55.17,-60.06,119.6,-72.77,-90.82,48.83,-30.27,-96.19,96.19,-84.47,-117.2,-62.01,-41.02,-58.6,-97.16,-59.55,4.863,67.86,-1.923,-10.23,41.53,8.686,-3.979,-5.841,-161.6,257.8,74.71,-51.3,101.6,155.8,-372.6,117.6,-176.3,0.4319,-0.07325,0.871,0.07648,-0.6711,0.1382,0.5764,-0.5264,0.2966,0.2613,-0.6155,0.1682,-0.5071,-0.4858,-0.5672,-0.712,-0.22,-0.5522,-0.5162,-0.4786,-0.5344,0.734,-0.1313,0.6619,0.621,-0.05615,0.7791,0.4895,-0.6135,0.4092,0.4338,-0.6598,0.4668,-0.003479,-0.2505,0.09363,-0.632,-0.356,-0.3701,-0.5359,-0.5134,-0.5593,-0.1162,-0.3403,-0.2582
2.59,4.914,-1.881,3.853,13.67,0.4272,11.98,0.917,2.38,16.13,7.825,16,7.745,2.141,-1.131,-61.83,-34.14,-0.6254,-0.4683,-0.9921,0.3961,53.55,31.95,2.891,27,-1.413,2.962,1.584,4.215,20.4,35.41,14.32,-8.14,-4.948,7.927,9.448,-3.57,-65.08,-16.26,-2.165,-3.55,-0.1092,-0.2495,-3.554,0.808,-0.2496,32.89,1.424,-0.7136,-99.78,-7.601,3.993,-99.61,-5.227,3.974,-157.4,1.059,6.141,-77.62,-3.062,-1.899,-81.56,1.846,-0.1447,-83.16,4.691,-1.689,-82.51,-15.7,-1.952,-92.44,-1.679,3.322,-76.82,28.99,-0.7993,-74.84,-6.272,-5.601,-77.7,-14.7,3.101,-10.24,-102.5,-127.9,-62.01,116.2,-48.33,-115.7,62.98,-71.78,-84.46,165.5,-23.93,-50.77,-76.66,117.2,-69.82,-93.75,52.25,-23.92,-118.2,89.36,-89.83,-88.39,-72.76,-49.31,-34.67,-107.9,-77.65,-21,18.57,-67.38,-27.85,-7.335,25.39,-47.9,-13.68,-148.9,280.3,70.79,-84.97,177.7,133.3,-319.8,15.64,-123,0.4324,-0.0741,0.8705,0.07538,-0.6703,0.1378,0.5774,-0.5265,0.2943,0.2634,-0.615,0.1671,-0.5094,-0.4843,-0.5696,-0.7115,-0.2205,-0.5547,-0.5161,-0.4797,-0.5365,0.7343,-0.1306,0.6617,0.6213,-0.05591,0.7788,0.4877,-0.6148,0.408,0.4314,-0.6615,0.4677,-0.003662,-0.2504,0.09369,-0.6307,-0.3588,-0.3701,-0.5417,-0.5088,-0.5515,-0.1224,-0.3375,-0.2549
2.6,4.926,-1.894,3.812,13.62,0.3496,12.12,1.184,2.215,16.16,7.56,16.01,7.457,2.279,-1.262,-61.87,-33.66,-0.6766,-0.4721,-0.9796,0.3248,53.75,31.67,2.806,26.63,-1.489,2.871,1.471,4.218,20.74,33.45,14.72,-9.644,-4.976,8.447,9.58,-3.742,-64.98,-16.17,-2.183,-3.402,-0.1628,-0.1068,-3.405,1.021,-0.1067,32.85,1.563,-0.4618,-99.19,-7.738,4.131,-99.03,-5.529,4.113,-157.1,1.052,6.539,-77.66,-3.023,-1.843,-81.55,1.902,-0.07783,-83.03,4.666,-1.687,-82.36,-16.06,-1.971,-92.44,-1.644,3.332,-76.79,28.67,-0.659,-75.03,-4.649,-5.327,-77.96,-14.58,3.926,-21.98,-88.87,-124.5,-77.16,109.9,-45.9,-131.3,56.15,-83.5,-101.1,172.9,-6.344,-55.67,-109.9,119.1,-77.16,-107.4,51.75,-34.68,-148.4,84.96,-99.62,-65.91,-91.8,-64.45,-31.24,-113.8,-77.65,-3.891,13.68,-73.23,20.01,-31.27,2.339,-24.94,-43.96,-141.1,295.4,62,-85.99,227.5,43.92,-124.6,-18.62,-73.28,0.433,-0.07471,0.87,0.07428,-0.6695,0.1371,0.5785,-0.5265,0.2918,0.2655,-0.6144,0.1658,-0.5117,-0.4826,-0.5721,-0.7112,-0.2208,-0.5572,-0.5163,-0.4805,-0.5388,0.7346,-0.1301,0.6614,0.6217,-0.05554,0.7785,0.4861,-0.616,0.4071,0.429,-0.6631,0.4687,-0.003723,-0.2501,0.09375,-0.63,-0.3614,-0.3707,-0.5483,-0.5033,-0.5439,-0.1288,-0.3369,-0.252
2.61,4.933,-1.899,3.77,13.56,0.263,12.25,1.451,2.064,16.2,7.285,16.04,7.149,2.418,-1.414,-61.92,-33.18,-0.7317,-0.4623,-0.97,0.2726,53.92,31.41,2.713,26.23,-1.552,2.813,1.37,4.43,21.08,31.43,15.14,-11.33,-4.953,8.967,9.686,-4.124,-64.9,-16.08,-2.2,-3.252,-0.2132,0.04578,-3.251,1.238,0.04594,32.83,1.705,-0.2036,-98.62,-7.881,4.296,-98.46,-5.822,4.277,-156.7,1.058,6.923,-77.7,-2.984,-1.778,-81.54,1.953,-0.01016,-82.92,4.627,-1.673,-82.25,-16.45,-1.952,-92.45,-1.609,3.327,-76.52,28.31,-0.4446,-74.99,-3.011,-5.074,-78.21,-14.63,4.798,-39.06,-92.29,-126.9,-85.95,96.68,-44.93,-137.2,51.77,-69.82,-116.7,171.9,3.42,-63.96,-129.9,117.7,-102.6,-124,46.39,-47.35,-165,89.85,-116.2,-42.48,-115.2,-63.96,-27.34,-136.7,-66.39,48.32,44.44,-39.54,89.34,-66.4,-1.336,54.63,34.74,-132.3,289,58.6,-52.21,232.4,-33.69,124.6,-20.55,-37.58,0.4336,-0.07526,0.8696,0.07318,-0.6685,0.1364,0.5796,-0.5263,0.2892,0.2674,-0.6138,0.1642,-0.5139,-0.4812,-0.5745,-0.711,-0.2211,-0.5596,-0.5166,-0.4812,-0.5411,0.7349,-0.1295,0.6612,0.6221,-0.05512,0.7782,0.4845,-0.6171,0.4063,0.4265,-0.6646,0.4701,-0.003662,-0.2498,0.09376,-0.63,-0.3636,-0.372,-0.5557,-0.4966,-0.5369,-0.1355,-0.3379,-0.2491
2.62,4.918,-1.913,3.744,13.48,0.1515,12.38,1.699,1.951,16.26,6.996,16.08,6.82,2.559,-1.574,-61.98,-32.72,-0.8041,-0.4619,-0.9619,0.2271,54.05,31.15,2.648,25.79,-1.653,2.831,1.281,4.814,21.44,29.36,15.57,-13.04,-4.942,9.526,9.763,-4.718,-64.82,-15.99,-2.231,-3.114,-0.2445,0.2106,-3.107,1.454,0.2106,32.85,1.858,0.06272,-98.07,-8.049,4.469,-97.92,-6.103,4.45,-156.4,1.09,7.296,-77.75,-2.956,-1.699,-81.56,1.972,0.08302,-82.84,4.584,-1.673,-82.17,-16.85,-1.911,-92.44,-1.582,3.358,-76.08,27.88,-0.1962,-74.76,-1.379,-4.875,-78.49,-14.73,5.716,-40.52,-98.15,-126.9,-89.37,94.73,-51.75,-151.4,41.01,-90.33,-98.15,171.4,-1.953,-86.41,-147.5,126.5,-116.2,-125,63.48,-59.57,-175.3,89.85,-132.8,-33.69,-116.2,-64.94,-24.91,-136.2,-82.02,151.4,14.66,-21.46,179.7,-10.26,-8.352,29.23,-12.14,-152.4,260.3,49.3,-46.41,236.3,-55.2,368.2,5.429,-75.69,0.4342,-0.07587,0.8691,0.07227,-0.6676,0.1356,0.5809,-0.526,0.2867,0.2693,-0.6133,0.1624,-0.5159,-0.48,-0.5769,-0.7108,-0.2212,-0.562,-0.5171,-0.482,-0.543,0.7352,-0.1288,0.661,0.6223,-0.05438,0.7781,0.4831,-0.6181,0.4057,0.424,-0.6659,0.4718,-0.003906,-0.2495,0.09382,-0.6305,-0.3653,-0.3742,-0.5635,-0.4886,-0.5308,-0.1425,-0.3392,-0.246
2.63,4.859,-1.923,3.742,13.39,0.01258,12.53,1.935,1.87,16.34,6.686,16.13,6.459,2.706,-1.743,-62.02,-32.29,-0.8804,-0.4627,-0.9486,0.1966,54.14,30.93,2.638,25.37,-1.806,2.967,1.153,5.207,21.84,27.3,16.04,-14.67,-4.958,10.13,9.842,-5.36,-64.75,-15.89,-2.273,-3.001,-0.2621,0.3926,-2.988,1.673,0.3924,32.89,2.006,0.35,-97.58,-8.236,4.655,-97.42,-6.372,4.636,-156.1,1.138,7.65,-77.82,-2.935,-1.601,-81.62,1.941,0.1929,-82.77,4.546,-1.705,-82.08,-17.29,-1.89,-92.44,-1.548,3.395,-75.66,27.44,-0.0527,-74.51,0.2288,-4.694,-78.81,-14.78,6.678,-43.96,-107.4,-132.8,-79.58,94.23,-56.65,-141.1,59.58,-95.71,-93.75,142.6,-5.858,-104,-169.4,135.7,-122.6,-112.8,58.59,-74.22,-171.4,99.61,-152.3,-48.83,-126.9,-81.53,-25.88,-134.8,-115.2,252,-21.49,43.46,245.6,-73.24,-37.08,52.18,37.04,-167.5,188.4,-3.92,-82.46,203.1,-14.67,528.3,-27.79,-138.1,0.4349,-0.07654,0.8687,0.0716,-0.6665,0.1348,0.5823,-0.5255,0.2841,0.2711,-0.6128,0.1603,-0.5176,-0.4792,-0.5791,-0.7106,-0.2213,-0.5642,-0.5176,-0.4827,-0.5448,0.7354,-0.1278,0.6609,0.6221,-0.05329,0.7782,0.4818,-0.6193,0.4048,0.4214,-0.6674,0.4735,-0.004212,-0.2492,0.09388,-0.6317,-0.366,-0.3775,-0.571,-0.4806,-0.5248,-0.1498,-0.3402,-0.2425
2.64,4.759,-1.937,3.739,13.27,-0.1525,12.68,2.153,1.829,16.42,6.347,16.2,6.054,2.856,-1.922,-62.04,-31.89,-0.9501,-0.4581,-0.9295,0.1734,54.2,30.75,2.697,24.96,-2.019,3.229,0.9453,5.411,22.29,25.25,16.51,-16.16,-5.01,10.69,9.977,-5.849,-64.71,-15.79,-2.319,-2.93,-0.2692,0.5871,-2.908,1.884,0.5875,32.91,2.134,0.649,-97.14,-8.451,4.868,-96.98,-6.629,4.848,-155.8,1.205,8,-77.92,-2.921,-1.481,-81.7,1.864,0.3327,-82.63,4.532,-1.761,-81.92,-17.75,-1.899,-92.44,-1.542,3.444,-75.48,26.96,-0.1109,-74.45,1.795,-4.479,-79.19,-14.71,7.581,-64.95,-127,-149.9,-87.89,87.4,-68.84,-138.2,63.96,-98.63,-96.68,116.7,-3.42,-118.2,-194.3,140.6,-138.7,-118.2,64.94,-86.93,-154.8,92.28,-158.2,-71.78,-90.82,-127.4,-24.41,-115.7,-150.4,298.3,-20.98,89.38,324.7,-25.87,10.36,79.57,11.68,-176.8,101.5,-51.28,-112.3,186.1,-18.05,612.8,-47.31,-185,0.4356,-0.07715,0.8683,0.07123,-0.6652,0.1343,0.5836,-0.525,0.2816,0.273,-0.612,0.1583,-0.519,-0.4788,-0.5811,-0.7105,-0.2213,-0.5665,-0.5182,-0.4835,-0.5464,0.7357,-0.1265,0.6608,0.6217,-0.05182,0.7786,0.4806,-0.6205,0.4037,0.4184,-0.6693,0.475,-0.004639,-0.2492,0.09394,-0.6331,-0.3659,-0.3818,-0.5777,-0.4737,-0.5181,-0.1564,-0.3404,-0.2385
2.65,4.662,-1.967,3.706,13.11,-0.3135,12.83,2.324,1.806,16.5,5.977,16.26,5.595,2.968,-2.114,-62.07,-31.51,-1.038,-0.4215,-0.8959,0.1769,54.24,30.64,2.787,24.53,-2.28,3.608,0.6138,5.441,22.81,23.25,17.04,-17.47,-5.142,11.14,10.24,-6.197,-64.71,-15.65,-2.347,-2.898,-0.2469,0.8015,-2.866,2.077,0.802,32.91,2.254,0.969,-96.76,-8.673,5.12,-96.6,-6.873,5.099,-155.5,1.272,8.333,-78.05,-2.92,-1.343,-81.79,1.779,0.5074,-82.38,4.547,-1.82,-81.63,-18.25,-1.94,-92.44,-1.525,3.545,-75.48,26.47,-0.3416,-74.53,3.28,-4.216,-79.61,-14.52,8.385,-74.72,-145,-185.5,-94.73,89.84,-85.45,-138.7,52.25,-103.5,-100.6,108.9,3.42,-113.3,-197.8,133.3,-130.4,-116.7,56.64,-87.42,-135.8,90.33,-162.6,-83.51,-52.73,-177.7,-28.31,-117.2,-210.5,227,-37.1,58.61,217.3,17.1,2.339,-11.78,-1.537,-159.7,11.21,-93.74,-139.7,194.3,-48.35,632.3,10.73,-232.9,0.4367,-0.07752,0.8678,0.07129,-0.6639,0.1338,0.585,-0.5243,0.279,0.2751,-0.6111,0.1564,-0.5202,-0.4789,-0.5827,-0.7105,-0.2211,-0.5687,-0.5189,-0.4842,-0.5479,0.7359,-0.1249,0.6609,0.6213,-0.05011,0.7791,0.4799,-0.6215,0.4025,0.4146,-0.6719,0.4761,-0.005493,-0.249,0.09412,-0.6344,-0.3653,-0.3869,-0.5835,-0.468,-0.5107,-0.1622,-0.3396,-0.2342
2.66,4.572,-1.974,3.634,12.95,-0.5089,12.95,2.473,1.81,16.6,5.596,16.34,5.103,3.065,-2.309,-62.12,-31.13,-1.117,-0.3819,-0.8594,0.1953,54.29,30.6,2.917,24.07,-2.529,4.1,0.1758,5.367,23.43,21.37,17.63,-18.56,-5.296,11.46,10.61,-6.462,-64.77,-15.51,-2.369,-2.906,-0.2046,1.035,-2.861,2.268,1.035,32.88,2.354,1.305,-96.43,-8.917,5.39,-96.26,-7.115,5.367,-155.2,1.343,8.657,-78.21,-2.901,-1.171,-81.86,1.719,0.6923,-82,4.63,-1.849,-81.21,-18.79,-2.014,-92.43,-1.502,3.638,-75.59,25.98,-0.7266,-74.7,4.656,-3.886,-80.08,-14.22,9.082,-64.44,-137.2,-205.1,-109.4,92.29,-93.75,-156.7,31.74,-83.5,-114.7,109.9,5.373,-120.6,-227.5,125,-155.3,-132.3,60.55,-99.6,-125,95.7,-191.4,-85.45,-18.55,-218.3,-72.75,-121.6,-208.5,126.4,119.6,-14.15,137.2,50.79,21.38,-39.02,-28.28,-180.2,-72.79,-73.24,-99.64,237.8,-61.49,570.8,87.39,-239.2,0.4378,-0.07764,0.8674,0.07172,-0.6625,0.1334,0.5864,-0.5234,0.2764,0.2774,-0.6099,0.1548,-0.5212,-0.4794,-0.5843,-0.7106,-0.221,-0.571,-0.5198,-0.4847,-0.5495,0.7362,-0.123,0.6608,0.6209,-0.0484,0.7794,0.4795,-0.6221,0.4013,0.4099,-0.6751,0.4768,-0.006287,-0.2487,0.09424,-0.6352,-0.3643,-0.3925,-0.5888,-0.4635,-0.503,-0.1669,-0.338,-0.2295
2.67,4.467,-1.979,3.561,12.82,-0.707,13.02,2.591,1.84,16.71,5.222,16.45,4.589,3.142,-2.501,-62.18,-30.76,-1.198,-0.3173,-0.827,0.2058,54.33,30.66,3.075,23.58,-2.768,4.639,-0.2326,5.315,24.15,19.59,18.28,-19.46,-5.443,11.65,10.97,-6.703,-64.88,-15.36,-2.381,-2.952,-0.142,1.286,-2.893,2.449,1.287,32.81,2.436,1.647,-96.18,-9.172,5.674,-95.99,-7.341,5.648,-154.8,1.391,8.986,-78.36,-2.846,-0.9962,-81.92,1.679,0.8773,-81.64,4.762,-1.869,-80.81,-19.38,-2.072,-92.43,-1.456,3.734,-75.66,25.48,-1.149,-74.83,5.922,-3.519,-80.52,-13.83,9.677,-75.67,-124.5,-201.2,-128.9,89.36,-101.6,-176.7,-0.9809,-71.29,-125,122.6,6.84,-138.2,-241.2,122.6,-189.9,-152.3,62.99,-132.8,-140.1,81.54,-231,-66.4,-28.32,-215.8,-78.13,-172.4,-235.3,75.69,79.1,-123.5,37.58,104.5,29.4,-106.5,-41.5,-186,-161.1,-48.83,-16.61,281.7,-69.79,546.9,133.8,-225.6,0.439,-0.07752,0.8671,0.07251,-0.6609,0.1332,0.5878,-0.5224,0.2738,0.2797,-0.6085,0.1534,-0.5219,-0.4803,-0.5855,-0.7106,-0.2208,-0.5731,-0.5207,-0.485,-0.5514,0.7368,-0.1211,0.6605,0.6208,-0.04676,0.7796,0.4793,-0.6224,0.3999,0.4051,-0.6783,0.4778,-0.00708,-0.2483,0.09443,-0.6354,-0.3632,-0.3984,-0.5939,-0.4594,-0.4955,-0.171,-0.3356,-0.225
2.68,4.345,-1.968,3.495,12.7,-0.8899,13.03,2.692,1.873,16.83,4.863,16.56,4.062,3.189,-2.684,-62.24,-30.45,-1.273,-0.2509,-0.7835,0.2249,54.37,30.82,3.25,23.08,-2.963,5.152,-0.6468,5.374,24.92,17.9,19,-20.18,-5.543,11.77,11.31,-6.945,-65.03,-15.2,-2.378,-3.03,-0.05829,1.545,-2.957,2.633,1.547,32.72,2.512,2.009,-96.02,-9.431,5.973,-95.82,-7.568,5.944,-154.5,1.433,9.316,-78.5,-2.771,-0.8298,-81.98,1.641,1.037,-81.28,4.912,-1.867,-80.41,-20,-2.131,-92.41,-1.379,3.777,-75.62,24.97,-1.524,-74.86,7.092,-3.162,-80.87,-13.35,10.18,-96.19,-106.9,-201.7,-171.9,76.18,-95.21,-194.3,-26.37,-62.02,-154.8,123.1,-3.42,-177.7,-267.1,129.4,-228.5,-167.5,75.2,-183.6,-155.3,80.08,-260.8,-39.56,-66.89,-214.8,-64.46,-193.8,-249.5,66.41,39.07,-182.2,1.443,106.4,3.007,-129.5,-48.26,-157.7,-235.4,-26.35,21.04,332.5,-76.64,528.3,230.5,-255.3,0.4403,-0.07715,0.8668,0.07361,-0.6592,0.133,0.5894,-0.5211,0.2713,0.2823,-0.6069,0.152,-0.5222,-0.4817,-0.5865,-0.7106,-0.221,-0.5752,-0.5215,-0.4853,-0.5532,0.7374,-0.1193,0.66,0.6206,-0.04529,0.7798,0.4795,-0.6224,0.3987,0.4001,-0.6815,0.479,-0.007447,-0.2476,0.09436,-0.6354,-0.3623,-0.4042,-0.599,-0.4553,-0.4887,-0.1745,-0.3325,-0.2211
2.69,4.219,-1.963,3.439,12.59,-1.048,13.02,2.813,1.915,16.94,4.523,16.67,3.515,3.228,-2.854,-62.31,-30.2,-1.302,-0.2033,-0.7231,0.2408,54.4,31.05,3.399,22.55,-3.105,5.624,-0.9764,5.518,25.72,16.29,19.77,-20.74,-5.552,11.9,11.58,-7.133,-65.19,-15.04,-2.372,-3.123,0.0266,1.8,-3.035,2.839,1.803,32.61,2.56,2.396,-95.94,-9.703,6.28,-95.72,-7.799,6.247,-154.1,1.482,9.659,-78.63,-2.683,-0.6876,-82.05,1.609,1.178,-81,5.039,-1.838,-80.11,-20.67,-2.14,-92.41,-1.294,3.773,-75.51,24.45,-1.843,-74.82,8.174,-2.824,-81.1,-12.79,10.64,-110.9,-86.43,-193.9,-190.9,73.73,-71.77,-220.2,-61.52,-46.38,-173.8,123.5,-5.858,-210.4,-249,124.5,-265.6,-186,77.15,-216.3,-171.9,85.45,-287.6,-21.96,-94.72,-172.8,-49.79,-180.7,-231,122.6,-8.316,-185.1,77.17,-14.67,-96.21,-38.56,-56.57,-150.9,-295.4,-18.56,-4.436,359.4,-49.8,394.5,301.7,-286.7,0.4416,-0.07673,0.8665,0.07477,-0.6576,0.1329,0.5913,-0.5196,0.2687,0.2849,-0.605,0.1508,-0.5221,-0.4835,-0.5871,-0.7105,-0.2214,-0.5771,-0.5224,-0.4857,-0.5551,0.7381,-0.1177,0.6595,0.6205,-0.04395,0.7799,0.4798,-0.622,0.398,0.3952,-0.6843,0.4809,-0.007386,-0.2469,0.09437,-0.6352,-0.3617,-0.4099,-0.604,-0.4511,-0.4826,-0.1782,-0.3285,-0.2182
2.7,4.068,-1.961,3.389,12.5,-1.199,13,2.949,1.939,17.08,4.251,16.8,2.988,3.257,-3.029,-62.35,-30.01,-1.308,-0.174,-0.646,0.2494,54.4,31.32,3.552,22.02,-3.194,6.055,-1.146,5.794,26.55,14.76,20.53,-21.15,-5.449,12.1,11.71,-7.285,-65.36,-14.9,-2.367,-3.252,0.1244,2.057,-3.145,3.072,2.06,32.5,2.606,2.819,-95.92,-9.964,6.598,-95.7,-8.037,6.563,-153.8,1.546,10.02,-78.76,-2.59,-0.555,-82.12,1.559,1.313,-80.89,5.147,-1.773,-79.99,-21.39,-2.101,-92.43,-1.246,3.71,-75.26,23.91,-2.076,-74.65,9.167,-2.488,-81.18,-12.18,11.15,-106.9,-85.45,-185.5,-212.4,66.4,-65.43,-230.9,-79.58,-36.13,-189,95.71,-4.887,-236.3,-244.1,108.9,-294.4,-193.4,81.05,-245.6,-209,91.31,-297.8,-16.61,-100.6,-127.4,-23.43,-146.5,-124.5,233.4,26.38,-24.38,113.7,-54.21,-84.86,103,109.4,-194.4,-304.7,1.936,-46.41,350.1,-5.883,344.7,352,-329.6,0.4428,-0.07624,0.8663,0.07618,-0.6559,0.1329,0.5937,-0.5178,0.2662,0.2877,-0.6029,0.1494,-0.5218,-0.4857,-0.5874,-0.7102,-0.2223,-0.5789,-0.5231,-0.4864,-0.5567,0.7389,-0.1162,0.659,0.6202,-0.0426,0.7802,0.4803,-0.6213,0.3979,0.391,-0.6864,0.4839,-0.006775,-0.2465,0.09442,-0.6349,-0.3615,-0.4153,-0.609,-0.4466,-0.4773,-0.1827,-0.3238,-0.2162
2.71,3.936,-1.952,3.378,12.42,-1.352,12.95,3.096,1.963,17.21,4.029,16.93,2.468,3.289,-3.189,-62.34,-29.89,-1.318,-0.1752,-0.5425,0.2523,54.37,31.59,3.68,21.51,-3.282,6.431,-1.218,6.199,27.39,13.32,21.26,-21.5,-5.359,12.4,11.72,-7.433,-65.53,-14.75,-2.361,-3.422,0.2246,2.32,-3.297,3.317,2.324,32.38,2.66,3.282,-95.99,-10.22,6.91,-95.75,-8.272,6.872,-153.5,1.633,10.39,-78.86,-2.501,-0.4213,-82.2,1.523,1.441,-80.89,5.239,-1.725,-79.99,-22.14,-2.031,-92.44,-1.252,3.698,-74.9,23.4,-2.211,-74.37,10.09,-2.166,-81.14,-11.57,11.73,-81.05,-82.52,-159.2,-210.5,64.94,-58.59,-223.1,-75.68,-38.08,-176.8,69.34,-20.51,-239.7,-229,102.5,-320.8,-213.9,87.89,-252,-233.4,95.7,-273.4,-28.81,-89.35,-99.13,-51.77,-116.2,10.72,344.2,-43.96,121.6,176.7,-12.19,-47.77,25.86,68.4,-235.4,-279.8,20.02,-57.1,310.6,-4.916,312,362.3,-432.6,0.4441,-0.07575,0.866,0.07782,-0.6542,0.1331,0.5963,-0.5157,0.2639,0.2908,-0.6007,0.1478,-0.5213,-0.4881,-0.5875,-0.7099,-0.2236,-0.5805,-0.5237,-0.4874,-0.558,0.7395,-0.1149,0.6584,0.62,-0.04126,0.7804,0.481,-0.6205,0.398,0.3871,-0.688,0.4874,-0.006653,-0.2466,0.09449,-0.6341,-0.3618,-0.4201,-0.6142,-0.4418,-0.4727,-0.1881,-0.319,-0.215
2.72,3.844,-1.909,3.403,12.29,-1.497,12.85,3.249,1.957,17.34,3.869,17.07,1.951,3.279,-3.344,-62.31,-29.79,-1.309,-0.1854,-0.429,0.2408,54.32,31.81,3.809,21,-3.309,6.721,-1.235,6.659,28.28,12.01,21.97,-21.78,-5.264,12.81,11.7,-7.595,-65.73,-14.6,-2.332,-3.644,0.3435,2.582,-3.497,3.589,2.587,32.24,2.713,3.768,-96.09,-10.46,7.234,-95.84,-8.515,7.193,-153.3,1.74,10.78,-78.93,-2.436,-0.2669,-82.28,1.503,1.554,-80.94,5.348,-1.634,-80.05,-22.92,-1.945,-92.48,-1.302,3.703,-74.47,22.92,-2.255,-74.03,10.91,-1.85,-81.06,-11.01,12.43,-59.07,-83.01,-189,-197.3,60.55,-41.51,-203.1,-63.48,-40.53,-162.1,21.48,-41.99,-242.7,-231,96.68,-306.6,-222.2,79.1,-242.7,-254.9,106.4,-227.1,-59.09,-78.62,-85.93,-111.3,-147.5,-55.67,363.8,-27.84,230,75.66,-43.96,-23.39,-12.24,57.64,-231.9,-257.8,6.847,-45.38,252,9.268,233.4,355,-498.1,0.4454,-0.07502,0.8658,0.07984,-0.6524,0.1336,0.5992,-0.5133,0.2616,0.2941,-0.5982,0.1462,-0.5207,-0.4907,-0.5874,-0.7093,-0.2255,-0.5819,-0.5239,-0.489,-0.5589,0.74,-0.1137,0.658,0.6199,-0.04004,0.7805,0.4812,-0.6196,0.398,0.3833,-0.6895,0.4913,-0.006653,-0.247,0.09479,-0.6329,-0.3631,-0.4239,-0.6192,-0.4371,-0.4689,-0.1946,-0.3145,-0.214
2.73,3.717,-1.862,3.438,12.17,-1.669,12.74,3.408,1.93,17.46,3.789,17.19,1.441,3.266,-3.506,-62.22,-29.7,-1.289,-0.1863,-0.293,0.2151,54.24,31.93,3.975,20.57,-3.342,6.98,-1.395,7.117,29.24,10.87,22.71,-22.09,-5.218,13.32,11.78,-7.753,-65.94,-14.44,-2.299,-3.933,0.4636,2.84,-3.764,3.867,2.847,32.06,2.761,4.28,-96.21,-10.68,7.563,-95.96,-8.764,7.52,-153.2,1.856,11.19,-78.99,-2.353,-0.08711,-82.38,1.468,1.688,-80.86,5.479,-1.514,-79.98,-23.75,-1.919,-92.5,-1.39,3.713,-74.06,22.49,-2.249,-73.69,11.63,-1.528,-80.99,-10.56,13.23,-69.34,-90.34,-197.3,-169.4,56.64,-58.1,-175.3,-48.82,-38.08,-142.1,-12.21,-56.16,-224.1,-240.2,91.31,-296.9,-245.1,66.4,-216.3,-273.9,116.2,-174.8,-85.45,-81.54,-112.8,-163.6,-171.9,-206.5,261.7,127.9,262.7,204.1,3.916,-40.42,41.47,25.82,-214.4,-198.7,-41.98,-18.54,162.1,19.02,255.4,235.4,-563,0.4468,-0.07422,0.8655,0.08222,-0.6507,0.1344,0.6023,-0.5108,0.2594,0.2977,-0.5955,0.1449,-0.5201,-0.4933,-0.587,-0.7087,-0.2279,-0.583,-0.5237,-0.4914,-0.5592,0.7406,-0.1122,0.6574,0.6198,-0.03858,0.7807,0.4807,-0.6191,0.3975,0.3788,-0.6916,0.4948,-0.006714,-0.2477,0.09503,-0.6313,-0.3648,-0.4269,-0.6238,-0.433,-0.4653,-0.2018,-0.311,-0.2128
2.74,3.525,-1.823,3.461,12.11,-1.842,12.63,3.564,1.865,17.61,3.79,17.34,0.9666,3.235,-3.665,-62.1,-29.62,-1.276,-0.1825,-0.1585,0.1737,54.16,31.98,4.21,20.2,-3.45,7.228,-1.522,7.49,30.32,9.893,23.47,-22.41,-5.145,13.85,11.87,-7.909,-66.17,-14.29,-2.256,-4.272,0.6025,3.112,-4.079,4.161,3.119,31.82,2.822,4.809,-96.38,-10.87,7.887,-96.12,-9.021,7.842,-153.3,1.971,11.63,-79.09,-2.221,0.09395,-82.48,1.417,1.832,-80.82,5.666,-1.46,-79.94,-24.64,-1.845,-92.54,-1.5,3.746,-73.75,22.1,-2.257,-73.44,12.21,-1.233,-80.99,-10.26,14.05,-113.3,-108.9,-193.4,-144.1,60.55,-53.72,-155.8,-37.59,-50.79,-138.2,-38.58,-59.08,-196.3,-226.1,88.87,-282.7,-262.2,43.95,-197.3,-294.4,116.7,-132.3,-87.41,-103,-162.1,-165,-184.1,-246.6,91.3,72.27,16.62,244.6,6.342,8.352,41.93,0,-251.5,-154.8,-66.92,-24.91,85.96,-6.85,311,162.1,-668.4,0.4481,-0.07324,0.8653,0.08503,-0.6488,0.1355,0.6055,-0.5083,0.2573,0.3017,-0.5925,0.1438,-0.5194,-0.4961,-0.5865,-0.7078,-0.2308,-0.584,-0.5228,-0.4944,-0.5592,0.7416,-0.1107,0.6566,0.6195,-0.03699,0.781,0.48,-0.619,0.3959,0.3739,-0.6936,0.4987,-0.006958,-0.2487,0.0954,-0.6292,-0.3671,-0.429,-0.6276,-0.4299,-0.4622,-0.2089,-0.3088,-0.2112
2.75,3.279,-1.804,3.425,12.09,-1.991,12.53,3.696,1.779,17.74,3.832,17.49,0.4905,3.158,-3.8,-61.95,-29.56,-1.28,-0.151,-0.0328,0.1317,54.08,31.93,4.511,19.91,-3.614,7.43,-1.732,7.65,31.47,9.111,24.3,-22.73,-5.159,14.34,12.05,-8.018,-66.42,-14.14,-2.189,-4.668,0.7625,3.371,-4.451,4.452,3.381,31.54,2.9,5.319,-96.58,-11.06,8.211,-96.33,-9.296,8.166,-153.5,2.069,12.07,-79.21,-2.044,0.2647,-82.57,1.356,1.989,-80.67,5.91,-1.436,-79.78,-25.55,-1.824,-92.57,-1.582,3.814,-73.64,21.76,-2.284,-73.36,12.66,-1.016,-81.11,-10.11,14.76,-122.1,-103,-181.6,-135.3,63.48,-59.08,-145.5,-46.88,-43.95,-132.3,-53.22,-65.92,-178.2,-203.6,96.68,-268.1,-260.3,29.78,-172.4,-293.4,129.9,-126.5,-85.45,-125,-178.7,-126.5,-198.7,-252.5,-41.52,-76.18,-156.8,184.1,30.77,25.72,3.979,-81.01,-264.6,-124.5,-35.13,-39.01,58.12,-59.55,305.1,135.2,-704.1,0.4495,-0.07203,0.8651,0.08826,-0.6469,0.1369,0.6086,-0.5056,0.2553,0.3059,-0.5896,0.143,-0.5186,-0.4989,-0.5857,-0.7067,-0.2341,-0.5849,-0.5212,-0.498,-0.5589,0.7428,-0.109,0.6555,0.6192,-0.0354,0.7813,0.4799,-0.6189,0.394,0.3684,-0.6962,0.5022,-0.007507,-0.2493,0.09577,-0.6265,-0.3701,-0.4301,-0.6299,-0.4281,-0.4593,-0.2147,-0.3079,-0.209
2.76,3.082,-1.805,3.356,12.04,-2.099,12.42,3.83,1.651,17.86,3.921,17.62,0.02442,3.064,-3.921,-61.81,-29.47,-1.294,-0.1004,0.06781,0.0719,54.01,31.79,4.771,19.63,-3.74,7.57,-1.997,7.599,32.63,8.478,25.17,-23.08,-5.232,14.76,12.29,-8.078,-66.71,-13.96,-2.104,-5.088,0.9256,3.639,-4.844,4.748,3.651,31.21,2.988,5.814,-96.79,-11.22,8.517,-96.55,-9.587,8.472,-153.8,2.146,12.53,-79.36,-1.88,0.4178,-82.65,1.329,2.147,-80.46,6.149,-1.368,-79.54,-26.47,-1.87,-92.62,-1.636,3.875,-73.74,21.45,-2.326,-73.49,12.98,-0.8678,-81.36,-10.12,15.34,-109.9,-96.68,-170.4,-129.9,65.92,-55.17,-139.6,-64.44,-40.04,-126,-58.1,-66.89,-164.6,-191.9,107.9,-265.1,-252.9,22.95,-166.5,-288.6,133.3,-171.4,-83.97,-147.9,-141.1,-84.96,-198.7,-268.1,-71.76,-89.86,-291.5,-8.281,4.412,12.7,-88.45,-76.24,-231,-121.6,-7.792,-60.51,79.61,-47.87,375.4,135.7,-706.5,0.4512,-0.07056,0.8648,0.09168,-0.6449,0.1384,0.6118,-0.503,0.2533,0.3103,-0.5867,0.1425,-0.5179,-0.5017,-0.5849,-0.7054,-0.2378,-0.5856,-0.5189,-0.5021,-0.5583,0.7439,-0.1072,0.6545,0.619,-0.03388,0.7815,0.4802,-0.6181,0.3927,0.3627,-0.6992,0.5051,-0.007935,-0.2498,0.09632,-0.6232,-0.374,-0.4303,-0.6309,-0.4278,-0.4566,-0.2189,-0.3086,-0.2062
2.77,2.908,-1.8,3.286,11.95,-2.178,12.29,3.943,1.485,17.95,4.046,17.74,-0.428,2.954,-4.023,-61.65,-29.36,-1.317,-0.05444,0.1559,0.01241,53.96,31.57,4.971,19.39,-3.791,7.64,-2.315,7.396,33.73,7.996,26.07,-23.42,-5.281,15.03,12.57,-8.14,-67.01,-13.77,-2.012,-5.526,1.098,3.898,-5.257,5.031,3.912,30.85,3.081,6.282,-97,-11.36,8.794,-96.77,-9.895,8.751,-154.2,2.215,12.99,-79.5,-1.736,0.5506,-82.71,1.304,2.278,-80.19,6.326,-1.244,-79.25,-27.39,-1.939,-92.67,-1.679,3.891,-74,21.16,-2.381,-73.77,13.17,-0.7823,-81.73,-10.25,15.73,-77.14,-87.4,-176.3,-133.3,75.2,-49.81,-128.9,-78.62,-16.12,-128.4,-66.4,-54.2,-157.2,-202.6,98.15,-265.6,-251,19.53,-163.1,-272,143.6,-225.6,-67.87,-144,-85.44,-54.2,-182.6,-231.5,-41.03,-79.1,-198.2,-67.38,14.17,-37.75,-35.2,-8.3,-204.6,-149.9,-2.928,-67.34,135.7,-61.01,395,186.5,-728,0.453,-0.06903,0.8645,0.09522,-0.643,0.14,0.615,-0.5002,0.2515,0.3148,-0.5838,0.1424,-0.5172,-0.5042,-0.5841,-0.704,-0.2418,-0.5863,-0.5163,-0.5066,-0.5574,0.7449,-0.1057,0.6536,0.6189,-0.03259,0.7816,0.4808,-0.617,0.3924,0.3567,-0.7023,0.5079,-0.007996,-0.2501,0.09674,-0.6197,-0.3784,-0.4298,-0.6307,-0.4287,-0.4541,-0.2211,-0.3105,-0.2028
2.78,2.757,-1.753,3.214,11.84,-2.241,12.14,4.076,1.28,18.03,4.22,17.83,-0.8611,2.856,-4.132,-61.51,-29.26,-1.347,-0.002977,0.2174,-0.03754,53.93,31.34,5.104,19.15,-3.79,7.638,-2.465,7.087,34.79,7.685,26.96,-23.67,-5.206,15.18,12.72,-8.214,-67.31,-13.56,-1.919,-5.955,1.257,4.159,-5.659,5.322,4.176,30.48,3.187,6.728,-97.21,-11.47,9.06,-97,-10.21,9.022,-154.6,2.274,13.44,-79.62,-1.609,0.6735,-82.76,1.281,2.357,-80.07,6.436,-1.142,-79.14,-28.34,-1.91,-92.72,-1.729,3.873,-74.38,20.88,-2.455,-74.15,13.21,-0.7413,-82.2,-10.46,15.96,-39.06,-67.39,-149.4,-144.1,84.96,-45.9,-130.4,-97.17,-16.12,-139.6,-74.22,-56.64,-150.4,-181.6,86.42,-255.9,-254.4,22.46,-159.2,-266.1,155.8,-234.4,-58.6,-122.1,-52.73,-63.96,-159.2,-68.35,31.75,-94.24,-132.3,-58.6,-40.54,-38.42,32.29,45.96,-190.4,-178.3,14.64,-89.4,190.4,-32.24,375.4,279.4,-721.7,0.4548,-0.06751,0.8641,0.09864,-0.641,0.1416,0.6183,-0.4973,0.25,0.3192,-0.581,0.1424,-0.5166,-0.5066,-0.5832,-0.7024,-0.246,-0.5869,-0.5134,-0.511,-0.5565,0.7458,-0.1043,0.6528,0.6188,-0.0318,0.7817,0.4814,-0.6159,0.3927,0.3512,-0.7046,0.5116,-0.007752,-0.2506,0.09711,-0.6164,-0.3826,-0.4291,-0.6295,-0.4307,-0.4522,-0.2216,-0.3131,-0.1991
2.79,2.654,-1.694,3.221,11.73,-2.297,11.9,4.195,1.035,18.1,4.427,17.92,-1.243,2.724,-4.25,-61.35,-29.16,-1.363,0.04253,0.2878,-0.08876,53.88,31.14,5.133,18.91,-3.736,7.592,-2.531,6.713,35.76,7.555,27.78,-23.84,-5.083,15.21,12.77,-8.285,-67.62,-13.36,-1.827,-6.402,1.44,4.391,-6.08,5.623,4.411,30.11,3.303,7.168,-97.43,-11.55,9.316,-97.25,-10.53,9.283,-155,2.323,13.89,-79.67,-1.497,0.7901,-82.81,1.295,2.414,-80.05,6.474,-1.021,-79.16,-29.27,-1.801,-92.77,-1.809,3.881,-74.83,20.62,-2.526,-74.61,13.07,-0.7308,-82.74,-10.75,16.06,-15.62,-71.78,-138.2,-146,85.45,-34.18,-124.5,-106.4,-15.14,-131.8,-85.94,-67.39,-125.5,-164.6,83.5,-238.3,-254.4,0.4838,-136.7,-275.9,171.9,-214.3,-67.38,-96.68,-21.97,-115.7,-157.2,44.45,144.5,-97.67,24.38,-163.1,-55.65,-43.1,-36.57,57.18,-209.5,-193.4,36.13,-94.75,241.7,-19.02,324.7,340.4,-697.8,0.4566,-0.06592,0.8637,0.1022,-0.6392,0.1432,0.6217,-0.4943,0.2485,0.3237,-0.5782,0.1424,-0.5161,-0.5088,-0.5821,-0.7007,-0.2502,-0.5875,-0.5105,-0.5154,-0.5557,0.7465,-0.1033,0.6521,0.6189,-0.03113,0.7817,0.4819,-0.6148,0.3935,0.3462,-0.7062,0.516,-0.007752,-0.2512,0.09754,-0.6136,-0.3865,-0.4283,-0.6275,-0.4339,-0.4509,-0.2207,-0.3165,-0.1952
2.8,2.575,-1.626,3.269,11.62,-2.344,11.63,4.32,0.7638,18.14,4.648,17.98,-1.603,2.591,-4.364,-61.19,-29.06,-1.39,0.07868,0.3501,-0.1552,53.82,30.95,5.062,18.63,-3.627,7.473,-2.577,6.287,36.68,7.56,28.56,-23.96,-4.907,15.2,12.8,-8.325,-67.92,-13.15,-1.72,-6.846,1.606,4.615,-6.498,5.912,4.638,29.76,3.42,7.587,-97.63,-11.59,9.562,-97.5,-10.83,9.537,-155.4,2.381,14.34,-79.67,-1.373,0.91,-82.86,1.344,2.462,-80.05,6.446,-0.8594,-79.24,-30.22,-1.659,-92.84,-1.946,3.878,-75.34,20.36,-2.549,-75.11,12.81,-0.7628,-83.29,-11.14,16.08,-9.765,-64.45,-143.1,-121.1,100.1,-37.6,-110.4,-99.13,-29.3,-109.4,-105.5,-53.71,-97.18,-167,83.99,-206.1,-259.8,-1.463,-97.66,-286.6,173.8,-162.6,-86.92,-112.8,-29.79,-168,-162.6,15.64,186,110.8,226.5,-41.03,0.4964,-87.86,23.87,63.94,-241.2,-216.8,83.49,-115.7,294.9,-31.75,290.6,380.3,-673.8,0.4585,-0.06427,0.8633,0.1057,-0.6374,0.1449,0.6252,-0.4913,0.2474,0.328,-0.5756,0.1424,-0.5158,-0.5109,-0.5809,-0.6991,-0.2544,-0.588,-0.5077,-0.5196,-0.5549,0.7472,-0.1027,0.6512,0.6193,-0.03052,0.7814,0.4821,-0.6136,0.395,0.3413,-0.7075,0.5206,-0.00763,-0.2524,0.09809,-0.6113,-0.3905,-0.4273,-0.6247,-0.4379,-0.4502,-0.2191,-0.3208,-0.1915
2.81,2.438,-1.577,3.331,11.57,-2.411,11.38,4.447,0.4567,18.18,4.858,18.04,-1.902,2.461,-4.474,-61.01,-28.95,-1.412,0.1016,0.4238,-0.2335,53.76,30.77,4.999,18.36,-3.579,7.268,-2.488,5.893,37.65,7.688,29.33,-24.09,-4.626,15.18,12.74,-8.346,-68.21,-12.95,-1.616,-7.293,1.764,4.819,-6.917,6.196,4.845,29.4,3.543,7.997,-97.8,-11.59,9.774,-97.73,-11.14,9.759,-155.7,2.426,14.79,-79.68,-1.195,1.038,-82.93,1.391,2.537,-80.2,6.424,-0.747,-79.49,-31.22,-1.393,-92.92,-2.119,3.884,-75.82,20.09,-2.44,-75.6,12.41,-0.8042,-83.78,-11.67,16.1,-28.31,-76.17,-139.7,-91.31,97.18,-40.04,-78.13,-79.1,-11.71,-91.79,-136.2,-55.66,-62.49,-152.3,84.47,-166.5,-255.4,-13.67,-59.57,-293.9,184.6,-87.39,-96.68,-123,-94.24,-196.8,-199.2,-76.17,55.18,-4.888,185.1,26.35,-29.78,-63.81,6.886,51.8,-184.1,-188.4,107.4,-97.71,342.3,-8.784,225.6,388.2,-616.2,0.4603,-0.06269,0.8629,0.1091,-0.6357,0.1467,0.6286,-0.4883,0.2465,0.3322,-0.573,0.1425,-0.5157,-0.5126,-0.5798,-0.6974,-0.2583,-0.5886,-0.505,-0.5237,-0.5543,0.7483,-0.102,0.65,0.6196,-0.02966,0.7812,0.4823,-0.6127,0.3962,0.3365,-0.708,0.5262,-0.007569,-0.2539,0.09876,-0.6099,-0.3945,-0.4258,-0.6216,-0.4423,-0.4502,-0.2175,-0.3259,-0.1884
2.82,2.249,-1.561,3.397,11.57,-2.489,11.17,4.565,0.1132,18.21,5.065,18.08,-2.172,2.34,-4.58,-60.81,-28.81,-1.437,0.1106,0.5023,-0.3048,53.7,30.58,4.975,18.07,-3.517,7.067,-2.466,5.592,38.67,7.918,30.03,-24.24,-4.351,15.17,12.69,-8.328,-68.48,-12.76,-1.516,-7.738,1.915,5.016,-7.336,6.463,5.045,29.05,3.657,8.397,-97.93,-11.58,9.959,-97.91,-11.47,9.955,-156,2.458,15.23,-79.71,-0.9739,1.165,-83.03,1.433,2.646,-80.31,6.433,-0.5779,-79.73,-32.23,-1.129,-93,-2.367,3.904,-76.23,19.81,-2.266,-76,11.89,-0.8204,-84.18,-12.34,16.17,-36.13,-87.4,-149.9,-83.49,93.75,-44.44,-60.05,-75.68,-20.02,-70.31,-147,-69.34,-39.56,-148,83,-143.1,-251,-17.09,-35.65,-307.6,191.9,-53.73,-114.3,-145,-134.3,-189.9,-211.9,-167,86.44,-50.31,106.9,16.62,8.328,-25.39,1.53,92.23,-139.6,-164.5,140.2,-87.92,349.1,23.45,219.7,430.6,-556.1,0.4621,-0.06116,0.8625,0.1125,-0.6341,0.1485,0.632,-0.4852,0.2458,0.3364,-0.5703,0.1426,-0.5159,-0.514,-0.5787,-0.6957,-0.2619,-0.5894,-0.5023,-0.5276,-0.5539,0.7496,-0.1011,0.6485,0.62,-0.02838,0.7809,0.4826,-0.6113,0.3976,0.3316,-0.7085,0.5318,-0.007691,-0.2559,0.09937,-0.6093,-0.3983,-0.4245,-0.6185,-0.447,-0.4508,-0.2164,-0.332,-0.1862
2.83,1.999,-1.577,3.439,11.58,-2.564,11.02,4.662,-0.258,18.2,5.266,18.08,-2.404,2.223,-4.691,-60.62,-28.65,-1.463,0.1114,0.593,-0.4021,53.65,30.39,5.021,17.8,-3.43,6.914,-2.602,5.373,39.77,8.265,30.74,-24.42,-4.134,15.25,12.75,-8.271,-68.74,-12.54,-1.423,-8.175,2.063,5.195,-7.751,6.706,5.228,28.68,3.762,8.78,-98.03,-11.52,10.11,-98.07,-11.77,10.12,-156.3,2.481,15.67,-79.79,-0.727,1.28,-83.15,1.44,2.776,-80.29,6.477,-0.3421,-79.85,-33.29,-0.9125,-93.08,-2.665,3.954,-76.57,19.51,-2.087,-76.35,11.25,-0.8143,-84.5,-13.15,16.37,-33.69,-84.96,-161.1,-90.82,83.99,-47.37,-56.65,-77.64,-13.18,-70.31,-162.1,-53.71,-33.69,-125,105,-133.8,-254.4,-17.57,-23.43,-318.9,202.6,-65.91,-103,-169.4,-118.2,-154.3,-216.3,-176.3,125,-113.8,137.7,124,-20.52,-90.2,20.05,102.1,-142.6,-147.9,166.5,-69.84,374,0.9671,161.2,452.6,-542.5,0.4639,-0.05976,0.8619,0.1158,-0.6325,0.1503,0.6352,-0.4822,0.2452,0.3405,-0.5677,0.1429,-0.5163,-0.5149,-0.5777,-0.6941,-0.2648,-0.5905,-0.4997,-0.5313,-0.5536,0.7511,-0.1,0.6469,0.6201,-0.0268,0.7809,0.4829,-0.6095,0.3991,0.3258,-0.7097,0.5369,-0.008057,-0.2584,0.1001,-0.6092,-0.4015,-0.4237,-0.6153,-0.452,-0.4522,-0.2164,-0.3392,-0.1848
2.84,1.723,-1.592,3.458,11.59,-2.629,10.92,4.746,-0.6574,18.19,5.445,18.08,-2.588,2.122,-4.797,-60.42,-28.46,-1.478,0.09995,0.6792,-0.4928,53.62,30.22,5.13,17.52,-3.274,6.778,-2.742,5.284,40.98,8.659,31.43,-24.64,-3.883,15.46,12.77,-8.195,-69,-12.32,-1.332,-8.604,2.192,5.368,-8.158,6.916,5.404,28.31,3.837,9.135,-98.08,-11.43,10.23,-98.2,-12.08,10.25,-156.6,2.485,16.08,-79.92,-0.4796,1.386,-83.31,1.42,2.898,-80.29,6.554,-0.04348,-80.04,-34.43,-0.6391,-93.16,-3.038,4.031,-76.8,19.17,-1.893,-76.59,10.52,-0.8026,-84.7,-14.1,16.71,-77.64,-89.35,-193.4,-101.1,86.42,-44.93,-61.03,-77.64,1.46,-89.36,-165.5,-50.3,-47.35,-117.7,113.3,-135.7,-248.5,-21.49,-21,-324.2,199.2,-130.4,-104,-165.5,-128.9,-148.9,-223.1,-230.5,67.38,18.06,101.5,307.2,-7.335,-75.84,202.1,98.68,-160.2,-95.67,164.1,-128,395,-18.54,63.97,444.3,-510.2,0.4658,-0.05835,0.8614,0.1189,-0.631,0.1522,0.638,-0.4793,0.2448,0.3443,-0.565,0.1434,-0.5169,-0.5155,-0.5767,-0.6926,-0.2673,-0.5918,-0.4972,-0.5346,-0.5535,0.7527,-0.09864,0.6454,0.62,-0.02509,0.7811,0.4837,-0.607,0.401,0.3198,-0.7105,0.5427,-0.008667,-0.2615,0.1009,-0.6097,-0.4042,-0.4236,-0.6123,-0.4569,-0.4543,-0.2179,-0.3472,-0.1843
2.85,1.494,-1.592,3.495,11.55,-2.693,10.84,4.811,-1.07,18.14,5.628,18.03,-2.74,2.041,-4.924,-60.22,-28.25,-1.482,0.09612,0.7894,-0.5984,53.58,30.09,5.224,17.18,-3.11,6.618,-2.914,5.36,42.19,9.08,32.12,-24.96,-3.768,15.8,12.73,-8.131,-69.25,-12.1,-1.254,-9.034,2.298,5.51,-8.569,7.087,5.548,27.94,3.887,9.464,-98.1,-11.31,10.33,-98.3,-12.37,10.37,-156.8,2.476,16.48,-80.07,-0.2721,1.488,-83.5,1.406,3,-80.29,6.618,0.2477,-80.24,-35.57,-0.3944,-93.21,-3.438,4.216,-76.92,18.8,-1.642,-76.72,9.719,-0.7778,-84.81,-15.19,17.22,-120.6,-103.5,-188,-120.6,75.68,-53.23,-92.77,-101.1,14.64,-104,-164.6,-52.74,-73.73,-138.7,127.4,-156.7,-231,-11.23,-35.17,-345.2,200.7,-183.1,-110.8,-131.4,-140.1,-171.9,-224.6,-242.7,-64.95,-63.48,-90.31,253,-32.7,59.47,118.6,-5.38,-133.8,-65.43,223.1,-167.4,425.8,57.62,1355,-159.7,388.2,0.4677,-0.05707,0.8608,0.1218,-0.6297,0.1542,0.6407,-0.4764,0.2447,0.3478,-0.5624,0.1442,-0.5178,-0.5157,-0.5757,-0.6913,-0.2691,-0.5932,-0.495,-0.5375,-0.5537,0.754,-0.09711,0.6441,0.62,-0.02332,0.7812,0.485,-0.6042,0.4034,0.3139,-0.7115,0.5483,-0.01032,-0.2648,0.1015,-0.6106,-0.4068,-0.4239,-0.6095,-0.4615,-0.457,-0.2208,-0.3562,-0.1846
2.86,1.349,-1.573,3.497,11.48,-2.711,10.78,4.884,-1.493,18.05,5.803,17.95,-2.865,1.961,-5.054,-60.02,-27.98,-1.463,0.1093,0.8885,-0.697,53.52,29.99,5.289,16.77,-2.867,6.436,-3.254,5.558,43.42,9.557,32.86,-25.15,-3.841,16.02,12.83,-8.863,-69.51,-11.87,-1.166,-9.477,2.383,5.636,-8.994,7.243,5.676,27.57,3.908,9.761,-98.08,-11.17,10.42,-98.36,-12.63,10.48,-156.9,2.436,16.86,-80.25,-0.1027,1.561,-83.69,1.434,3.052,-80.13,6.693,0.5885,-80.24,-36.72,-0.2792,-93.25,-3.815,4.482,-76.91,18.41,-1.387,-76.73,8.849,-0.7081,-85.65,-16.21,17.88,-132.3,-98.63,-173.3,-121.1,74.22,-61.03,-112.8,-135.3,23.92,-128.4,-162.6,-41.5,-105.9,-153.3,137.7,-183.6,-215.8,11.23,-61.03,-359.4,203.1,-241.7,-126,-121.1,-183.1,-169.4,-184.6,-260.7,-69.81,9.268,-233.4,-52.26,35.13,100.6,-34.12,-49.34,-135.3,-62.52,275.9,-178.2,607.4,19.02,1159,-3369,206,0.4696,-0.05567,0.8602,0.1246,-0.6284,0.1564,0.643,-0.4737,0.2446,0.351,-0.5598,0.1452,-0.5189,-0.5156,-0.5747,-0.6901,-0.2702,-0.5949,-0.493,-0.5399,-0.5542,0.7551,-0.09559,0.643,0.6202,-0.02197,0.7812,0.4866,-0.6009,0.406,0.3074,-0.7132,0.553,-0.01263,-0.2679,0.1022,-0.6115,-0.4091,-0.4246,-0.6072,-0.4659,-0.4602,-0.2228,-0.3661,-0.1791
2.87,1.272,-1.557,3.411,11.39,-2.669,10.74,4.96,-1.885,17.92,5.983,17.84,-2.99,1.877,-5.192,-59.84,-27.67,-1.43,0.1361,0.9921,-0.7747,53.45,29.96,5.247,16.27,-2.565,6.257,-3.692,5.441,44.61,10.05,33.72,-24.16,-4.029,13.92,13.04,-10.1,-69.79,-11.63,-1.071,-9.915,2.453,5.744,-9.415,7.388,5.787,27.21,3.915,10.04,-98.03,-11.01,10.5,-98.38,-12.86,10.58,-156.9,2.383,17.18,-80.47,0.0532,1.584,-83.83,1.509,3.057,-79.83,6.702,0.9472,-80.09,-37.9,-0.2914,-93.33,-4.132,4.751,-77.22,17.96,-1.295,-77.06,7.915,-0.4461,-87.38,-16.07,16.39,-91.8,-96.68,-160.6,-139.7,35.16,-89.84,-119.1,-161.1,53.22,-140.6,-167.5,-30.76,-132.8,-188.5,144,-214.8,-198.2,24.41,-75.68,-365.2,189.9,-300.8,-145,-100.6,-237.3,-153.3,-180.7,-244.1,-142.1,37.61,-257.8,-16.62,97.67,51.11,-17.6,-225.6,-141.6,-25.86,274.4,-390.6,91.76,-521,3204,-882.3,-238.8,0.4717,-0.05414,0.8596,0.1273,-0.6272,0.1586,0.6454,-0.4709,0.2445,0.354,-0.5572,0.1461,-0.5203,-0.5154,-0.5738,-0.6891,-0.2706,-0.5966,-0.4915,-0.5415,-0.5551,0.7562,-0.094,0.6422,0.6208,-0.02118,0.7809,0.4884,-0.5976,0.4093,0.3003,-0.7157,0.5569,-0.01489,-0.2705,0.1033,-0.6125,-0.411,-0.4262,-0.6041,-0.4731,-0.4614,-0.2049,-0.3675,-0.1669
2.88,1.259,-1.566,3.231,11.32,-2.539,10.69,5.053,-2.207,17.78,6.154,17.7,-3.13,1.795,-5.309,-59.69,-27.33,-1.413,0.1697,1.087,-0.8593,53.37,30.04,5.07,15.66,-2.206,6.014,-3.801,4.849,45.75,10.57,34.63,-21.49,-4,10.45,13.1,-9.834,-70.1,-11.38,-0.951,-10.36,2.495,5.861,-9.837,7.522,5.906,26.87,3.922,10.32,-97.99,-10.86,10.59,-98.4,-13.03,10.68,-156.8,2.326,17.47,-80.73,0.237,1.54,-83.91,1.668,3.018,-79.81,6.66,1.277,-80.3,-39.08,-0.07485,-93.48,-4.353,4.955,-77.98,17.48,-1.336,-77.85,6.915,-0.02271,-87.99,-14.36,12.97,4.898,-73.73,-93.26,-142.1,13.67,-93.75,-100.1,-175.3,41.99,-123.1,-176.3,-1.953,-115.7,-212.9,104.5,-234.4,-206.5,46.39,-85.92,-367.2,181.6,-324.7,-129.4,-61.03,-138.2,-90.82,-45.91,-148,-125,-138.2,-492.7,-377,-113.8,60.47,0,-10.3,-85.44,14.65,291.5,-38.1,-100.1,-597.2,2321,3317,794.9,0.4739,-0.05231,0.8589,0.1297,-0.626,0.161,0.6476,-0.4681,0.2445,0.357,-0.5547,0.1471,-0.5216,-0.5152,-0.5729,-0.6886,-0.2704,-0.5982,-0.4906,-0.5425,-0.5563,0.7574,-0.09259,0.6411,0.6218,-0.02106,0.7801,0.4902,-0.5941,0.413,0.2943,-0.7166,0.5623,-0.01636,-0.2722,0.1049,-0.6142,-0.4123,-0.4284,-0.5994,-0.4834,-0.4602,-0.176,-0.3529,-0.1631
2.89,1.189,-1.523,2.956,11.36,-2.367,10.57,5.19,-2.464,17.64,6.26,17.56,-3.232,1.709,-5.372,-59.55,-26.97,-1.381,0.1731,1.166,-0.95,53.24,30.28,4.812,15.03,-1.702,5.677,-3.724,4.123,46.78,11.47,35.46,-16.54,-3.929,9.123,13.08,-8.049,-70.48,-11.14,-0.7992,-10.84,2.502,5.973,-10.29,7.663,6.021,26.52,3.916,10.58,-97.98,-10.71,10.65,-98.45,-13.13,10.75,-156.6,2.259,17.69,-80.97,0.5012,1.47,-83.88,1.841,2.903,-79.89,6.554,1.65,-80.66,-40.21,0.2065,-93.66,-4.584,5.158,-78.79,17,-1.391,-78.69,5.536,0.4104,-87,-10.84,11.1,153.8,-39.55,-28.82,-104,9.759,-84.47,-48.35,-167,32.72,-67.38,-197.3,8.297,-79.6,-246.6,43.45,-212.9,-251.5,26.37,-61.52,-378.4,160.2,-250,-85.45,-42.48,21.48,-46.86,-11.71,79.12,100.6,-88.87,-122.5,-475.6,-52.72,-60.47,-46.83,160.6,116.7,0.4726,70.79,292.4,-430.6,-608.9,-1803,822.8,240.8,0.476,-0.04999,0.8584,0.1321,-0.6247,0.1638,0.65,-0.4652,0.2447,0.3597,-0.5522,0.1481,-0.5226,-0.5151,-0.572,-0.6884,-0.2698,-0.5996,-0.4905,-0.5426,-0.5578,0.7591,-0.09144,0.6396,0.623,-0.02203,0.7791,0.492,-0.5904,0.4175,0.2891,-0.7169,0.568,-0.01776,-0.2741,0.1066,-0.6169,-0.4126,-0.4313,-0.5932,-0.4957,-0.4604,-0.1669,-0.3218,-0.1684
2.9,1.019,-1.461,2.697,11.47,-2.173,10.36,5.384,-2.631,17.45,6.319,17.39,-3.322,1.626,-5.387,-59.39,-26.63,-1.33,0.1297,1.252,-1.043,53.06,30.65,4.579,14.48,-1.16,5.211,-3.366,3.935,47.82,12.52,36.15,-12.36,-3.593,9.225,12.84,-6.968,-70.91,-10.92,-0.6308,-11.39,2.467,6.05,-10.81,7.821,6.101,26.18,3.912,10.83,-98.05,-10.58,10.69,-98.55,-13.16,10.79,-156.4,2.217,17.84,-81.17,0.81,1.389,-83.83,1.961,2.762,-80.22,6.428,2.001,-81.4,-41.37,0.783,-93.83,-4.961,5.332,-79.01,16.54,-1.169,-78.94,4.023,0.5207,-86.09,-8.209,10.76,228.5,8.786,-25.38,13.18,19.04,-91.31,32.23,-138.7,10.25,26.38,-232.4,19.53,0.9737,-236.3,3.421,-148.9,-334,0,6.353,-393.1,169.4,-101.6,1.962,-1.471,80.57,49.79,9.269,398,278.3,-97.16,460.9,-271.5,-112.8,-198.8,19.59,314,-41.01,-108.9,-277.8,771.5,-529.8,-426.8,-403.8,-2527,163.1,0.478,-0.0473,0.858,0.1345,-0.6236,0.1672,0.6525,-0.4622,0.2451,0.3624,-0.5498,0.1492,-0.5231,-0.5153,-0.5709,-0.6886,-0.2688,-0.6007,-0.4911,-0.5422,-0.5592,0.761,-0.09064,0.6377,0.6238,-0.02332,0.7785,0.4936,-0.5868,0.4221,0.2846,-0.7156,0.5754,-0.01898,-0.2772,0.1082,-0.6211,-0.4122,-0.4343,-0.5877,-0.5042,-0.4652,-0.1693,-0.2989,-0.1728
2.91,0.7908,-1.395,2.573,11.6,-1.98,10.03,5.599,-2.765,17.22,6.32,17.16,-3.414,1.559,-5.331,-59.13,-26.42,-1.29,0.01914,1.34,-1.147,52.79,31.16,4.347,14.01,-0.5867,4.371,-2.816,4.359,48.87,13.41,36.58,-8.744,-3.069,7.757,12.39,-7.095,-71.32,-10.68,-0.4513,-12.02,2.401,6.103,-11.42,7.968,6.158,25.83,3.912,11.06,-98.24,-10.43,10.69,-98.77,-13.15,10.8,-156,2.189,17.96,-81.23,1.165,1.316,-83.78,2.075,2.621,-80.75,6.309,2.363,-82.48,-42.53,1.631,-93.96,-5.566,5.532,-78.58,16.14,-0.3852,-78.55,2.739,0.1598,-85.71,-5.939,8.66,183.6,24.42,-40.05,149.9,7.332,-108.9,153.8,-106.4,-21,140.6,-271,24.42,86.41,-192.4,-41.99,-54.19,-432.1,-44.43,85.44,-406.7,144.5,132.3,112.3,70.8,38.57,50.29,174.3,444.8,399.9,-150.9,871.1,-78.11,-112.8,-201.8,42.54,469.3,380.4,-21.47,-171.9,498.5,-395.5,-336.5,-1222,-820.4,-281.3,0.4801,-0.04462,0.8574,0.137,-0.6226,0.1713,0.6549,-0.4592,0.2456,0.3651,-0.5474,0.1505,-0.5231,-0.5158,-0.5696,-0.6888,-0.2679,-0.6017,-0.492,-0.5413,-0.5607,0.763,-0.0907,0.6354,0.6245,-0.0246,0.7779,0.4946,-0.5832,0.4266,0.2805,-0.7128,0.5841,-0.02063,-0.2822,0.1094,-0.6243,-0.4154,-0.4334,-0.5837,-0.5066,-0.4739,-0.1546,-0.2782,-0.1764
2.92,0.6516,-1.317,2.613,11.79,-1.847,9.589,5.791,-2.909,17.06,6.233,16.99,-3.402,1.546,-5.235,-58.77,-26.38,-1.263,-0.1463,1.419,-1.275,52.52,31.76,4.058,13.58,0.04363,3.962,-2.279,4.851,50.01,14.01,36.68,-5.92,-2.423,5.867,11.89,-7.29,-71.67,-10.52,-0.2947,-12.71,2.321,6.166,-12.08,8.078,6.223,25.44,3.888,11.27,-98.54,-10.25,10.66,-99.09,-13.11,10.77,-155.8,2.169,18.06,-81.13,1.514,1.288,-83.72,2.282,2.505,-81.25,6.229,2.812,-83.69,-43.73,2.654,-94.05,-6.524,5.776,-78.07,15.91,0.0206,-78.05,1.897,-0.1541,-85.34,-4.01,6.225,96.19,26.37,62.98,191.4,-60.05,-120.6,267.1,-88.87,-19.05,226.1,-276.4,45.41,139.6,-132.3,-46.38,30.75,-493.2,-84.47,159.7,-435.5,158.2,391.1,139.2,120.6,134.3,-11.72,241.2,118.2,492.2,-60.56,1266,93.73,-156.7,-321.4,22.95,702.1,338.9,448.3,-59.08,-4.436,-435.5,586.4,-461,436.5,725.1,0.4816,-0.04224,0.8571,0.1398,-0.6214,0.1759,0.6573,-0.4559,0.2467,0.3678,-0.5449,0.1521,-0.5226,-0.5166,-0.5678,-0.6889,-0.2673,-0.6023,-0.493,-0.5406,-0.562,0.7648,-0.09161,0.6329,0.6259,-0.02576,0.7768,0.4947,-0.5797,0.4308,0.276,-0.7096,0.5935,-0.02283,-0.2902,0.1102,-0.6237,-0.4186,-0.4325,-0.5818,-0.5067,-0.4809,-0.1367,-0.2598,-0.1815
2.93,0.6816,-1.217,2.755,11.83,-1.738,9.106,5.91,-3.127,16.93,6.083,16.87,-3.313,1.538,-5.113,-58.34,-26.44,-1.259,-0.3824,1.497,-1.416,52.25,32.35,3.895,13.2,0.63,3.506,-1.841,4.88,51.37,14.58,36.35,-3.575,-1.709,3.572,11.34,-6.647,-72,-10.37,-0.1469,-13.44,2.26,6.237,-12.79,8.134,6.295,24.99,3.837,11.45,-98.91,-10.02,10.59,-99.51,-13.09,10.7,-155.5,2.178,18.18,-80.96,1.69,1.31,-83.69,2.49,2.411,-81.68,6.28,3.258,-84.9,-45,3.765,-94.09,-8.005,6.07,-78.05,15.7,0.367,-78.14,1.127,0.3313,-84.82,-2.394,4.184,126,38.58,144.5,174.3,-122.6,-92.28,332.5,-106.9,-36.13,274.4,-272.9,53.71,218.3,-55.66,-30.76,97.17,-502.9,-108.4,230.5,-462.4,177.2,584,108.4,18.06,243.2,50.79,323.7,34.18,589.4,8.792,1583,220.2,-143.6,-439,168,887.7,346.2,-15.12,-204.6,-151.8,-659.7,684.6,-162,-816,327.2,0.483,-0.03998,0.8568,0.1431,-0.62,0.1808,0.6594,-0.4524,0.2482,0.3704,-0.5423,0.1543,-0.5219,-0.5174,-0.5656,-0.6886,-0.2672,-0.6029,-0.4936,-0.5403,-0.5628,0.7657,-0.09266,0.6316,0.6273,-0.02661,0.7757,0.495,-0.576,0.4341,0.2704,-0.7064,0.603,-0.02582,-0.3024,0.1104,-0.6271,-0.4187,-0.433,-0.5808,-0.5122,-0.481,-0.1221,-0.2441,-0.1881
2.94,0.8954,-1.088,2.803,11.59,-1.623,8.629,6.015,-3.422,16.77,5.872,16.71,-3.13,1.548,-4.978,-57.82,-26.52,-1.235,-0.6779,1.599,-1.615,51.91,32.83,4.036,12.88,1.218,3.092,-1.407,4.971,53.07,15.22,35.53,-1.287,-0.9699,0.0814,10.76,-6.355,-72.34,-10.23,-0.02888,-14.28,2.194,6.262,-13.62,8.173,6.321,24.49,3.77,11.61,-99.32,-9.727,10.44,-99.95,-13.09,10.57,-155.5,2.206,18.32,-80.82,1.575,1.344,-83.59,2.586,2.31,-82.01,6.531,3.703,-86.12,-46.41,4.946,-94.11,-10.13,6.446,-77.9,15.46,0.6772,-78.17,0.2421,1.324,-84.55,-0.8927,1.513,344.7,23.92,232.4,239.8,-169.4,-56.65,365.2,-126.9,-52.74,278.3,-298.3,59.08,328.1,2.448,-51.27,166.5,-470.7,-150.4,313.5,-452.1,168,673.8,63.48,-26.85,328.1,150.9,540,74.7,666.5,-14.16,1901,408.7,-168,-643.1,-4.897,931.2,578.6,-713.9,-215.3,1131,-1326,-581,-1224,1502,1818,0.4842,-0.03784,0.8566,0.1469,-0.6189,0.1863,0.6616,-0.4487,0.2501,0.3731,-0.5395,0.157,-0.5212,-0.5178,-0.5632,-0.688,-0.2677,-0.6032,-0.4937,-0.5407,-0.5632,0.7649,-0.09339,0.6323,0.6279,-0.02789,0.7751,0.4956,-0.5721,0.4359,0.2636,-0.7035,0.6126,-0.02979,-0.3198,0.1101,-0.6308,-0.4178,-0.4347,-0.582,-0.5196,-0.4791,-0.1015,-0.229,-0.1942
2.95,1.436,-0.9086,2.628,11.1,-1.457,8.286,6.065,-3.781,16.63,5.56,16.57,-2.764,1.511,-4.831,-57.17,-26.62,-1.2,-1.02,1.753,-1.86,51.47,33.2,4.425,12.74,1.875,2.39,-0.9291,4.627,55.14,16.08,34.09,-0.2393,0.1137,-0.9295,10.15,-5.893,-72.71,-10.19,0.08132,-15.28,2.152,6.196,-14.62,8.182,6.256,23.93,3.704,11.74,-99.73,-9.362,10.23,-100.4,-13.08,10.37,-155.5,2.27,18.46,-80.84,1.122,1.365,-83.42,2.659,2.155,-82.32,7.013,4.159,-87.5,-47.94,6.339,-94.24,-12.99,6.688,-78.13,15.35,1.116,-78.49,-0.7244,1.414,-84.39,-0.8138,0.5764,723.6,56.15,347.2,394.5,-227.5,-37.6,416.5,-139.2,-119.1,346.7,-346.2,108.9,475.1,10.74,-103,293,-442.4,-204.1,471.2,-390.1,164.1,774.4,118.6,150.9,488.8,366.2,587.9,153.3,640.6,-23.93,2052,606.9,-303.2,-608.4,464.4,1017,1488,-1383,197.8,3145,-1033,1207,908.8,1403,932.1,0.4848,-0.03559,0.8569,0.1515,-0.6181,0.1926,0.6639,-0.4444,0.2529,0.3759,-0.5367,0.1602,-0.5207,-0.5178,-0.5606,-0.6872,-0.2682,-0.6033,-0.4933,-0.5419,-0.5629,0.7624,-0.09302,0.6354,0.6283,-0.02991,0.7747,0.4966,-0.5677,0.4362,0.2557,-0.7002,0.623,-0.03253,-0.3433,0.1101,-0.6322,-0.4206,-0.4322,-0.5776,-0.5257,-0.4814,-0.094,-0.2273,-0.1973
2.96,2.184,-0.663,2.14,10.5,-1.212,8.244,6.109,-4.214,16.54,5.121,16.48,-2.212,1.417,-4.623,-56.34,-26.76,-1.175,-1.379,1.871,-2.126,50.92,33.52,5.05,12.82,2.606,1.522,-0.4982,3.148,57.54,17.26,32.02,1.22,1.028,-1.219,9.472,-4.579,-73.06,-10.22,0.2207,-16.43,2.136,6.09,-15.78,8.211,6.149,23.32,3.672,11.82,-100.2,-8.911,9.955,-100.9,-13.06,10.1,-155.7,2.314,18.56,-81.15,0.4788,1.355,-83.23,2.736,1.918,-82.56,7.744,4.607,-88.95,-49.52,7.822,-94.45,-16.57,7.199,-79.52,15.5,1.342,-79.95,-1.751,1.471,-84.49,-0.4118,0.2895,978.5,118.7,207.5,638.2,-252.4,-49.32,556.7,-105.5,-198.2,542,-381.8,134.8,657.7,-7.812,-167,510.3,-449.7,-259.8,675.3,-290.5,129.9,846.7,363.8,425.8,575.7,660.6,541.5,370.1,606.9,84.97,1907,891.6,-429.2,-522.8,651.9,1063,1702,-1671,-126.9,2343,-390.2,627,-710.4,133.8,533.7,0.4847,-0.03314,0.8574,0.1571,-0.6174,0.1996,0.6667,-0.4395,0.2562,0.3789,-0.5342,0.1639,-0.5202,-0.5174,-0.5576,-0.6864,-0.2688,-0.6033,-0.4925,-0.5432,-0.5624,0.7591,-0.09089,0.6399,0.6287,-0.03265,0.7742,0.4985,-0.5625,0.4352,0.2471,-0.697,0.6334,-0.03754,-0.3723,0.1104,-0.6325,-0.4246,-0.4269,-0.5675,-0.5374,-0.4801,-0.09174,-0.2238,-0.1967
2.97,2.877,-0.437,1.608,10.17,-0.8756,8.344,6.066,-4.721,16.55,4.601,16.51,-1.507,1.259,-4.349,-55.28,-27.13,-1.163,-1.754,1.918,-2.432,50.34,33.9,5.868,13.06,3.304,1.22,-0.3177,1.546,60.3,18.82,29.44,2.159,1.405,-1.31,8.948,-3.172,-73.27,-10.33,0.3843,-17.68,2.2,5.994,-17.04,8.232,6.052,22.64,3.64,11.83,-100.7,-8.367,9.632,-101.5,-13.02,9.783,-155.8,2.334,18.67,-81.47,0.0274,1.249,-83.01,2.95,1.605,-82.52,8.788,4.975,-90.09,-51.15,9.092,-94.8,-20.72,8.199,-81.02,15.98,0.8911,-81.44,-2.829,1.656,-84.55,-0.5793,0.379,709.5,162.1,110.3,920.4,-201.7,-75.68,791,-10.73,-258.3,831.5,-391.6,27.84,808.1,-50.29,-193.4,722.2,-480.5,-368.7,923.8,-241.2,39.55,994.2,690.9,484.9,568.4,710.9,450.2,776.4,603,0,1662,770.5,-459,-676.2,715.8,945.3,800.3,-596.2,387.7,479.5,331.5,362.3,135.3,333,215.8,0.4841,-0.03107,0.8579,0.1639,-0.6163,0.207,0.6699,-0.4342,0.2605,0.3819,-0.5317,0.1683,-0.5198,-0.5169,-0.5539,-0.6856,-0.2692,-0.6033,-0.4915,-0.5445,-0.5619,0.7568,-0.0893,0.6431,0.63,-0.03613,0.773,0.5022,-0.5565,0.4319,0.2374,-0.6953,0.6421,-0.04639,-0.4052,0.1111,-0.6306,-0.4251,-0.4231,-0.5574,-0.5498,-0.4784,-0.09223,-0.2253,-0.1962
2.98,3.546,-0.2142,1.552,10.26,-0.4023,8.125,5.839,-5.356,16.83,4.065,16.8,-0.5688,0.9921,-4.025,-54.02,-27.72,-1.133,-2.122,1.911,-2.721,49.74,34.4,6.673,13.27,4.079,0.8366,-0.6019,0.2473,63.21,20.6,26.3,3.191,1.277,-1.341,8.781,-1.96,-73.38,-10.59,0.5686,-19.01,2.414,5.924,-18.4,8.221,5.98,21.87,3.543,11.78,-101.3,-7.74,9.271,-102.2,-13.02,9.43,-156,2.26,18.77,-81.37,-0.1918,0.9917,-82.86,3.385,1.116,-82.12,10,5.317,-90.64,-52.78,9.862,-95.43,-25.4,9.638,-82.33,16.65,0.4003,-82.74,-3.938,1.903,-84.6,-0.6818,0.5823,254.9,155.8,200.7,885.2,-99.12,-38.58,1064,102.5,-345.7,992.2,-413.1,-4.391,809.6,-133.3,-194.8,847.2,-466.3,-335,1045,-302.3,-69.83,799.8,584.5,381.3,670.4,287.1,245.1,945.8,583.5,-32.72,1304,580.6,-505.3,-385.2,944.3,809.6,427.7,758.3,287.1,-165.5,803.8,179.7,-145.6,343.2,113.3,0.4823,-0.02918,0.8589,0.173,-0.6147,0.2149,0.6735,-0.4284,0.266,0.3848,-0.529,0.1738,-0.5193,-0.5165,-0.5495,-0.6843,-0.2698,-0.6036,-0.49,-0.5456,-0.5619,0.7554,-0.09137,0.6446,0.6328,-0.04053,0.7707,0.5067,-0.5503,0.427,0.2271,-0.6958,0.6482,-0.05786,-0.4418,0.1128,-0.6274,-0.4256,-0.4177,-0.5481,-0.5614,-0.4771,-0.09375,-0.2264,-0.1954
2.99,3.866,-0.05923,2.06,10.8,0.2,7.522,5.299,-6.104,17.25,3.739,17.24,0.4991,0.5894,-3.706,-52.67,-28.45,-1.007,-2.363,1.974,-2.981,49.09,35,7.483,13.35,4.985,0.2597,-1.225,-0.5804,66.03,22.15,22.89,4.006,0.5253,-1.234,8.814,-0.9517,-73.48,-10.91,0.7505,-20.42,2.793,5.831,-19.88,8.064,5.882,21.01,3.254,11.7,-102,-7.039,8.881,-103,-13.07,9.05,-156.2,1.997,18.84,-80.88,-0.03538,0.5499,-82.9,3.85,0.472,-81.59,11.21,5.709,-90.96,-54.34,10.32,-96.4,-30.21,11.75,-83.39,17.2,0.05339,-83.84,-4.925,2.259,-84.63,-0.8848,1.033,35.66,102.5,294.4,734.9,5.37,81.05,1056,125.5,-232.9,971.7,-392.1,-59.57,643.1,-199.7,-133.8,708.5,-358.9,-233.9,989.8,-341.8,-97.67,526.8,258.3,272.9,526.9,-144.5,1.963,741.2,342.8,-38.56,892.6,490.2,-350.6,-249.9,741.3,585.5,379.9,1447,-32.21,-453.6,1120,-343.8,194.8,-146.5,-44.47,0.4799,-0.02735,0.8602,0.1842,-0.6127,0.2229,0.6767,-0.4224,0.2735,0.3868,-0.5255,0.1806,-0.5185,-0.5162,-0.5444,-0.6825,-0.2702,-0.6043,-0.4872,-0.5462,-0.5628,0.7558,-0.09717,0.6433,0.6357,-0.04499,0.7683,0.5105,-0.5444,0.4216,0.2175,-0.6973,0.6526,-0.07331,-0.4786,0.1153,-0.6261,-0.4253,-0.4134,-0.5405,-0.5716,-0.4756,-0.09729,-0.2285,-0.1944
3,3.629,-0.03984,2.62,11.68,0.8595,6.857,4.584,-6.891,17.57,3.783,17.57,1.524,0.05816,-3.465,-51.35,-29.22,-0.6682,-2.392,2.159,-3.199,48.42,35.72,8.488,13.41,5.8,-0.3026,-1.829,-0.8555,68.71,23.27,19.34,4.693,-0.2803,-1.129,8.983,-0.4211,-73.64,-11.18,0.9461,-21.89,3.213,5.61,-21.44,7.775,5.653,20.07,2.742,11.54,-102.9,-6.29,8.555,-103.9,-13.1,8.733,-156.5,1.558,18.89,-80.39,0.511,0.02491,-83.02,4.139,-0.1249,-81.17,12.44,6.077,-91.35,-55.73,10.72,-97.83,-34.95,14.15,-83.95,17.55,-0.09853,-84.43,-5.704,2.47,-84.65,-0.9971,1.337,114.7,68.85,285.6,529.3,34.66,265.6,772,110.8,-124,811.5,-362.8,-124.5,480.5,-182.6,-55.18,477.5,-196.3,-147,766.1,-399.4,-71.29,377.9,-169.4,62.99,302.7,-405.8,29.29,604,57.12,-3.428,549.3,298.3,-272.4,95.21,462.4,357.8,216.8,1884,-259.3,-870.6,1152,-456.5,-80.58,-375.9,-109.9,0.4781,-0.02515,0.8613,0.1961,-0.6113,0.2309,0.6794,-0.4165,0.2827,0.3877,-0.5213,0.1889,-0.5178,-0.5166,-0.5382,-0.6805,-0.2703,-0.6051,-0.4834,-0.5463,-0.5646,0.7583,-0.1035,0.6394,0.6375,-0.04865,0.7669,0.5141,-0.5387,0.4159,0.2095,-0.6985,0.6565,-0.08845,-0.5143,0.119,-0.6277,-0.4233,-0.4119,-0.5355,-0.5781,-0.4757,-0.09974,-0.2297,-0.1938
3.01,3.272,-0.05957,2.901,12.5,1.519,6.399,3.86,-7.539,17.75,4.069,17.74,2.458,-0.6209,-3.247,-50.24,-30.06,-0.09792,-2.25,2.391,-3.396,47.92,36.63,9.645,13.38,6.425,-0.7118,-2.292,-0.3943,71.23,24.05,15.71,5.191,-1.338,-1.063,9.41,-0.6425,-73.91,-11.42,1.22,-23.26,3.573,5.245,-22.9,7.417,5.279,19.01,2.083,11.27,-103.9,-5.541,8.337,-105,-13,8.518,-156.8,1.075,18.86,-80.21,1.04,-0.4083,-83.14,4.289,-0.568,-80.89,13.69,6.402,-91.88,-56.95,11.17,-99.97,-39.49,17.32,-83.69,17.67,-0.008068,-84.23,-6.349,2.546,-84.64,-1.135,1.48,255.4,80.08,273.4,434.6,22.46,338.9,482.4,20.99,28.32,557.6,-302.2,-117.7,355.5,-135.3,-66.41,316.4,-83.99,-81.05,483.9,-411.1,-5.369,190.4,-455.1,-201.2,164.1,-359.4,90.81,592.3,-237.8,-58.12,157.2,128.4,-242.7,279.6,759.8,655.3,88.36,1536,-531.7,-796.4,1115,-195.3,40.59,-286.1,-29.79,0.4765,-0.02203,0.8623,0.2067,-0.611,0.2381,0.682,-0.4106,0.2927,0.3878,-0.5168,0.199,-0.5166,-0.5182,-0.531,-0.6791,-0.2696,-0.6054,-0.4796,-0.5459,-0.5664,0.7609,-0.1073,0.6359,0.6384,-0.05115,0.7663,0.5177,-0.533,0.41,0.203,-0.699,0.6603,-0.1056,-0.5479,0.1248,-0.6294,-0.4217,-0.4119,-0.5344,-0.5798,-0.4787,-0.1008,-0.231,-0.1937
3.02,3.103,-0.008301,2.842,13.06,2.082,6.167,3.288,-7.986,17.85,4.48,17.81,3.301,-1.313,-3.036,-49.56,-31.01,0.5571,-2.034,2.517,-3.571,47.85,37.81,10.79,13.03,6.898,-0.9364,-2.526,0.5381,73.6,24.33,12.24,5.542,-2.778,-1.162,9.772,-1.426,-74.28,-11.65,1.568,-24.29,3.784,4.871,-24.01,7.06,4.897,17.87,1.417,10.87,-105.1,-4.813,8.216,-106.3,-12.72,8.394,-157,0.6397,18.71,-80.32,1.356,-0.6479,-83.21,4.422,-0.8621,-80.78,14.93,6.683,-92.55,-58.03,11.65,-102.4,-43.67,21.1,-82.85,17.45,0.2046,-83.44,-6.862,2.614,-84.62,-1.261,1.466,310.5,154.3,252.4,305.7,-16.61,346.7,308.1,0.9809,153.3,372.6,-261.7,-140.1,274.4,-92.78,-83,210.9,-52.74,-24.9,377.4,-396.5,-19.04,74.72,-452.6,-240.7,208.5,-140.1,122.5,604.5,-435.5,-69.83,-215.8,36.64,-91.33,1213,146.9,-44.42,71.77,739.7,-491.7,-271.5,929.7,-383.3,91.76,-23.92,-106.5,0.475,-0.01807,0.8633,0.2143,-0.6113,0.2437,0.6849,-0.4049,0.3025,0.3877,-0.5127,0.2102,-0.5147,-0.5213,-0.5228,-0.6786,-0.2681,-0.605,-0.4769,-0.5446,-0.568,0.7627,-0.108,0.6339,0.6392,-0.05292,0.7656,0.5218,-0.5269,0.4044,0.1981,-0.6989,0.664,-0.1249,-0.5785,0.1293,-0.6293,-0.422,-0.4137,-0.5367,-0.5783,-0.4831,-0.1006,-0.2321,-0.194
3.03,2.996,0.1907,2.684,13.51,2.486,5.944,2.904,-8.225,17.9,4.929,17.81,4.061,-1.891,-2.802,-49.38,-32,1.156,-1.814,2.485,-3.698,48.35,39.19,11.87,12.35,7.321,-1.074,-2.647,1.464,75.8,24.12,9.633,5.793,-4.283,-1.266,10.19,-2.286,-74.72,-11.86,1.936,-24.87,3.813,4.571,-24.64,6.708,4.593,16.67,0.8353,10.36,-106.4,-4.141,8.111,-107.6,-12.28,8.28,-157.2,0.2688,18.4,-80.5,1.588,-0.6991,-83.23,4.537,-1.106,-80.73,16.1,6.938,-93.31,-58.99,12.18,-105,-46.85,24.96,-81.95,16.88,0.3658,-82.58,-7.221,2.643,-84.6,-1.328,1.412,222.2,214.4,244.6,179.7,-129.9,303.2,217.8,47.36,249,238.8,-209,-145.5,241.7,-83.49,-131.8,148.9,-100.6,-6.84,366.7,-378.9,-80.57,62.01,-292,-126,314.9,20.5,100.1,611.3,-496.6,-94.71,-498.1,-181.6,43.46,540.5,7.345,50.72,65.92,15.12,-374.5,132.9,544.4,-68.34,78.67,58.56,-60.57,0.4736,-0.01367,0.8643,0.2182,-0.6121,0.2474,0.6877,-0.3995,0.3118,0.3879,-0.5093,0.2221,-0.5119,-0.525,-0.5143,-0.679,-0.2662,-0.6037,-0.4755,-0.5423,-0.5692,0.7641,-0.1072,0.6324,0.6399,-0.05457,0.765,0.5266,-0.5205,0.3997,0.1939,-0.6986,0.6675,-0.1431,-0.6016,0.1333,-0.6289,-0.4227,-0.4181,-0.5398,-0.5757,-0.4872,-0.1002,-0.2326,-0.1943
3.04,2.726,0.4742,2.657,14.01,2.726,5.549,2.691,-8.25,17.87,5.364,17.74,4.736,-2.305,-2.531,-49.51,-33.04,1.623,-1.624,2.366,-3.752,49.19,40.72,12.92,11.52,7.693,-1.312,-2.599,2.415,77.82,23.63,7.613,6.023,-5.549,-1.345,10.4,-3.2,-75.2,-12.04,2.264,-25.2,3.692,4.327,-24.99,6.375,4.344,15.43,0.3974,9.808,-107.9,-3.56,7.958,-109.1,-11.73,8.113,-157.2,-0.05292,17.89,-80.53,1.917,-0.6288,-83.23,4.587,-1.319,-80.84,17.2,7.12,-94.31,-59.85,12.91,-107.3,-49.37,28.45,-80.99,16.09,0.6406,-81.67,-7.514,2.649,-84.59,-1.35,1.361,126.9,260.3,242.2,93.76,-204.1,293.5,145,112.8,336.9,116.2,-158.7,-162.6,227.6,-82.52,-173.8,137.2,-192.4,-13.67,335.9,-383.3,-107.4,151.4,-90.82,-21.49,339.3,91.3,82.03,551.7,-454.6,-120.1,-718.8,-340.8,139.6,139.6,-64.88,122.5,58.1,-613.3,-386.7,367.6,-4.897,-107.4,80.14,48.35,-41.96,0.4724,-0.0094,0.8654,0.2197,-0.6131,0.2503,0.6904,-0.3947,0.3204,0.3889,-0.5066,0.2339,-0.508,-0.5293,-0.5058,-0.6799,-0.2644,-0.6015,-0.4754,-0.5387,-0.57,0.766,-0.1068,0.6302,0.6401,-0.05609,0.7648,0.5321,-0.5141,0.3957,0.1906,-0.6974,0.6714,-0.1582,-0.62,0.1359,-0.6282,-0.4251,-0.4228,-0.5433,-0.5725,-0.4913,-0.09974,-0.2327,-0.1945
3.05,2.301,0.7169,2.77,14.53,2.893,5.026,2.602,-8.106,17.73,5.751,17.56,5.314,-2.594,-2.209,-49.81,-34.2,1.945,-1.499,2.181,-3.754,50.24,42.36,13.98,10.81,7.955,-1.615,-2.421,3.05,79.68,23.09,6.103,6.246,-6.588,-1.396,10.5,-3.807,-75.66,-12.17,2.529,-25.34,3.482,4.091,-25.15,6.077,4.107,14.21,0.1336,9.214,-109.4,-3.066,7.725,-110.5,-11.1,7.861,-157.2,-0.3152,17.21,-80.41,2.32,-0.5463,-83.22,4.554,-1.487,-81.07,18.24,7.191,-95.28,-60.61,13.56,-109.4,-51.35,31.37,-80.35,15.33,0.9141,-81.06,-7.743,2.624,-84.58,-1.328,1.299,92.78,268.6,207,37.11,-226.1,323.2,97.18,189.4,376,35.17,-95.21,-119.1,244.6,-48.82,-214.8,147,-300.3,-42.48,312.5,-368.7,-94.24,275.4,67.87,-1.962,300.8,130.9,85.93,465.8,-305.6,-84.46,-766.1,-397.9,57.14,-190.4,-242.2,123.6,-8.764,-718.7,-376.9,248.1,-356.9,-238.3,54.26,-10.73,4.384,0.4716,-0.005677,0.8662,0.2196,-0.6144,0.2526,0.6923,-0.3912,0.3279,0.3906,-0.5049,0.2452,-0.5029,-0.5337,-0.4975,-0.6811,-0.2634,-0.5981,-0.4762,-0.5343,-0.5702,0.7682,-0.1072,0.6274,0.6398,-0.05732,0.765,0.5383,-0.5076,0.3921,0.1881,-0.6963,0.6748,-0.1694,-0.6346,0.1376,-0.6255,-0.43,-0.4254,-0.5454,-0.5704,-0.4943,-0.09925,-0.2324,-0.1947
3.06,1.901,0.8178,2.936,14.96,3.022,4.521,2.568,-7.826,17.47,6.095,17.27,5.808,-2.763,-1.858,-50.18,-35.52,2.074,-1.515,2.054,-3.729,51.37,43.97,15,10.39,8.07,-1.897,-2.225,3.145,81.28,22.74,4.863,6.435,-7.201,-1.485,10.77,-3.881,-76.03,-12.27,2.698,-25.33,3.208,3.813,-25.16,5.77,3.826,13.09,0.07423,8.635,-111.1,-2.674,7.413,-112.1,-10.43,7.53,-157.2,-0.4376,16.42,-80.24,2.656,-0.5099,-83.22,4.483,-1.562,-81.3,19.21,7.195,-95.85,-61.21,13.72,-111.4,-52.9,33.58,-80.25,14.83,1.121,-80.99,-7.885,2.636,-84.58,-1.277,1.221,106.4,244.1,138.7,41.5,-211.4,301.3,84.96,258.8,385.7,-17.59,-63.96,-53.71,282.7,34.18,-245.6,213.9,-357.4,-85.45,335,-397.4,-51.76,345.2,198.7,-38.58,262.7,167.5,100.6,393.5,-126,-51.77,-577.1,-423.3,-113.8,-663.5,-262.1,166.9,-75.19,-406.3,-336.9,48.34,-405.2,-229.5,67.35,-6.334,10.29,0.4709,-0.002991,0.867,0.2181,-0.6164,0.2541,0.6932,-0.3893,0.3343,0.3931,-0.5041,0.255,-0.4965,-0.5384,-0.4893,-0.6823,-0.2636,-0.5937,-0.4779,-0.5301,-0.5692,0.7699,-0.1082,0.625,0.6393,-0.05786,0.7654,0.5451,-0.5013,0.3888,0.1871,-0.6963,0.6765,-0.1752,-0.6464,0.1404,-0.6219,-0.4357,-0.425,-0.5452,-0.5707,-0.495,-0.09864,-0.2319,-0.1948
3.07,1.674,0.7892,3.046,15.2,3.144,4.136,2.592,-7.463,17.14,6.426,16.93,6.258,-2.824,-1.47,-50.56,-36.97,2.021,-1.69,1.94,-3.701,52.41,45.46,15.98,10.2,8.05,-2.104,-2.052,2.691,82.52,22.52,3.685,6.572,-6.966,-1.64,11.24,-3.417,-76.3,-12.37,2.8,-25.24,2.877,3.516,-25.08,5.464,3.528,12.17,0.1812,8.059,-112.8,-2.372,7.034,-113.7,-9.779,7.132,-157.4,-0.3919,15.61,-80.11,2.805,-0.5199,-83.19,4.403,-1.547,-81.47,20.14,7.157,-96.18,-61.54,13.76,-113.4,-54.02,35.03,-80.69,14.56,1.209,-81.46,-7.938,2.69,-84.56,-1.212,1.102,82.03,180.2,73.24,88.37,-172.9,215.8,106.4,279.8,358.4,-12.69,11.24,-3.42,339.8,141.1,-261.7,300.3,-345.2,-138.7,423.8,-441.4,-54.68,314,258.8,-106.5,222.7,197.3,35.64,349.6,113.3,63.96,-418,-433.6,-170.9,-309.7,-250,337.9,-17.58,-48.34,-124,-108.9,-225.6,-67.37,86.91,50.29,-30.24,0.4702,-0.00116,0.8676,0.2157,-0.6187,0.2553,0.6927,-0.3892,0.3392,0.3956,-0.5046,0.2629,-0.4892,-0.543,-0.4814,-0.6831,-0.2647,-0.5883,-0.4799,-0.5267,-0.5666,0.7705,-0.1092,0.6239,0.6388,-0.05786,0.7658,0.5518,-0.4955,0.3854,0.187,-0.6963,0.6773,-0.1743,-0.6559,0.1459,-0.6177,-0.4416,-0.4226,-0.5429,-0.5733,-0.4934,-0.09772,-0.2313,-0.1951
3.08,1.531,0.686,3.103,15.33,3.229,3.904,2.665,-7.051,16.76,6.767,16.55,6.688,-2.766,-1.04,-50.86,-38.45,1.752,-1.941,1.809,-3.686,53.22,46.64,16.94,10.13,7.918,-2.233,-1.898,1.866,83.47,22.38,2.925,6.754,-6.146,-1.868,11.82,-2.594,-76.47,-12.46,2.863,-25.11,2.471,3.235,-24.96,5.131,3.245,11.55,0.434,7.473,-114.5,-2.155,6.6,-115.3,-9.159,6.681,-157.8,-0.2362,14.8,-80.04,2.837,-0.5309,-83.17,4.295,-1.453,-81.61,21.01,7.091,-96.51,-61.6,13.97,-115.2,-54.42,35.75,-81.51,14.39,1.216,-82.3,-7.968,2.829,-84.56,-1.094,0.9868,14.15,124.5,21,87.89,-130.9,104,121.6,240.7,282.7,0.9658,55.18,56.64,311,244.6,-221.7,359.4,-251.5,-164.1,523.9,-463.4,-101.1,246.6,238.3,-107.9,127,207,21.48,311,173.8,105.5,-459,-392.6,-106.4,-419.3,506.8,771,-25.41,355.5,19.55,-141.6,-114.3,203.2,-85.44,38.14,-55.2,0.4695,0,0.8681,0.2126,-0.621,0.2567,0.691,-0.3906,0.3429,0.3977,-0.5067,0.2684,-0.4814,-0.5472,-0.4742,-0.6834,-0.2666,-0.5821,-0.4814,-0.5247,-0.5625,0.7707,-0.1097,0.6237,0.6381,-0.05725,0.7664,0.5575,-0.4906,0.3816,0.1873,-0.6957,0.6782,-0.1695,-0.6608,0.1538,-0.6134,-0.4474,-0.4194,-0.5392,-0.5778,-0.4901,-0.09687,-0.2302,-0.1953
3.09,1.462,0.5973,3.054,15.36,3.253,3.791,2.751,-6.667,16.37,7.157,16.18,7.131,-2.627,-0.6242,-51.11,-39.83,1.34,-2.121,1.612,-3.626,53.67,47.39,17.94,10.09,7.754,-2.316,-1.541,1.022,84.25,22.27,3.004,6.92,-5.181,-2.094,11.92,-1.784,-76.6,-12.55,2.925,-24.99,2.016,3.004,-24.84,4.764,3.013,11.3,0.7257,6.855,-116,-1.947,6.153,-116.7,-8.575,6.219,-158.5,-0.07402,13.98,-80.04,2.785,-0.484,-83.12,4.184,-1.307,-81.91,21.94,6.966,-97.18,-61.41,14.53,-115.7,-54.04,35.16,-82.3,14.25,1.23,-83.12,-8,2.983,-84.54,-0.9971,0.8927,-36.61,101.6,0.4932,50.29,-87.4,20.02,127.9,179.7,209,45.89,86.91,72.75,280.3,354,-111.8,327.1,-149.4,-163.6,554.7,-419.4,-143.1,152.3,149.9,-110.8,61.52,131.8,92.78,152.3,87.41,127.4,-594.8,-85.45,-127.5,267.9,1132,709.5,-0.9922,478,57.61,-100.5,-63.47,16.6,-132.3,-33.22,79.63,0.4688,9.77E-04,0.8686,0.2092,-0.623,0.2586,0.688,-0.3935,0.3456,0.3983,-0.5103,0.2715,-0.4743,-0.5506,-0.4674,-0.6835,-0.2689,-0.575,-0.4816,-0.5239,-0.5571,0.7704,-0.1094,0.624,0.6374,-0.05646,0.767,0.5619,-0.4864,0.377,0.189,-0.6935,0.6799,-0.1622,-0.6593,0.1599,-0.6101,-0.4522,-0.4167,-0.5356,-0.5822,-0.4868,-0.0962,-0.2293,-0.1955
3.1,1.556,0.5368,2.919,15.25,3.237,3.761,2.83,-6.35,15.96,7.625,15.79,7.62,-2.436,-0.2701,-51.34,-41.02,0.8504,-2.149,1.371,-3.459,53.71,47.7,18.94,9.984,7.554,-2.345,-0.9549,0.3573,84.79,22.13,3.726,7.02,-4.482,-2.306,11.19,-1.145,-76.73,-12.64,2.984,-24.88,1.526,2.796,-24.74,4.353,2.803,11.42,1.007,6.203,-117.3,-1.705,5.704,-117.9,-8.024,5.758,-159.5,0.008054,13.09,-80.13,2.589,-0.3975,-83.08,4.092,-1.146,-82.45,22.92,6.715,-98.12,-60.9,15.33,-114.6,-53.18,33.36,-82.91,14.07,1.256,-83.76,-8.042,3.149,-84.52,-0.9695,0.8332,-26.37,107.4,26.37,4.877,-55.18,-24.42,90.81,112.8,159.2,41.5,80.56,89.84,247.1,431.2,-27.84,285.2,-21.49,-153.8,517.1,-314,-194.8,83.5,99.11,-106,-4.89,116.7,122.1,125,38.07,167.5,-685.5,409.7,-97.67,121.9,1381,546.4,16.1,410.7,49.3,44.47,13.15,-13.7,-96.61,-130.8,41.51,0.4682,0.001953,0.8691,0.2058,-0.6247,0.2608,0.6842,-0.3971,0.3478,0.3969,-0.5155,0.2724,-0.4683,-0.5531,-0.4613,-0.6835,-0.2713,-0.5674,-0.4803,-0.5236,-0.5509,0.7694,-0.1083,0.6254,0.6368,-0.05554,0.7674,0.5649,-0.483,0.3715,0.1925,-0.6898,0.6822,-0.1547,-0.6529,0.1603,-0.6077,-0.456,-0.415,-0.5329,-0.5859,-0.4841,-0.09577,-0.229,-0.1958
3.11,1.87,0.496,2.696,14.94,3.209,3.774,2.923,-6.079,15.51,8.163,15.37,8.163,-2.188,0.03048,-51.54,-41.94,0.3661,-2.035,1.114,-3.157,53.35,47.62,19.88,9.73,7.346,-2.336,-0.2145,-0.08578,84.98,21.92,4.988,7.095,-4.439,-2.509,9.938,-0.7516,-76.88,-12.7,3.035,-24.82,0.9902,2.598,-24.68,3.91,2.604,11.9,1.221,5.536,-118.3,-1.425,5.228,-118.9,-7.479,5.271,-160.7,-0.000767,12.07,-80.28,2.223,-0.2998,-83,4.051,-0.9886,-83.14,23.9,6.362,-99.17,-60.01,16.28,-112.4,-51.68,31.26,-83.27,13.78,1.299,-84.13,-8.116,3.268,-84.48,-0.9892,0.7404,16.13,97.17,12.2,-2.939,-29.29,-23.44,37.1,52.73,108.9,47.36,82.03,99.61,198.3,458,21.49,234.4,64.46,-140.6,449.2,-196.3,-200.7,19.05,75.68,-42.48,-22.96,109.4,120.6,115.7,-55.18,97.67,-644.5,838.8,-88.35,-1628,1123,20.44,52.25,360.4,36.6,183.6,132.3,-89.86,-35.59,-130.4,15.12,0.4677,0.00293,0.8695,0.2022,-0.6264,0.2635,0.6797,-0.4014,0.3497,0.3935,-0.5216,0.2714,-0.4637,-0.5542,-0.4559,-0.6835,-0.2733,-0.5594,-0.4782,-0.5231,-0.544,0.7676,-0.1066,0.6279,0.6366,-0.05481,0.7676,0.567,-0.4803,0.3655,0.1979,-0.6848,0.6847,-0.1518,-0.6409,0.1558,-0.6061,-0.459,-0.4149,-0.5312,-0.5883,-0.4826,-0.09504,-0.229,-0.1963
3.12,2.327,0.4427,2.478,14.53,3.17,3.794,3.062,-5.813,15.02,8.772,14.91,8.767,-1.874,0.3018,-51.7,-42.59,-0.06881,-1.828,0.8543,-2.759,52.64,47.22,20.77,9.357,7.163,-2.306,0.3081,-0.2896,84.9,21.67,5.732,7.174,-4.494,-2.704,8.494,-0.6106,-77.01,-12.76,3.063,-24.77,0.4061,2.401,-24.64,3.465,2.405,12.69,1.365,4.868,-119.1,-1.123,4.692,-119.6,-6.917,4.726,-161.9,-0.08706,10.91,-80.43,1.763,-0.2094,-82.93,4.058,-0.8292,-83.6,24.86,6.11,-99.9,-58.86,17.1,-110,-50.45,29.47,-83.37,13.42,1.387,-84.26,-8.225,3.327,-84.45,-1.029,0.5993,38.58,96.68,-29.29,-12.21,-10.26,-2.44,5.851,25.39,49.31,37.6,50.77,88.87,144.5,435.1,29.29,195.3,137.7,-112.3,374,-105,-194.8,-37.6,47.36,47.36,-2.435,43.46,44.43,62.5,-164.1,-12.22,-592.8,1134,168.4,-1584,630.3,58.1,58.1,273,11.71,195.3,139.2,-109.8,-3.97,-24.43,-6.8,0.4673,0.003662,0.8698,0.1984,-0.628,0.2666,0.6749,-0.406,0.3512,0.3882,-0.5286,0.2688,-0.4605,-0.5536,-0.4518,-0.6839,-0.2748,-0.5512,-0.476,-0.5217,-0.5368,0.7652,-0.1049,0.6311,0.6366,-0.05408,0.7675,0.5685,-0.4777,0.3595,0.2036,-0.6797,0.6864,-0.151,-0.6304,0.1484,-0.6059,-0.4607,-0.4164,-0.5304,-0.5895,-0.4823,-0.09387,-0.2292,-0.1968
3.13,2.71,0.3728,2.311,14.17,3.104,3.822,3.172,-5.516,14.53,9.473,14.46,9.457,-1.529,0.5547,-51.81,-42.92,-0.434,-1.549,0.6188,-2.319,51.67,46.54,21.73,8.99,6.986,-2.248,0.4762,-0.317,84.72,21.45,6.004,7.307,-4.537,-2.829,7.366,-0.6292,-77.1,-12.82,3.06,-24.74,-0.178,2.198,-24.62,2.992,2.201,13.72,1.416,4.201,-119.5,-0.8093,4.089,-119.9,-6.311,4.113,-163,-0.2351,9.635,-80.55,1.344,-0.1233,-82.88,4.03,-0.66,-83.68,25.81,6.027,-100,-57.66,17.39,-108.1,-49.45,28.06,-83.31,13.03,1.499,-84.21,-8.394,3.302,-84.41,-1.064,0.4503,-15.62,73.73,-41.51,-15.15,14.16,27.35,-4.87,12.7,5.863,22.95,3.415,82.52,72.25,352,-1.469,148.4,194.3,-82.03,293,-28.31,-212.4,-76.18,1.471,99.11,-2.926,0.499,-26.37,-14.16,-208,-4.888,-479,1308,354,-1404,-51.72,-116.7,4.906,200.2,-36.6,90.77,76.62,-5.883,11.18,-18.62,-25.41,0.4668,0.004028,0.8702,0.1947,-0.6295,0.2698,0.6698,-0.4108,0.3528,0.3812,-0.5359,0.2651,-0.459,-0.5512,-0.4494,-0.6849,-0.2755,-0.5426,-0.4741,-0.5192,-0.5297,0.763,-0.1035,0.634,0.6365,-0.05316,0.7676,0.5691,-0.4753,0.353,0.2092,-0.6762,0.6863,-0.1508,-0.6218,0.1414,-0.6064,-0.4618,-0.4186,-0.5299,-0.5898,-0.4833,-0.09266,-0.2293,-0.1975
3.14,2.886,0.2777,2.2,13.96,3.02,3.869,3.276,-5.163,14.05,10.24,14.01,10.21,-1.171,0.8345,-51.88,-42.99,-0.7242,-1.239,0.422,-1.846,50.51,45.68,22.77,8.688,6.79,-2.165,0.5192,-0.24,84.46,21.21,6.003,7.444,-4.144,-2.971,6.728,-0.7068,-77.16,-12.9,3.045,-24.72,-0.7668,1.986,-24.6,2.507,1.988,14.9,1.394,3.551,-119.7,-0.5099,3.418,-120,-5.664,3.435,-164,-0.4326,8.254,-80.66,1.06,-0.04027,-82.87,3.931,-0.4698,-83.66,26.75,6.006,-99.84,-56.42,17.39,-106.8,-48.47,26.75,-83.19,12.62,1.631,-84.09,-8.558,3.263,-84.37,-1.086,0.2699,-79.11,61.03,-38.09,-66.89,54.68,39.07,-29.78,-2.924,-23.92,3.43,-51.77,48.34,-12.69,266.1,-8.302,85.46,218.3,-53.23,198.7,49.31,-199.2,-98.16,-27.34,120.6,-29.3,-21,-35.16,-114.7,-314.4,-6.348,-496.6,1368,492.7,-1300,-199.2,-29.82,-53.25,58.13,0,-30.71,63.93,-0.4835,11.18,38.52,-4.921,0.4662,0.004212,0.8706,0.1911,-0.6311,0.2731,0.6645,-0.4158,0.3543,0.373,-0.5433,0.2606,-0.4586,-0.5473,-0.4484,-0.6863,-0.2752,-0.5342,-0.4728,-0.5155,-0.5227,0.7616,-0.1022,0.636,0.6359,-0.05182,0.7681,0.5688,-0.4731,0.3463,0.2152,-0.6734,0.685,-0.1472,-0.6142,0.1384,-0.607,-0.4629,-0.4209,-0.5297,-0.5897,-0.4845,-0.09119,-0.2293,-0.1981
3.15,2.895,0.2003,2.153,13.89,2.877,3.936,3.292,-4.711,13.59,11.04,13.57,10.98,-0.8285,1.13,-51.91,-42.88,-0.9413,-0.934,0.2897,-1.384,49.3,44.76,23.81,8.43,6.486,-2.077,0.5412,-0.1589,84.08,20.96,5.859,7.56,-3.528,-3.109,6.742,-0.7578,-77.19,-12.98,3.009,-24.7,-1.316,1.766,-24.6,1.974,1.767,16.13,1.285,2.917,-119.6,-0.2285,2.705,-119.8,-4.934,2.715,-164.9,-0.6228,6.795,-80.74,0.9191,0.07106,-82.9,3.807,-0.2726,-83.63,27.67,5.897,-99.11,-55.19,16.66,-106.2,-47.43,25.39,-83.1,12.24,1.765,-84.01,-8.691,3.228,-84.34,-1.1,0.09737,-108.4,59.57,-32.23,-90.34,89.36,43.46,-63.97,-13.18,-47.85,-9.758,-106.9,30.76,-86.41,170.9,-51.76,42.48,234.9,-40.04,110.4,93.25,-189.5,-102.1,-54.21,112.3,-54.2,-24.91,10.25,-72.78,-301.8,36.12,-539.5,1070,424.3,-984.9,321.4,110.8,-36.6,-73.73,74.71,-92.82,47.88,117.7,-1.47,75.24,5.368,0.4656,0.004089,0.871,0.1877,-0.6327,0.2762,0.6589,-0.4209,0.356,0.3641,-0.5502,0.2562,-0.459,-0.5423,-0.4487,-0.6885,-0.2736,-0.5258,-0.4726,-0.5106,-0.516,0.7609,-0.101,0.6369,0.6352,-0.05023,0.7688,0.5683,-0.4716,0.3391,0.2224,-0.6728,0.6812,-0.1399,-0.607,0.1393,-0.6074,-0.464,-0.4229,-0.5295,-0.5897,-0.4855,-0.08978,-0.2293,-0.1987
3.16,2.835,0.1458,2.145,13.85,2.677,4.027,3.28,-4.133,13.08,11.8,13.07,11.71,-0.5131,1.445,-51.89,-42.66,-1.043,-0.6894,0.2208,-0.9515,48.13,43.91,24.83,8.19,6.106,-1.979,0.525,-0.04193,83.52,20.69,5.745,7.673,-3.188,-3.227,7.13,-0.8083,-77.18,-13.03,2.962,-24.71,-1.859,1.496,-24.62,1.419,1.496,17.27,1.101,2.283,-119.4,0.02038,1.987,-119.5,-4.111,1.992,-165.5,-0.731,5.292,-80.82,0.8321,0.2248,-82.96,3.667,-0.05805,-83.58,28.56,5.757,-97.87,-53.91,15.26,-105.6,-46.23,24.07,-83.01,11.86,1.911,-83.93,-8.81,3.208,-84.31,-1.104,-0.04052,-103,45.41,-59.09,-108.4,125.5,26.37,-97.64,-28.32,-59.09,-12.69,-157.2,2.934,-136.2,74.22,-76.17,15.14,244.6,-30.76,38.08,125,-158.2,-96.69,-54.21,60.05,-111.8,-27.84,-7.808,-29.31,-316.4,53.23,-546.8,679.7,270,-856.9,709,278.8,11.74,-272.4,8.311,-101.1,15.6,126.9,20,106,19.06,0.4652,0.003784,0.8713,0.1845,-0.6346,0.2794,0.6531,-0.4259,0.3581,0.3551,-0.5565,0.2525,-0.4598,-0.5368,-0.4497,-0.6913,-0.2708,-0.5174,-0.4739,-0.5049,-0.5094,0.7605,-0.09961,0.6375,0.6343,-0.04834,0.7695,0.5673,-0.4705,0.3318,0.231,-0.6744,0.6747,-0.1324,-0.5987,0.1409,-0.6075,-0.4656,-0.4246,-0.5293,-0.5897,-0.4864,-0.08869,-0.2291,-0.1993
3.17,2.827,0.1205,2.116,13.77,2.468,4.143,3.231,-3.433,12.56,12.5,12.56,12.38,-0.2334,1.749,-51.89,-42.36,-1.055,-0.5176,0.199,-0.5354,47.14,43.18,25.8,7.931,5.744,-1.886,0.5441,0.04231,82.82,20.44,5.749,7.807,-3.363,-3.301,7.549,-0.8226,-77.19,-13.08,2.912,-24.7,-2.381,1.193,-24.64,0.8497,1.193,18.24,0.8663,1.652,-119.1,0.2411,1.311,-119.2,-3.191,1.313,-166,-0.7106,3.76,-80.93,0.7249,0.3853,-83.03,3.56,0.1338,-83.58,29.41,5.592,-96.46,-52.55,13.54,-104.9,-44.88,22.91,-82.97,11.49,2.031,-83.9,-8.927,3.203,-84.28,-1.086,-0.1209,-79.11,15.62,-83.98,-120.6,150.4,12.21,-140.1,-45.42,-69.34,-20.98,-166,-31.24,-162.1,-11.24,-99.12,9.289,248,-40.53,33.19,168.4,-144,-101.6,-21.49,22.94,-136.7,-20.5,-3.424,-47.85,-331.1,108.9,-497.5,495.6,209.5,-829.2,690.9,289.1,-18.08,-365.2,-63.99,-48.34,-36.09,68.82,14.12,67.35,14.67,0.4648,0.003479,0.8715,0.1814,-0.6367,0.2823,0.6473,-0.431,0.3602,0.3465,-0.5619,0.2501,-0.4608,-0.5313,-0.4512,-0.6949,-0.2668,-0.5091,-0.4769,-0.4984,-0.5027,0.7601,-0.09797,0.6383,0.6337,-0.04657,0.7701,0.566,-0.4696,0.3246,0.2409,-0.6769,0.6665,-0.127,-0.5889,0.1412,-0.607,-0.4676,-0.4259,-0.529,-0.59,-0.487,-0.08808,-0.2289,-0.1997
3.18,2.887,0.1079,2.061,13.67,2.276,4.28,3.152,-2.598,12.03,13.12,12.03,12.97,0.007146,2.057,-51.95,-42.03,-0.9708,-0.4189,0.2174,-0.1438,46.39,42.63,26.68,7.648,5.392,-1.793,0.4648,0.1015,81.88,20.21,5.732,7.959,-3.876,-3.386,7.933,-0.8031,-77.2,-13.11,2.863,-24.65,-2.877,0.8595,-24.6,0.2746,0.8585,19.02,0.5768,1.028,-118.8,0.4085,0.6884,-118.8,-2.189,0.6889,-166.2,-0.5572,2.221,-81.07,0.5924,0.5318,-83.11,3.492,0.2992,-83.49,30.21,5.469,-94.85,-50.99,11.63,-104,-43.42,21.83,-82.97,11.14,2.117,-83.9,-9.048,3.222,-84.26,-1.058,-0.1876,-77.64,0.9753,-89.35,-126,159.2,4.879,-143.1,-46.88,-72.27,-56.15,-135.7,-30.27,-182.6,-86.42,-120.1,6.348,247.1,-48.34,43.95,194.3,-153.3,-116.2,18.06,28.32,-141.1,-12.22,-24.4,-49.81,-331.1,125,-410.6,445.3,158.7,-910,398,214.9,-83.51,-260.8,-57.61,-9.782,-66.92,15.15,18.53,42.53,-8.321,0.4645,0.003235,0.8717,0.1782,-0.639,0.2847,0.6417,-0.4358,0.3627,0.3386,-0.5663,0.249,-0.4617,-0.5262,-0.4529,-0.699,-0.2619,-0.5008,-0.4814,-0.4916,-0.4961,0.7595,-0.09613,0.6392,0.6333,-0.04492,0.7705,0.5646,-0.4688,0.3177,0.2517,-0.6801,0.6567,-0.1234,-0.5781,0.1397,-0.6059,-0.4698,-0.427,-0.5286,-0.5905,-0.4873,-0.08759,-0.2286,-0.2
3.19,2.978,0.09782,2.012,13.54,2.133,4.396,3.052,-1.668,11.5,13.67,11.5,13.48,0.2281,2.352,-52.08,-41.74,-0.8301,-0.3773,0.2027,0.2408,45.89,42.32,27.47,7.378,5.094,-1.74,0.1901,0.07693,80.63,20.02,5.535,8.14,-4.261,-3.472,8.253,-0.7007,-77.23,-13.14,2.815,-24.54,-3.357,0.5146,-24.51,-0.3047,0.5135,19.61,0.2537,0.3591,-118.6,0.5473,0.1178,-118.6,-1.121,0.1178,-166.3,-0.2903,0.668,-81.22,0.4432,0.6332,-83.2,3.438,0.4159,-83.2,30.92,5.465,-93.2,-49.19,9.834,-102.9,-41.92,20.63,-83.07,10.81,2.177,-84.02,-9.186,3.265,-84.25,-1.021,-0.2359,-84.96,2.926,-92.78,-117.2,162.1,-2.44,-139.6,-46.88,-83.01,-101.5,-119.1,-13.67,-192.9,-117.7,-139.6,0,240.2,-62.99,48.32,214.4,-165,-146.5,37.1,49.32,-145,-41.51,-24.91,-58.12,-332.5,65.92,-299.3,479,204.1,-992.2,178.3,151.4,-126.9,-130.9,-3.4,25.93,-98.66,-42.95,-36.62,49.77,35.61,0.4643,0.003052,0.8719,0.1748,-0.6415,0.2868,0.6362,-0.4403,0.3655,0.3313,-0.5701,0.2495,-0.4622,-0.5216,-0.4544,-0.7036,-0.2562,-0.4925,-0.4873,-0.4841,-0.4895,0.7588,-0.09455,0.6403,0.633,-0.04358,0.7708,0.563,-0.4681,0.3114,0.2627,-0.683,0.6459,-0.1192,-0.5668,0.1369,-0.6047,-0.472,-0.4278,-0.5277,-0.5916,-0.4873,-0.08722,-0.2282,-0.2001
3.2,3.053,0.09821,1.98,13.44,2.04,4.473,2.921,-0.6459,11,14.18,10.99,13.95,0.4089,2.658,-52.3,-41.54,-0.6691,-0.3675,0.1618,0.614,45.62,42.27,28.19,7.151,4.861,-1.743,-0.213,0.07193,79.17,19.91,5.161,8.326,-4.308,-3.478,8.479,-0.5892,-77.29,-13.18,2.777,-24.37,-3.804,0.1549,-24.36,-0.8826,0.1546,20.02,-0.06987,-0.3445,-118.5,0.6409,-0.4074,-118.5,-0.004433,-0.4072,-166.2,0.06289,-0.8847,-81.35,0.3096,0.6969,-83.3,3.381,0.4831,-82.79,31.55,5.557,-91.69,-47.21,8.315,-101.8,-40.43,19.23,-83.17,10.53,2.247,-84.12,-9.358,3.284,-84.24,-1.013,-0.2268,-96.67,21.97,-78.12,-125.5,149.4,-14.65,-130.4,-45.9,-75.19,-118.2,-86.42,12.7,-186,-94.23,-157.2,1.456,231,-74.7,42.98,244.6,-166,-159.7,47.36,56.64,-126,-38.08,-21.96,-104,-384.8,11.71,-215.3,479,197.8,-990.2,143.5,139.7,-121.6,-64.95,16.1,69.84,-125.9,35.62,-29.26,-20.04,12.7,0.4639,0.003052,0.8722,0.1712,-0.6441,0.2882,0.6312,-0.4442,0.3688,0.3247,-0.5735,0.2512,-0.4621,-0.5179,-0.4555,-0.7085,-0.2501,-0.4841,-0.4942,-0.4762,-0.4831,0.7582,-0.09327,0.6413,0.6327,-0.04254,0.7711,0.5614,-0.4673,0.3057,0.2736,-0.6851,0.6349,-0.1132,-0.5556,0.1337,-0.6036,-0.4742,-0.4283,-0.5265,-0.5928,-0.4876,-0.08734,-0.2282,-0.2002
3.21,3.104,0.09888,1.975,13.36,1.998,4.517,2.754,0.4129,10.52,14.65,10.5,14.37,0.5441,2.983,-52.57,-41.37,-0.5646,-0.4032,0.07887,0.9875,45.55,42.39,28.85,6.928,4.669,-1.802,-0.5575,0.1427,77.55,19.85,4.598,8.542,-4.017,-3.456,8.452,-0.5416,-77.36,-13.22,2.759,-24.16,-4.216,-0.2121,-24.17,-1.462,-0.2118,20.28,-0.3306,-1.095,-118.4,0.7137,-0.9093,-118.4,1.126,-0.9093,-166,0.4905,-2.432,-81.47,0.1979,0.7283,-83.41,3.321,0.5163,-82.46,32.11,5.626,-90.55,-45.08,7.23,-100.6,-39.02,17.67,-83.2,10.24,2.351,-84.17,-9.587,3.278,-84.23,-1.027,-0.213,-80.57,36.14,-79.1,-148,118.7,-19.53,-119.1,-37.11,-84.48,-123.5,-73.25,10.25,-176.7,-80.08,-159.2,-17.59,193.4,-92.29,42.01,268.6,-176.3,-165,51.26,52.24,-108.9,-0.9764,-19.54,-133.8,-458,-37.1,-192.8,382.3,39.05,-913.7,212.4,146.5,-70.78,-76.16,6.847,64.95,-174.3,-11.2,-44.85,-48.86,20.49,0.4636,0.003235,0.8725,0.1677,-0.6468,0.2893,0.6265,-0.4476,0.3728,0.3189,-0.5769,0.2539,-0.4613,-0.5148,-0.4561,-0.7134,-0.2439,-0.4757,-0.5019,-0.468,-0.4768,0.7576,-0.09229,0.6421,0.6324,-0.04169,0.7715,0.5603,-0.4665,0.3008,0.2846,-0.6855,0.6247,-0.1056,-0.545,0.1299,-0.6026,-0.4764,-0.4287,-0.5254,-0.5938,-0.4884,-0.08747,-0.2283,-0.2003
3.22,3.136,0.08865,1.964,13.31,1.995,4.55,2.554,1.479,10.05,15.1,10.03,14.77,0.6497,3.301,-52.86,-41.29,-0.5019,-0.4474,-0.01106,1.39,45.63,42.71,29.41,6.704,4.515,-1.864,-0.7595,0.2762,75.73,19.84,3.819,8.783,-3.484,-3.425,8.086,-0.5459,-77.45,-13.26,2.747,-23.95,-4.598,-0.5883,-23.97,-2.044,-0.5867,20.38,-0.5489,-1.859,-118.5,0.7709,-1.38,-118.5,2.25,-1.381,-165.8,0.9576,-3.98,-81.6,0.1117,0.725,-83.53,3.267,0.5256,-82.32,32.61,5.623,-89.86,-42.81,6.617,-99.47,-37.69,16.05,-83.19,9.959,2.446,-84.17,-9.856,3.265,-84.22,-1.056,-0.1974,-71.28,41.01,-86.92,-147,106,-18.07,-123,-21.97,-79.59,-122.6,-45.89,17.09,-170.4,-65.44,-141.6,-24.4,170.9,-99.61,43.47,274.9,-185.1,-154.8,61.03,26.85,-94.73,43.94,-14.15,-189,-519.1,-60.56,-301.8,245.6,78.59,-854.9,296.4,174.3,-29.77,-131.3,-2.928,50.27,-95.21,-38.12,-21.91,12.67,40.53,0.4633,0.00354,0.8728,0.1643,-0.6495,0.2901,0.6223,-0.4503,0.3772,0.3141,-0.5801,0.2575,-0.4598,-0.5125,-0.4561,-0.7181,-0.2379,-0.4672,-0.51,-0.4594,-0.4706,0.7572,-0.09144,0.6427,0.632,-0.04096,0.7719,0.5597,-0.4654,0.2968,0.2963,-0.6836,0.6158,-0.09729,-0.5349,0.1254,-0.6016,-0.4784,-0.4292,-0.5243,-0.5948,-0.4895,-0.08759,-0.2285,-0.2003
3.23,3.129,0.09098,1.955,13.32,1.993,4.595,2.302,2.525,9.608,15.55,9.582,15.17,0.7136,3.593,-53.11,-41.23,-0.4905,-0.4951,-0.1054,1.805,45.83,43.09,29.91,6.504,4.369,-1.918,-0.7504,0.4289,73.69,19.87,2.804,9.024,-3.022,-3.36,7.472,-0.5649,-77.53,-13.32,2.733,-23.76,-4.94,-0.9873,-23.8,-2.639,-0.9846,20.36,-0.717,-2.65,-118.5,0.833,-1.824,-118.6,3.357,-1.826,-165.5,1.454,-5.505,-81.72,0.05054,0.7179,-83.64,3.199,0.5192,-82.44,33.04,5.475,-89.43,-40.36,6.168,-98.3,-36.44,14.53,-83.15,9.684,2.517,-84.14,-10.15,3.233,-84.2,-1.113,-0.1666,-66.89,44.92,-95.7,-138.2,70.31,-8.299,-131.3,-4.386,-80.57,-116.2,8.3,16.6,-165,-56.15,-139.2,-21.49,161.6,-106.9,27.84,273.9,-195.3,-124.5,72.27,7.805,-95.22,81.54,-5.867,-228,-556.2,-7.332,-367.1,196.8,231.9,-809.1,283.7,188.9,-26.84,-155.8,-8.311,35.15,-105,1.934,-13.68,-17.58,9.752,0.4628,0.003784,0.8731,0.1613,-0.6523,0.2908,0.6184,-0.4524,0.3824,0.3101,-0.5832,0.2617,-0.458,-0.5107,-0.4555,-0.7226,-0.2322,-0.4585,-0.5182,-0.4506,-0.4645,0.757,-0.09064,0.6432,0.6316,-0.04035,0.7723,0.5601,-0.4643,0.2937,0.3094,-0.6802,0.6069,-0.08954,-0.5255,0.1201,-0.6007,-0.4802,-0.4299,-0.5231,-0.5956,-0.491,-0.08784,-0.229,-0.2005
3.24,3.118,0.1112,1.952,13.32,1.993,4.625,2.012,3.54,9.195,16,9.165,15.57,0.7487,3.875,-53.31,-41.16,-0.5244,-0.5274,-0.2182,2.223,46.09,43.44,30.32,6.356,4.22,-1.97,-0.5866,0.6254,71.43,20,1.491,9.326,-2.713,-3.291,6.743,-0.6406,-77.6,-13.39,2.722,-23.61,-5.246,-1.382,-23.66,-3.235,-1.378,20.22,-0.8519,-3.454,-118.5,0.8947,-2.246,-118.7,4.432,-2.252,-165.3,1.938,-6.992,-81.83,-0.01064,0.7128,-83.75,3.126,0.4964,-82.75,33.39,5.199,-89.11,-37.79,5.708,-97.17,-35.36,13.14,-83.06,9.455,2.576,-84.06,-10.52,3.195,-84.18,-1.174,-0.1353,-83.02,48.34,-108.4,-149.9,19.53,-5.859,-149.9,20.99,-66.89,-107.9,44.92,29.79,-168,-38.08,-130.4,-14.65,160.6,-116.7,21,279.3,-194.8,-84.96,81.05,-18.06,-110.8,93.25,-15.14,-218.7,-567.4,38.56,-376.9,233.9,284.7,-731,162.1,214.4,-77.17,-168.5,38.11,6.825,-205.1,5.399,-10.73,-33.22,-7.784,0.4623,0.004029,0.8735,0.1588,-0.655,0.2916,0.6149,-0.4538,0.388,0.3067,-0.5862,0.2666,-0.4561,-0.5091,-0.4547,-0.7266,-0.2271,-0.4497,-0.5261,-0.442,-0.4585,0.7567,-0.08997,0.6437,0.6312,-0.03992,0.7728,0.5611,-0.4633,0.2912,0.3236,-0.6761,0.5975,-0.08265,-0.5173,0.1142,-0.5996,-0.4819,-0.4304,-0.5219,-0.5964,-0.4929,-0.08808,-0.2296,-0.2006
3.25,3.122,0.131,1.959,13.32,1.995,4.661,1.664,4.511,8.837,16.45,8.808,15.97,0.7299,4.143,-53.42,-41.04,-0.5677,-0.5499,-0.3527,2.659,46.35,43.68,30.67,6.276,4.026,-2.019,-0.2933,0.8012,69.02,20.23,-0.1187,9.665,-2.509,-3.248,6.034,-0.6997,-77.67,-13.47,2.717,-23.55,-5.488,-1.764,-23.6,-3.825,-1.76,20,-0.9873,-4.265,-118.5,0.9626,-2.645,-118.7,5.469,-2.657,-165.1,2.404,-8.45,-81.93,-0.1016,0.7121,-83.85,3.038,0.4786,-83.21,33.68,4.795,-88.87,-35.13,5.201,-96.18,-34.48,11.89,-82.99,9.278,2.634,-84.01,-10.92,3.16,-84.17,-1.236,-0.13,-103,61.03,-119.1,-144.5,-16.61,5.859,-157.7,36.63,-65.91,-81.53,91.3,45.41,-169,-28.32,-130.9,-3.407,170.9,-108.4,21,283.7,-179.7,-61.53,98.13,7.314,-126.5,66.41,-19.04,-218.7,-560.5,49.8,-337.9,279.3,226.1,-602.7,-24.48,218.7,-99.11,-141.6,63.99,-39.58,-219.7,-15.63,1.029,-12.15,1.432,0.4616,0.004273,0.874,0.1571,-0.6574,0.2925,0.6117,-0.4547,0.3938,0.3037,-0.589,0.272,-0.4541,-0.5077,-0.4538,-0.7301,-0.2226,-0.441,-0.5335,-0.4337,-0.4523,0.7563,-0.0893,0.6444,0.6306,-0.03943,0.7733,0.563,-0.4625,0.2892,0.3388,-0.6715,0.5873,-0.07618,-0.5106,0.1088,-0.5984,-0.4837,-0.4303,-0.5204,-0.5975,-0.4948,-0.08808,-0.2301,-0.2006
3.26,3.176,0.1685,1.977,13.25,1.988,4.692,1.276,5.439,8.508,16.84,8.482,16.32,0.6813,4.384,-53.44,-40.84,-0.6157,-0.5299,-0.5255,3.107,46.56,43.75,30.93,6.247,3.796,-2.079,0.04013,0.8955,66.46,20.55,-2,10.05,-2.254,-3.224,5.432,-0.6649,-77.73,-13.55,2.713,-23.59,-5.682,-2.116,-23.63,-4.406,-2.112,19.73,-1.136,-5.086,-118.4,1.032,-3.002,-118.7,6.463,-3.021,-165,2.815,-9.866,-82.02,-0.2421,0.7256,-83.97,2.951,0.4564,-83.73,33.89,4.318,-88.65,-32.42,4.667,-95.37,-33.78,10.69,-83.01,9.156,2.685,-84.05,-11.36,3.136,-84.17,-1.287,-0.134,-101.1,72.26,-127.4,-153.8,-44.44,19.53,-157.2,52.73,-48.83,-74.2,128.9,47.36,-169.4,-9.283,-127.4,0,183.6,-116.2,0.9717,286.6,-189.9,-80.57,96.68,27.34,-131.4,26.36,-38.58,-243.2,-568.4,-23.42,-251,255.8,78.15,-425.6,-93.19,246.6,-126.4,-137.7,-11.71,-73.25,-187.5,-18.54,5.882,10.73,1.968,0.4611,0.004517,0.8743,0.1563,-0.6596,0.2937,0.6087,-0.4552,0.3999,0.3009,-0.5916,0.2778,-0.4523,-0.5066,-0.4529,-0.733,-0.2185,-0.4323,-0.54,-0.4257,-0.4461,0.7556,-0.08857,0.6453,0.63,-0.03894,0.7738,0.5658,-0.4618,0.2879,0.3544,-0.6666,0.5764,-0.06916,-0.5055,0.1042,-0.5971,-0.4854,-0.4298,-0.5184,-0.5992,-0.4966,-0.08802,-0.2305,-0.2008
3.27,3.248,0.1894,2.01,13.18,2.008,4.727,0.8697,6.311,8.207,17.23,8.186,16.67,0.5911,4.612,-53.31,-40.57,-0.6338,-0.4798,-0.7035,3.549,46.69,43.6,31.08,6.254,3.536,-2.127,0.3654,0.8616,63.76,20.93,-4.117,10.47,-1.893,-3.263,4.981,-0.5044,-77.78,-13.62,2.726,-23.76,-5.843,-2.442,-23.8,-4.974,-2.439,19.43,-1.319,-5.887,-118.2,1.118,-3.327,-118.6,7.418,-3.354,-165,3.166,-11.23,-82.11,-0.3823,0.7301,-84.08,2.883,0.4407,-84.25,33.99,3.821,-88.47,-29.65,4.163,-94.77,-33.23,9.526,-83.16,9.096,2.711,-84.23,-11.81,3.157,-84.16,-1.326,-0.1601,-96.19,77.64,-120.6,-150.9,-53.22,20.51,-154.8,50.29,-28.81,-74.2,164.1,55.66,-145,-5.378,-117.7,-1.951,206.1,-114.3,-13.68,288.6,-199.7,-114.2,88.39,29.3,-134.8,-3.905,-69.83,-227.5,-517.1,-24.41,-186,147.9,7.335,-249.9,-30.76,275.4,-172.4,-141.6,10.72,-61.99,-177.3,30.78,13.23,-5.429,-12.7,0.4605,0.004822,0.8746,0.1565,-0.6614,0.2956,0.6061,-0.4554,0.4061,0.2982,-0.5939,0.2838,-0.4507,-0.5055,-0.4519,-0.7355,-0.2148,-0.4238,-0.5455,-0.4184,-0.4396,0.7549,-0.08796,0.6463,0.6296,-0.03839,0.7743,0.5699,-0.461,0.2874,0.3699,-0.6612,0.565,-0.06159,-0.5016,0.1008,-0.596,-0.487,-0.4291,-0.5157,-0.6016,-0.4977,-0.08777,-0.2308,-0.2009
3.28,3.31,0.1822,2.032,13.14,2.05,4.752,0.445,7.126,7.95,17.59,7.936,17,0.481,4.802,-53.05,-40.22,-0.6484,-0.3679,-0.8852,3.981,46.72,43.23,31.15,6.279,3.27,-2.189,0.7036,0.7562,60.95,21.37,-6.413,10.91,-1.438,-3.32,4.621,-0.2815,-77.83,-13.7,2.743,-24.07,-5.98,-2.737,-24.09,-5.535,-2.735,19.09,-1.514,-6.667,-117.9,1.221,-3.602,-118.4,8.333,-3.64,-165.2,3.425,-12.54,-82.19,-0.5022,0.7157,-84.19,2.824,0.4343,-84.76,34.02,3.319,-88.38,-26.83,3.787,-94.37,-32.78,8.468,-83.38,9.068,2.75,-84.48,-12.27,3.192,-84.16,-1.366,-0.1934,-89.86,80.08,-110.8,-146.5,-54.68,27.83,-161.6,24.91,-12.69,-84.46,195.3,66.41,-127.4,-0.4955,-135.3,-7.338,214.8,-108.9,-21.49,317.9,-201.2,-147.5,81.05,-0.9809,-113.8,-21,-90.81,-205.1,-454.1,10.73,-172.4,36.64,20.52,-168.4,-2.448,313.4,-160.2,-112.8,12.18,-90.77,-84.96,-6.85,38.09,8.273,14.14,0.4599,0.005188,0.875,0.1577,-0.6627,0.2982,0.6038,-0.4551,0.4123,0.2957,-0.5959,0.29,-0.4492,-0.5045,-0.4509,-0.7376,-0.2114,-0.4156,-0.5498,-0.4118,-0.4331,0.7542,-0.08747,0.6472,0.6292,-0.03784,0.7746,0.574,-0.4605,0.2873,0.3853,-0.6547,0.5536,-0.05402,-0.4986,0.0987,-0.5947,-0.4888,-0.4278,-0.5127,-0.6044,-0.4985,-0.08747,-0.2311,-0.201
3.29,3.29,0.147,2.049,13.18,2.106,4.787,0.04864,7.881,7.712,17.98,7.703,17.36,0.3595,4.992,-52.65,-39.84,-0.6462,-0.2373,-1.064,4.373,46.68,42.67,31.2,6.349,3.05,-2.264,1.134,0.5293,58.06,21.85,-8.84,11.38,-1,-3.432,4.328,0.0262,-77.86,-13.79,2.758,-24.49,-6.113,-3.02,-24.5,-6.064,-3.02,18.71,-1.704,-7.416,-117.6,1.342,-3.887,-118.1,9.204,-3.937,-165.5,3.588,-13.81,-82.26,-0.5616,0.6793,-84.28,2.746,0.4351,-85.37,34.01,2.811,-88.43,-23.98,3.47,-94.18,-32.41,7.531,-83.69,9.069,2.789,-84.84,-12.75,3.274,-84.17,-1.385,-0.2392,-97.17,78.12,-116.7,-170.9,-42,6.35,-160.6,-21.49,6.345,-111.3,209,87.4,-107.4,0.4955,-117.7,-2.941,231.9,-106.9,-23.92,354.5,-203.6,-167.5,68.37,-26.36,-106.5,-14.65,-113.3,-215.8,-383.8,91.32,-183.1,-72.27,17.1,-120.6,-119.2,313,-152.4,-127.4,-16.62,-103.1,-0.4534,-19.5,65.88,66.83,16.64,0.4592,0.005432,0.8754,0.1597,-0.6638,0.3015,0.6019,-0.4544,0.4184,0.2937,-0.5977,0.2963,-0.448,-0.5034,-0.45,-0.7393,-0.2083,-0.4078,-0.553,-0.4057,-0.4266,0.7539,-0.08722,0.6476,0.6287,-0.03735,0.7751,0.5773,-0.4603,0.2876,0.4011,-0.6472,0.5423,-0.04657,-0.4961,0.09797,-0.593,-0.4911,-0.4258,-0.5092,-0.6079,-0.4989,-0.08704,-0.2312,-0.201
3.3,3.217,0.123,2.084,13.25,2.157,4.805,-0.3436,8.586,7.508,18.37,7.504,17.72,0.2497,5.144,-51.91,-39.44,-0.6995,-0.04891,-1.235,4.711,46.39,41.95,31.23,6.466,2.901,-2.365,1.657,0.2146,55.13,22.34,-11.38,11.88,-0.4818,-3.577,4.064,0.3944,-77.87,-13.89,2.757,-25.25,-6.244,-3.239,-25.23,-6.587,-3.242,18.26,-1.847,-8.119,-117.2,1.485,-4.157,-117.8,10.05,-4.221,-165.9,3.643,-15,-82.29,-0.5908,0.6316,-84.34,2.643,0.4134,-86.08,33.95,2.286,-88.63,-21.11,3.193,-94.17,-32.13,6.574,-84.08,9.098,2.818,-85.28,-13.21,3.398,-84.19,-1.379,-0.2771,-137.2,76.66,-143.1,-201.7,-40.53,8.299,-168.9,-95.22,-10.74,-159.2,235.4,138.7,-95.2,19.53,-119.1,-0.99,243.2,-94.73,-43.95,384.3,-208,-185.6,65.42,-54.7,-131.8,-3.428,-151.4,-246.1,-329.6,102,-162.6,-199.7,7.335,170.4,-232.4,336,-166,-66.44,33.67,-107.9,-17.59,101.1,19.56,36.58,-114.8,0.4585,0.005493,0.8758,0.1625,-0.6645,0.3055,0.6007,-0.4526,0.4247,0.2924,-0.5992,0.3026,-0.4471,-0.5021,-0.4491,-0.7408,-0.2055,-0.4003,-0.555,-0.4003,-0.4202,0.7538,-0.08728,0.6478,0.6281,-0.03711,0.7757,0.5796,-0.4604,0.288,0.4173,-0.6386,0.5313,-0.03821,-0.4945,0.09845,-0.5907,-0.4937,-0.4234,-0.5055,-0.6119,-0.4988,-0.08668,-0.2312,-0.2009
3.31,3.107,0.0939,2.125,13.33,2.186,4.81,-0.6665,9.209,7.315,18.78,7.312,18.12,0.1521,5.264,-51.19,-39.05,-0.7586,0.1408,-1.418,5.002,46.23,41.12,31.22,6.625,2.789,-2.489,2.299,-0.05539,52.11,22.92,-13.92,12.48,0.162,-3.685,3.834,0.6802,-77.84,-13.99,2.723,-25.94,-6.365,-3.469,-25.9,-7.031,-3.474,17.72,-1.932,-8.781,-116.8,1.653,-4.444,-117.5,10.83,-4.523,-166.3,3.606,-16.12,-82.27,-0.6137,0.5726,-84.37,2.509,0.3865,-86.89,33.83,1.717,-88.97,-18.23,2.957,-94.31,-31.83,5.542,-84.38,9.137,2.871,-85.64,-13.75,3.472,-84.21,-1.332,-0.3274,-190.4,76.66,-155.8,-230.5,-50.77,21.49,-180.2,-137.2,-31.74,-182.6,231.4,160.2,-122.6,11.24,-105.5,-8.299,255.4,-94.73,-81.06,410.2,-203.6,-218.2,54.7,-57.62,-142.1,2.452,-141.1,-269,-309.6,72.27,-180.7,-292,-25.87,338.8,-195.3,285.6,-200.7,22.48,74.23,-151.4,-29.74,-104,-9.264,-52.74,3.4,0.4577,0.005188,0.8762,0.1659,-0.6649,0.3101,0.6009,-0.4494,0.4314,0.292,-0.6006,0.3089,-0.4465,-0.5005,-0.4485,-0.7419,-0.2029,-0.3933,-0.556,-0.3954,-0.414,0.7536,-0.08771,0.648,0.6272,-0.03711,0.7765,0.5812,-0.4609,0.2887,0.4337,-0.6289,0.5204,-0.0285,-0.4926,0.1001,-0.5883,-0.4967,-0.4205,-0.5018,-0.6155,-0.4995,-0.08625,-0.2307,-0.2008
3.32,2.988,0.07716,2.174,13.43,2.227,4.805,-0.9359,9.777,7.135,19.2,7.136,18.53,0.0129,5.385,-50.33,-38.69,-0.8129,0.3445,-1.58,5.242,46.07,40.23,31.13,6.771,2.697,-2.65,3.045,-0.3758,49.02,23.48,-16.37,13.06,0.8671,-3.795,3.64,0.9898,-77.78,-14.1,2.692,-26.74,-6.471,-3.704,-26.68,-7.405,-3.711,17.07,-1.965,-9.38,-116.4,1.824,-4.728,-117.2,11.57,-4.824,-166.8,3.491,-17.17,-82.21,-0.6259,0.5023,-84.36,2.377,0.3357,-87.81,33.62,1.079,-89.41,-15.36,2.747,-94.58,-31.44,4.478,-84.7,9.166,2.929,-86.02,-14.27,3.534,-84.23,-1.301,-0.3908,-204.1,77.64,-141.1,-238.8,-45.4,62.01,-216.8,-123,-54.68,-177.2,191.9,123.5,-154.8,7.812,-86.42,-34.18,281.7,-75.68,-124.5,434.6,-206,-248.1,56.64,-60.54,-177.7,-4.404,-124,-320.8,-297.4,13.17,-271.5,-319.8,-64.97,510.1,-4.897,300.8,-177.3,16.14,68.38,-169.9,-81.52,10.72,-27.79,-101.1,-35.16,0.4568,0.004761,0.8766,0.17,-0.6652,0.3151,0.6024,-0.4445,0.4388,0.2927,-0.6017,0.3154,-0.4461,-0.4986,-0.448,-0.7428,-0.2005,-0.3869,-0.5561,-0.391,-0.4081,0.7535,-0.0885,0.648,0.6262,-0.03748,0.7772,0.5826,-0.462,0.2897,0.4502,-0.6183,0.5097,-0.01795,-0.4901,0.1027,-0.5862,-0.4993,-0.418,-0.4978,-0.619,-0.5001,-0.0857,-0.2304,-0.2007
3.33,2.895,0.07059,2.183,13.53,2.294,4.817,-1.131,10.27,6.937,19.62,6.935,18.95,-0.1659,5.483,-49.35,-38.34,-0.8036,0.538,-1.682,5.438,45.96,39.29,30.96,6.874,2.637,-2.87,3.928,-0.7139,45.83,24.03,-18.72,13.65,1.392,-4.032,3.408,1.3,-77.69,-14.21,2.665,-27.64,-6.58,-3.96,-27.57,-7.709,-3.97,16.27,-2.002,-9.883,-116,2.022,-4.994,-116.9,12.25,-5.108,-167.3,3.332,-18.12,-82.15,-0.6475,0.4121,-84.32,2.259,0.256,-88.85,33.34,0.3649,-89.99,-12.46,2.515,-94.9,-30.92,3.523,-85.01,9.172,3.014,-86.4,-14.82,3.679,-84.23,-1.269,-0.5025,-154.3,86.43,-127.4,-213.9,-6.833,94.24,-271,-44.44,-77.64,-165,157.2,58.11,-171.9,1.953,-93.75,-60.54,298.3,-69.34,-167.5,457,-193.9,-268.6,79.09,-44.44,-178.2,49.79,-89.83,-337.9,-301.3,-35.17,-321.8,-282.2,-10.26,863.3,119.2,283.1,-118.2,-36.12,43.45,-63.92,-115.7,39.09,-94.26,-118.7,-39.55,0.4559,0.004273,0.8769,0.1748,-0.6654,0.3208,0.6054,-0.4378,0.4472,0.2947,-0.6018,0.3224,-0.4461,-0.4967,-0.4476,-0.7435,-0.1983,-0.3809,-0.5558,-0.3872,-0.4026,0.7533,-0.08942,0.6482,0.6254,-0.03827,0.7778,0.5839,-0.4634,0.291,0.4672,-0.6067,0.499,-0.008118,-0.4865,0.1057,-0.5846,-0.5017,-0.4157,-0.4942,-0.6229,-0.5005,-0.08478,-0.2301,-0.2009
3.34,2.844,0.07643,2.154,13.63,2.374,4.814,-1.251,10.71,6.746,20.03,6.739,19.37,-0.3297,5.547,-48.28,-38,-0.7366,0.7009,-1.711,5.579,46,38.36,30.69,6.905,2.649,-3.158,4.986,-0.9766,42.55,24.57,-20.81,14.23,1.677,-4.258,2.963,1.501,-77.59,-14.32,2.628,-28.62,-6.707,-4.196,-28.53,-7.955,-4.208,15.26,-2.087,-10.25,-115.6,2.236,-5.242,-116.6,12.9,-5.374,-167.8,3.18,-19,-82.06,-0.6629,0.2992,-84.2,2.188,0.1409,-90.05,32.98,-0.4137,-90.77,-9.532,2.335,-95.15,-30.14,2.715,-85.17,9.148,3.144,-86.65,-15.38,3.797,-84.22,-1.275,-0.628,-97.65,85.45,-124.5,-181.2,46.38,110.3,-292.5,88.87,-49.81,-155.8,137.2,3.906,-168.5,5.859,-93.26,-58.58,319.3,-55.67,-179.2,483.9,-187,-255.8,117.2,-10.75,-169.9,101.6,-44.43,-337.4,-286.6,13.17,-317.8,-236.8,49.8,1278,-47.9,162.2,11.24,-85.95,86.42,96.23,-73.27,-68.82,-65.44,-8.79,79.09,0.4551,0.003662,0.8772,0.1799,-0.6653,0.3269,0.6094,-0.4301,0.4562,0.2981,-0.6006,0.3301,-0.4463,-0.4946,-0.4472,-0.744,-0.1962,-0.3753,-0.5553,-0.3838,-0.3972,0.7531,-0.09064,0.6482,0.6249,-0.03968,0.7782,0.5849,-0.4651,0.2927,0.4846,-0.5935,0.489,1.83E-04,-0.4807,0.108,-0.5833,-0.5041,-0.4137,-0.491,-0.6261,-0.5014,-0.08374,-0.23,-0.2012
3.35,2.912,0.1134,2.067,13.71,2.484,4.806,-1.291,11.13,6.594,20.45,6.579,19.78,-0.4558,5.615,-47.17,-37.67,-0.6149,0.8285,-1.724,5.667,46.19,37.51,30.26,6.816,2.831,-3.505,6.049,-1.324,39.27,25.07,-22.42,14.75,1.935,-4.447,2.307,1.747,-77.49,-14.43,2.581,-29.64,-6.848,-4.385,-29.54,-8.135,-4.397,14.06,-2.237,-10.52,-115.2,2.438,-5.493,-116.3,13.52,-5.645,-168.3,3.031,-19.78,-81.97,-0.7119,0.1505,-84.04,2.2,-0.04216,-91.23,32.55,-1.078,-91.61,-6.675,2.163,-95.19,-28.95,1.8,-85.38,9.093,3.251,-86.93,-15.93,3.891,-84.2,-1.326,-0.7437,-40.05,73.73,-123,-151.9,91.31,141.1,-285.1,231.9,-30.76,-139.6,167,-21,-149.4,-11.72,-99.61,-47.37,319.8,-72.26,-165,517.6,-184.6,-199.2,159.7,43.46,-173.3,184.6,-50.29,-354,-225.6,95.22,-240.2,-265.6,188.5,1617,-181.6,38.12,119.6,-199.2,43.96,175.7,47.88,56.17,-21.91,79.11,55.65,0.4542,0.002991,0.8776,0.1851,-0.6649,0.3333,0.6139,-0.422,0.4651,0.3025,-0.598,0.3388,-0.4467,-0.4924,-0.4472,-0.7445,-0.1944,-0.37,-0.5548,-0.3807,-0.3925,0.7528,-0.09204,0.6485,0.6248,-0.04187,0.7781,0.585,-0.4668,0.295,0.5015,-0.5798,0.4793,0.008606,-0.4718,0.1088,-0.5823,-0.5061,-0.4123,-0.4876,-0.6294,-0.5023,-0.08277,-0.2303,-0.2017
3.36,3.116,0.1812,1.963,13.76,2.614,4.767,-1.281,11.49,6.474,20.87,6.454,20.21,-0.5088,5.661,-46.04,-37.43,-0.5033,0.9012,-1.742,5.73,46.56,36.78,29.66,6.636,3.124,-3.905,7.008,-1.677,36.07,25.61,-23.35,15.27,2.26,-4.573,1.557,1.948,-77.37,-14.55,2.508,-30.66,-7.009,-4.508,-30.55,-8.286,-4.521,12.7,-2.429,-10.71,-114.9,2.641,-5.755,-116,14.07,-5.927,-168.7,2.905,-20.5,-81.84,-0.7933,-0.04114,-83.82,2.314,-0.3018,-92.26,32.05,-1.618,-92.33,-3.976,1.846,-94.9,-27.25,0.6154,-85.55,9.051,3.335,-87.17,-16.51,3.984,-84.18,-1.399,-0.7979,-37.12,71.29,-173.3,-117.7,146.5,165.5,-266.6,353,-16.12,-133.8,236.3,-13.67,-106.4,-16.6,-103,-26.85,303.7,-69.34,-144.5,537.6,-187,-111.8,195.3,86.92,-214.8,251.9,-45.91,-356,-151.4,158.2,-67.85,-339.3,240.7,1802,-314.9,-207.5,172.9,-202.2,49.3,218.3,101.1,113.3,-36.17,64.51,73.72,0.4533,0.002075,0.878,0.1901,-0.664,0.3398,0.6182,-0.4143,0.4733,0.3079,-0.5945,0.3482,-0.4472,-0.49,-0.4472,-0.7449,-0.1928,-0.3653,-0.5544,-0.3778,-0.3881,0.7522,-0.09394,0.649,0.6254,-0.04492,0.7774,0.5846,-0.469,0.2977,0.5173,-0.5671,0.469,0.01825,-0.4589,0.1071,-0.5811,-0.508,-0.4109,-0.4842,-0.6325,-0.5034,-0.08228,-0.2308,-0.202
3.37,3.476,0.2778,1.856,13.79,2.771,4.682,-1.272,11.79,6.402,21.3,6.379,20.65,-0.5447,5.702,-44.94,-37.23,-0.3829,0.928,-1.783,5.77,47.04,36.18,28.85,6.398,3.485,-4.299,7.778,-1.991,32.97,26.24,-23.54,15.81,2.655,-4.655,0.8002,2.059,-77.24,-14.68,2.435,-31.63,-7.168,-4.598,-31.53,-8.436,-4.612,11.26,-2.671,-10.89,-114.6,2.842,-6.011,-115.8,14.56,-6.203,-169,2.804,-21.13,-81.67,-0.917,-0.2557,-83.55,2.54,-0.6163,-93.02,31.44,-1.996,-92.81,-1.494,1.297,-94.26,-25.01,-0.85,-85.63,9.061,3.361,-87.32,-17.12,4.071,-84.16,-1.49,-0.8149,-91.32,59.08,-195.8,-106,178.2,179.2,-235.8,444.8,12.21,-120.1,288.6,11.23,-92.78,-49.32,-131.8,-7.338,292.5,-69.34,-146.5,532.7,-196.8,-55.68,210.9,81.54,-247.6,303.7,-62.99,-356,-123.5,167.5,232.9,-414.1,244.2,1825,-205.5,-370.6,141.1,-112.3,172.4,130.8,63.93,163.1,-17.65,29.73,14.67,0.4522,0.00116,0.8784,0.1948,-0.663,0.3461,0.6218,-0.4077,0.4806,0.3134,-0.5905,0.3582,-0.4478,-0.4875,-0.4474,-0.7452,-0.1914,-0.361,-0.5542,-0.3753,-0.3842,0.7513,-0.09626,0.6497,0.6268,-0.04865,0.7761,0.5837,-0.4717,0.3009,0.5316,-0.5569,0.4573,0.02918,-0.4418,0.1022,-0.5799,-0.5093,-0.4096,-0.4812,-0.6353,-0.505,-0.08209,-0.2316,-0.2022
3.38,3.931,0.372,1.756,13.84,2.952,4.554,-1.281,12.02,6.365,21.75,6.342,21.1,-0.55,5.754,-43.91,-37.15,-0.2827,0.9131,-1.82,5.8,47.57,35.76,27.86,6.115,3.904,-4.678,8.256,-2.216,30.04,26.94,-23.11,16.37,2.975,-4.723,0.03079,2.05,-77.11,-14.84,2.345,-32.54,-7.321,-4.671,-32.43,-8.598,-4.686,9.851,-2.924,-11.07,-114.4,3.009,-6.289,-115.8,14.95,-6.501,-169.3,2.706,-21.67,-81.45,-1.038,-0.5125,-83.26,2.865,-0.9731,-93.4,30.77,-2.147,-92.98,0.748,0.5829,-93.26,-22.36,-2.332,-85.6,9.115,3.342,-87.35,-17.77,4.135,-84.14,-1.58,-0.8385,-149.4,52.73,-182.1,-124.5,216.8,190.9,-222.6,481,29.78,-145.5,343.8,21,-115.7,-57.13,-132.8,-11.24,293.9,-75.2,-158.2,533.7,-175.3,-71.27,219.7,67.38,-259.3,310.5,-107.9,-332,-74.72,127.9,583,-431.2,128,1640,-254.9,-592.2,19.02,-58.13,149.9,1.934,120.6,183.1,16.18,167.5,52.25,0.4509,1.22E-04,0.8789,0.1992,-0.6619,0.3519,0.6245,-0.4023,0.4868,0.3187,-0.5864,0.3681,-0.4483,-0.485,-0.4477,-0.7454,-0.1903,-0.3575,-0.554,-0.373,-0.381,0.7503,-0.09906,0.6505,0.6287,-0.05286,0.7743,0.5827,-0.4746,0.3047,0.5437,-0.5496,0.4444,0.03919,-0.4217,0.09375,-0.5788,-0.51,-0.4085,-0.4785,-0.6376,-0.5072,-0.08185,-0.2323,-0.2025
3.39,4.402,0.4727,1.662,13.93,3.155,4.395,-1.339,12.16,6.354,22.19,6.329,21.56,-0.5669,5.8,-43,-37.17,-0.2258,0.8808,-1.874,5.846,48.11,35.48,26.78,5.823,4.42,-5.002,8.341,-2.378,27.3,27.71,-22.32,16.96,3.391,-4.709,-0.751,1.945,-76.98,-15,2.266,-33.32,-7.456,-4.743,-33.2,-8.791,-4.759,8.552,-3.163,-11.27,-114.3,3.17,-6.552,-115.8,15.25,-6.782,-169.5,2.619,-22.14,-81.2,-1.131,-0.7814,-82.95,3.232,-1.349,-93.29,30.07,-1.968,-92.79,2.777,-0.05309,-91.97,-19.54,-3.714,-85.49,9.196,3.256,-87.27,-18.45,4.179,-84.11,-1.673,-0.7986,-171.9,46.87,-165,-143.6,259.3,196.3,-240.2,471.7,40.04,-188,402.8,48.34,-160.6,-66.89,-119.6,-34.18,324.7,-47.85,-196.8,500.5,-168.9,-110.3,231.9,8.295,-269,254.9,-154.3,-278.3,-30.77,108.9,722.7,-421.4,-54.71,1379,-337,-856,-139.6,-13.17,101.6,-79.05,51.78,174.3,40.59,169.5,39.55,0.4497,-8.55E-04,0.8795,0.2029,-0.661,0.3569,0.6261,-0.3985,0.4919,0.3233,-0.5828,0.3773,-0.4486,-0.4827,-0.4478,-0.7453,-0.1895,-0.3546,-0.5539,-0.3709,-0.3783,0.7495,-0.1022,0.651,0.6309,-0.05737,0.7722,0.5821,-0.4771,0.3094,0.5527,-0.5444,0.4312,0.04773,-0.4,0.08222,-0.578,-0.5097,-0.4082,-0.4762,-0.6395,-0.5099,-0.08216,-0.2331,-0.2026
3.4,4.871,0.5635,1.645,14.04,3.353,4.168,-1.435,12.25,6.35,22.61,6.322,22,-0.5993,5.807,-42.28,-37.26,-0.1927,0.8625,-1.914,5.864,48.66,35.28,25.65,5.544,5.005,-5.27,8.098,-2.463,24.74,28.57,-21.46,17.65,3.958,-4.647,-1.567,1.719,-76.83,-15.17,2.186,-33.9,-7.576,-4.853,-33.78,-9.006,-4.871,7.445,-3.373,-11.51,-114.3,3.323,-6.776,-115.8,15.49,-7.021,-169.7,2.533,-22.5,-80.87,-1.211,-1.049,-82.63,3.61,-1.719,-92.76,29.36,-1.515,-92.33,4.62,-0.4475,-90.52,-16.82,-4.898,-85.28,9.294,3.133,-87.11,-19.22,4.233,-84.11,-1.736,-0.6986,-168.9,49.31,-150.4,-161.6,289.1,192.9,-271.5,423.3,64.94,-221.2,438.5,60.06,-209.5,-58.11,-103,-65.92,357.9,-21.97,-218.7,481,-163.1,-199.2,199.7,-108.4,-267.6,176.3,-232.9,-188.5,2.432,147.9,569.3,-416,-121.6,870.6,-513.7,-962.8,-314,94.73,232.9,-106.9,-213.4,125,11.18,58.56,38.11,0.4483,-0.001892,0.88,0.2056,-0.6607,0.3607,0.6267,-0.3959,0.4961,0.327,-0.5799,0.3853,-0.4487,-0.4809,-0.4475,-0.7452,-0.1887,-0.3521,-0.5536,-0.3693,-0.3762,0.7486,-0.1058,0.6513,0.6331,-0.06189,0.77,0.5813,-0.4792,0.3147,0.5586,-0.5404,0.4187,0.05438,-0.3793,0.06873,-0.5778,-0.5086,-0.4086,-0.4741,-0.6412,-0.513,-0.08295,-0.2337,-0.2025
3.41,5.255,0.6584,1.702,14.18,3.53,3.858,-1.524,12.3,6.319,23,6.287,22.4,-0.6404,5.788,-41.77,-37.4,-0.1826,0.8498,-1.949,5.866,49.17,35.15,24.54,5.314,5.519,-5.514,7.748,-2.565,22.27,29.52,-20.9,18.41,4.531,-4.572,-2.403,1.508,-76.68,-15.34,2.113,-34.26,-7.695,-5.007,-34.13,-9.214,-5.027,6.581,-3.525,-11.76,-114.3,3.465,-6.961,-115.9,15.67,-7.218,-169.9,2.463,-22.77,-80.45,-1.248,-1.295,-82.3,3.945,-2.074,-92.1,28.61,-1.056,-91.76,6.342,-0.6259,-89.05,-14.52,-5.797,-85.09,9.399,2.997,-86.96,-20.06,4.299,-84.09,-1.811,-0.579,-184.1,50.29,-123.5,-179.2,290,176.3,-302.7,356.4,47.36,-233.9,474.1,71.78,-245.1,-41.51,-105,-88.87,383.3,-7.808,-239.3,460.5,-151.4,-331.5,131.8,-163.6,-185.1,114.3,-264.7,4.87,48.81,61.04,390.6,-432.6,-129.4,416.6,-742.2,-1022,-454.1,196.3,137.2,-155.7,-378.4,127.9,-96.17,-59.08,-148,0.4469,-0.002869,0.8806,0.2072,-0.661,0.3632,0.6266,-0.3945,0.4992,0.3296,-0.5781,0.3918,-0.4487,-0.4796,-0.4469,-0.7451,-0.188,-0.3502,-0.5533,-0.3682,-0.3745,0.7479,-0.1099,0.6514,0.635,-0.06635,0.768,0.5807,-0.4817,0.3199,0.5625,-0.5365,0.4073,0.05872,-0.3618,0.05487,-0.5782,-0.5068,-0.4095,-0.4716,-0.6433,-0.5164,-0.08393,-0.2344,-0.2025
3.42,5.385,0.7444,1.825,14.39,3.667,3.519,-1.583,12.34,6.265,23.31,6.23,22.74,-0.6632,5.73,-41.48,-37.57,-0.191,0.871,-2.023,5.87,49.63,35.02,23.54,5.26,5.851,-5.655,7.394,-2.628,19.79,30.57,-20.97,19.25,5.102,-4.555,-3.119,1.283,-76.53,-15.5,2.041,-34.4,-7.812,-5.177,-34.25,-9.389,-5.199,5.986,-3.619,-12.05,-114.4,3.59,-7.094,-116,15.83,-7.361,-170,2.385,-22.99,-79.99,-1.194,-1.506,-82,4.115,-2.385,-91.42,27.79,-0.7233,-91.17,7.994,-0.6959,-87.71,-12.92,-6.526,-84.88,9.509,2.807,-86.79,-20.99,4.4,-84.06,-1.892,-0.4856,-202.6,38.09,-106.9,-209,272.5,176.3,-320.3,296.4,75.19,-258.3,487.3,84.48,-279.8,-9.764,-92.28,-111.8,399.4,4.883,-254.4,446.3,-153.3,-434.6,64.93,-147.9,-161.6,42.48,-236.3,176.3,68.35,-207.5,394.5,-504.9,-143.6,272.6,-906.2,-1069,-556.2,155.8,203.1,-116.7,-476.6,-129.9,-154.3,-186.5,55.65,0.4457,-0.003845,0.881,0.2074,-0.6619,0.3644,0.626,-0.3942,0.5015,0.3311,-0.5774,0.3966,-0.4485,-0.4788,-0.4461,-0.7451,-0.1874,-0.3485,-0.5528,-0.3675,-0.373,0.7477,-0.1141,0.6508,0.6358,-0.07032,0.767,0.5806,-0.4847,0.325,0.5656,-0.5326,0.3965,0.06189,-0.3499,0.04224,-0.5796,-0.5038,-0.4115,-0.4689,-0.6456,-0.5199,-0.08472,-0.2352,-0.2026
3.43,5.261,0.8226,1.964,14.67,3.748,3.203,-1.596,12.35,6.185,23.59,6.148,23.04,-0.6773,5.654,-41.35,-37.79,-0.1989,0.8863,-2.089,5.869,49.98,34.93,22.69,5.36,6.159,-5.751,7.176,-2.763,17.45,31.66,-21.67,20.04,5.716,-4.629,-3.68,1.156,-76.36,-15.63,1.963,-34.36,-7.927,-5.371,-34.21,-9.516,-5.394,5.663,-3.646,-12.32,-114.5,3.698,-7.208,-116.1,15.95,-7.483,-170.2,2.321,-23.15,-79.53,-1.051,-1.671,-81.69,4.119,-2.64,-90.88,26.96,-0.431,-90.7,9.51,-0.6922,-86.68,-12.09,-7.205,-84.74,9.611,2.618,-86.7,-21.98,4.546,-83.99,-2.083,-0.4516,-187,32.72,-94.73,-216.8,241.2,178.2,-325.7,266.1,54.68,-273.4,474.1,78.12,-290,12.69,-84.97,-135.3,395.5,3.904,-261.7,439,-147.9,-498,18.06,-130.9,-106.9,-59.08,-133.8,51.78,85.46,-419.9,359.4,-540.5,-197.3,414.6,-875.5,-1032,-453.6,-95.2,2.928,8.303,-385.3,-205.1,-153.4,-231,80.52,0.4446,-0.004944,0.8814,0.2067,-0.6631,0.3647,0.6252,-0.3945,0.5031,0.3316,-0.5777,0.3996,-0.4482,-0.4783,-0.4452,-0.7452,-0.1868,-0.3473,-0.5523,-0.367,-0.3717,0.748,-0.118,0.6496,0.6355,-0.0738,0.7669,0.5806,-0.4874,0.3303,0.5685,-0.5282,0.3871,0.06519,-0.3442,0.03241,-0.5824,-0.4996,-0.4146,-0.4658,-0.6485,-0.5232,-0.08497,-0.2368,-0.2032
3.44,4.969,0.8831,2.078,14.97,3.765,2.953,-1.553,12.35,6.022,23.77,5.987,23.25,-0.6582,5.528,-41.3,-38.05,-0.2139,0.911,-2.136,5.872,50.19,34.87,22.01,5.574,6.465,-5.762,7.271,-2.962,15.36,32.83,-22.82,20.79,6.326,-4.784,-4.185,1.13,-76.17,-15.71,1.868,-34.21,-8.062,-5.58,-34.06,-9.608,-5.604,5.579,-3.609,-12.57,-114.5,3.79,-7.284,-116.2,16.04,-7.564,-170.3,2.268,-23.28,-79.11,-0.8199,-1.793,-81.39,4.046,-2.828,-90.66,26.22,-0.2435,-90.54,10.86,-0.6577,-86,-11.89,-7.871,-84.67,9.75,2.395,-86.69,-23.01,4.705,-83.89,-2.373,-0.4967,-143.1,40.53,-116.2,-207.5,215.3,194.8,-323.3,266.1,46.88,-272,439.4,66.41,-293.5,25.88,-86.92,-135.3,395.5,16.11,-267.1,440.9,-128.4,-453.6,21,-67.87,-73.25,-53.72,-44.93,-65.45,142.1,-403.8,186,-549.3,-226.1,632.7,-698.7,-949.2,-288.1,-314.9,-63,170.4,-159.1,-170.4,-81.61,-190.4,25.86,0.4439,-0.006287,0.8815,0.2053,-0.6647,0.3645,0.6243,-0.3953,0.5042,0.3313,-0.5789,0.4008,-0.4479,-0.4781,-0.4442,-0.7453,-0.1863,-0.3463,-0.5518,-0.3668,-0.3706,0.7488,-0.1216,0.6479,0.6347,-0.07679,0.7672,0.5804,-0.4895,0.3355,0.5721,-0.523,0.38,0.06903,-0.3433,0.02594,-0.5859,-0.4946,-0.4181,-0.4621,-0.6517,-0.5263,-0.08454,-0.2391,-0.2043
3.45,4.561,0.9339,2.178,15.31,3.741,2.735,-1.484,12.35,5.814,23.88,5.781,23.39,-0.6169,5.391,-41.3,-38.34,-0.2338,0.9433,-2.151,5.889,50.26,34.85,21.41,5.896,6.705,-5.719,7.662,-3.166,13.57,34.15,-24.14,21.54,6.848,-4.963,-4.588,1.118,-75.96,-15.74,1.763,-33.99,-8.199,-5.787,-33.84,-9.676,-5.811,5.701,-3.524,-12.78,-114.7,3.856,-7.347,-116.3,16.1,-7.631,-170.5,2.216,-23.39,-78.71,-0.5113,-1.885,-81.08,3.936,-2.975,-90.76,25.53,-0.2251,-90.65,11.96,-0.6726,-85.68,-12.08,-8.508,-84.6,9.958,2.155,-86.66,-24.11,4.812,-83.77,-2.721,-0.6182,-116.7,34.67,-164.5,-200.2,191.4,186.5,-318.4,293,33.2,-253.4,401.9,61.03,-287.6,33.2,-101.1,-129.9,375,10.25,-246.1,449.7,-135.2,-317.4,20.02,-39.56,-77.15,-8.31,-21,3.887,233.4,-234.8,73.77,-540.5,-193.4,979.9,-481,-833.6,-231.5,-358.4,-37.59,235.8,-44.43,-39.57,-53.23,14.61,68.35,0.4436,-0.007752,0.8815,0.2034,-0.6664,0.3639,0.6233,-0.3968,0.5047,0.3303,-0.5806,0.4005,-0.4474,-0.4781,-0.4432,-0.7454,-0.1859,-0.3455,-0.5514,-0.3665,-0.3698,0.7501,-0.1249,0.6456,0.6336,-0.07947,0.7677,0.5799,-0.4916,0.34,0.5763,-0.5175,0.3749,0.07337,-0.3455,0.02271,-0.5893,-0.4893,-0.4211,-0.4578,-0.6549,-0.53,-0.08344,-0.2418,-0.2056
3.46,4.163,0.9491,2.273,15.62,3.708,2.517,-1.397,12.33,5.581,23.94,5.554,23.48,-0.5534,5.24,-41.34,-38.67,-0.2686,0.9752,-2.148,5.903,50.22,34.89,20.84,6.268,6.843,-5.734,8.265,-3.275,12.07,35.61,-25.29,22.34,7.167,-5.005,-4.825,1.029,-75.74,-15.75,1.649,-33.73,-8.337,-5.984,-33.58,-9.726,-6.008,5.973,-3.398,-12.97,-114.8,3.901,-7.398,-116.4,16.13,-7.685,-170.5,2.174,-23.45,-78.3,-0.2062,-1.975,-80.75,3.834,-3.083,-91.06,24.87,-0.3599,-90.93,12.8,-0.7841,-85.65,-12.37,-9.014,-84.42,10.22,2.023,-86.53,-25.3,4.811,-83.67,-3.113,-0.7045,-127.9,41.01,-202.6,-195.8,182.1,178.2,-301.3,316.9,20.02,-246.6,384.3,64.45,-277.4,37.1,-91.8,-116.2,363.8,5.862,-237.3,448.2,-134.3,-101.1,30.28,-63.48,-136.2,36.62,-58.1,-31.23,392.6,-180.2,-3.923,-620.1,-165.5,1056,-371.1,-836.5,-199.7,-194.3,-9.256,191.9,-30.74,17.57,-16.62,71.23,39.1,0.4435,-0.009339,0.8813,0.2012,-0.6681,0.3631,0.622,-0.3989,0.5048,0.3289,-0.5828,0.3991,-0.4469,-0.4783,-0.4423,-0.7455,-0.1857,-0.345,-0.551,-0.3664,-0.3692,0.7513,-0.1282,0.6433,0.6327,-0.08197,0.7681,0.5794,-0.4941,0.3438,0.5806,-0.5128,0.3714,0.0774,-0.3482,0.02216,-0.5922,-0.4851,-0.4226,-0.4533,-0.6576,-0.5346,-0.08259,-0.2449,-0.2069
3.47,3.968,0.9017,2.381,15.76,3.679,2.28,-1.324,12.3,5.35,23.96,5.33,23.53,-0.4706,5.087,-41.4,-39.01,-0.3321,0.9986,-2.128,5.905,50.06,34.98,20.23,6.65,6.92,-5.72,9.067,-3.305,10.81,37.16,-26.12,23.16,7.315,-4.949,-4.958,0.8602,-75.52,-15.74,1.526,-33.45,-8.465,-6.166,-33.3,-9.781,-6.189,6.372,-3.235,-13.13,-114.9,3.925,-7.442,-116.6,16.12,-7.73,-170.6,2.138,-23.46,-77.87,-0.0532,-2.072,-80.43,3.784,-3.138,-91.55,24.22,-0.5718,-91.4,13.41,-0.9953,-85.87,-12.57,-9.419,-84.16,10.55,1.925,-86.3,-26.53,4.734,-83.58,-3.504,-0.7594,-162.1,28.32,-191.9,-200.2,172.9,153.8,-311.5,296.4,11.23,-252,364.2,84.96,-283.7,37.1,-90.33,-106.9,356.9,8.787,-237.3,436.5,-126.5,39.55,20.51,-134.3,-165.5,47.36,-66.41,-5.361,482.4,79.61,12.69,-666,-125.5,1065,-328.1,-820.8,-234.9,99.59,-177.2,-49.36,9.249,-26.84,42.94,-76.14,-69.34,0.4435,-0.01099,0.8811,0.199,-0.6697,0.3621,0.6203,-0.4018,0.5042,0.3271,-0.5854,0.3967,-0.4463,-0.4785,-0.4415,-0.7454,-0.1858,-0.3447,-0.5507,-0.3665,-0.3691,0.7516,-0.1317,0.6421,0.632,-0.08411,0.7682,0.5789,-0.4965,0.3476,0.5853,-0.5086,0.3692,0.08137,-0.3499,0.02362,-0.5942,-0.4817,-0.4228,-0.4486,-0.6598,-0.5399,-0.08197,-0.2481,-0.2079
3.48,4.062,0.8086,2.477,15.65,3.66,2.066,-1.274,12.25,5.127,23.93,5.112,23.53,-0.398,4.926,-41.49,-39.32,-0.4009,1.025,-2.119,5.927,49.86,35.06,19.58,6.957,6.986,-5.682,9.984,-3.348,9.804,38.69,-26.53,24.01,7.344,-4.98,-5.042,0.7273,-75.3,-15.71,1.402,-33.14,-8.566,-6.345,-33,-9.831,-6.369,6.845,-3.053,-13.3,-115,3.924,-7.454,-116.7,16.07,-7.74,-170.6,2.102,-23.45,-77.48,-0.1346,-2.171,-80.14,3.79,-3.151,-92.17,23.58,-0.7817,-91.98,13.78,-1.28,-86.23,-12.59,-9.752,-83.93,10.86,1.843,-86.11,-27.75,4.676,-83.48,-3.866,-0.8829,-168.5,21,-171.9,-203.1,171.9,127.4,-313,254.9,-17.58,-239.3,344.2,95.71,-279.8,51.75,-80.07,-105.5,379.4,26.37,-238.8,429.2,-114.7,28.79,-0.9809,-157.2,-170.4,51.77,-115.7,72.28,549.8,282.7,61.54,-614.7,-72.25,928.7,-505.9,-839.9,-281.2,213.9,-81.04,-260.7,95.66,-32.24,121,-25.85,-113.3,0.4436,-0.01263,0.8809,0.1968,-0.6713,0.3609,0.6183,-0.4052,0.5031,0.3249,-0.5883,0.3939,-0.4458,-0.4788,-0.441,-0.7451,-0.1861,-0.3447,-0.5504,-0.3665,-0.3692,0.7507,-0.1348,0.6424,0.6319,-0.08582,0.768,0.5778,-0.4989,0.3513,0.59,-0.5051,0.3685,0.08533,-0.35,0.02625,-0.5967,-0.478,-0.4233,-0.4438,-0.6622,-0.5448,-0.08081,-0.251,-0.2091
3.49,4.33,0.6852,2.553,15.37,3.646,1.898,-1.203,12.22,4.906,23.88,4.894,23.5,-0.346,4.797,-41.61,-39.55,-0.4583,1.031,-2.104,5.909,49.61,35.12,18.98,7.198,7.129,-5.594,10.9,-3.415,9.151,40.15,-26.55,24.91,7.365,-5.075,-5.016,0.6525,-75.1,-15.68,1.298,-32.82,-8.661,-6.528,-32.68,-9.856,-6.55,7.368,-2.853,-13.45,-115.1,3.907,-7.457,-116.7,16.02,-7.741,-170.6,2.082,-23.39,-77.13,-0.3831,-2.252,-79.88,3.807,-3.115,-92.81,23.03,-0.8585,-92.6,13.88,-1.636,-86.72,-12.46,-10.11,-83.76,11.12,1.761,-85.98,-28.95,4.629,-83.37,-4.148,-1.062,-143.1,18.06,-160.6,-197.8,184.1,110.8,-304.7,217.3,-33.69,-234.4,309.1,89.84,-270.5,70.32,-56.15,-105,389.6,18.07,-235.3,418.4,-98.64,-108.9,-21,-113.3,-127,46.86,-155.3,-5.361,606.4,507.8,129.4,-488.3,-30.28,647.1,-496.6,-917,-256.8,147.5,-109.4,-398.9,96.21,42.47,92.35,65.41,-131.3,0.4438,-0.0141,0.8806,0.1945,-0.6729,0.3595,0.6163,-0.4088,0.5016,0.3226,-0.5913,0.3906,-0.4456,-0.479,-0.4409,-0.7449,-0.1864,-0.3449,-0.5501,-0.3668,-0.3696,0.7488,-0.1373,0.6438,0.6318,-0.08698,0.7678,0.5757,-0.5007,0.3549,0.5943,-0.5029,0.3687,0.08997,-0.3488,0.02967,-0.5992,-0.4745,-0.4242,-0.4389,-0.6646,-0.5495,-0.07929,-0.2531,-0.2104
3.5,4.544,0.5808,2.572,15.11,3.602,1.842,-1.132,12.19,4.697,23.8,4.689,23.43,-0.2799,4.675,-41.72,-39.74,-0.5412,1.011,-2.098,5.873,49.36,35.14,18.48,7.368,7.326,-5.484,11.78,-3.44,8.807,41.49,-26.38,25.9,7.428,-5.145,-4.935,0.574,-74.9,-15.64,1.195,-32.49,-8.745,-6.684,-32.36,-9.87,-6.705,7.891,-2.635,-13.58,-115.1,3.876,-7.444,-116.7,15.96,-7.726,-170.6,2.085,-23.29,-76.89,-0.598,-2.305,-79.68,3.808,-3.065,-93.47,22.58,-0.8559,-93.24,13.78,-1.956,-87.3,-12.37,-10.47,-83.58,11.29,1.684,-85.82,-30.12,4.554,-83.25,-4.329,-1.239,-101.6,18.56,-172.9,-193.4,189,91.8,-295.9,199.2,-51.76,-220.2,296.4,83.5,-263.2,71.78,-55.18,-96.67,394,26.37,-228.5,413.1,-97.67,-243.7,-31.73,-33.2,-77.15,36.13,-168.9,-78.63,576.7,506.8,109.4,-323.7,-39.54,337.4,-562.1,-1002,-254.4,144.6,-76.17,-436.5,74.26,0.9671,47.79,119.2,-7.336,0.444,-0.01556,0.8803,0.1923,-0.6744,0.3581,0.6144,-0.4123,0.5,0.3205,-0.5943,0.3872,-0.4458,-0.4789,-0.4413,-0.7448,-0.1867,-0.3454,-0.55,-0.3673,-0.3701,0.7473,-0.139,0.6451,0.6317,-0.08777,0.7677,0.5724,-0.5024,0.358,0.5978,-0.5014,0.3703,0.09486,-0.3478,0.03388,-0.6012,-0.4715,-0.4252,-0.4339,-0.6668,-0.5541,-0.07788,-0.2544,-0.2117
3.51,4.527,0.5005,2.521,15.04,3.561,1.921,-1.061,12.17,4.517,23.69,4.511,23.33,-0.2201,4.562,-41.82,-39.85,-0.5977,0.9765,-2.111,5.821,49.11,35.12,18.14,7.476,7.554,-5.375,12.64,-3.437,8.77,42.7,-26.26,26.88,7.533,-5.147,-4.863,0.4977,-74.7,-15.6,1.095,-32.19,-8.81,-6.819,-32.07,-9.863,-6.84,8.397,-2.44,-13.71,-115,3.823,-7.409,-116.6,15.89,-7.688,-170.5,2.101,-23.17,-76.79,-0.6342,-2.36,-79.52,3.758,-3.034,-94.18,22.26,-0.8524,-93.93,13.49,-2.198,-87.95,-12.52,-10.81,-83.42,11.34,1.603,-85.66,-31.29,4.46,-83.14,-4.505,-1.364,-78.6,21,-181.6,-184.1,195.8,78.12,-292,200.2,-62.5,-217.3,282.7,77.15,-256.3,73.25,-49.8,-88.87,374,18.07,-212.4,413.1,-89.85,-269,-11.24,-7.314,-92.29,34.17,-167.5,-277.3,481.9,342.3,75.23,-191.4,7.831,-13.7,-596.6,-1044,-263.7,26.87,-7.792,-293.5,-116.7,63.99,-16.62,6.851,6.352,0.4442,-0.01703,0.88,0.1903,-0.6757,0.3568,0.6128,-0.4155,0.4984,0.3184,-0.5971,0.384,-0.4464,-0.4786,-0.4423,-0.7449,-0.1868,-0.3463,-0.55,-0.3679,-0.3708,0.7469,-0.14,0.6453,0.6313,-0.08838,0.7679,0.5694,-0.5036,0.3606,0.6008,-0.5001,0.3734,0.09973,-0.3486,0.03894,-0.6034,-0.4685,-0.4273,-0.4289,-0.6689,-0.5587,-0.07691,-0.2557,-0.2129
3.52,4.388,0.4354,2.401,15.09,3.519,2.112,-0.9976,12.16,4.364,23.54,4.361,23.21,-0.1499,4.447,-41.89,-39.87,-0.6576,0.9408,-2.133,5.744,48.87,35.05,17.89,7.529,7.743,-5.271,13.49,-3.398,8.958,43.87,-26.48,27.87,7.641,-5.095,-4.799,0.4239,-74.5,-15.55,0.9935,-31.92,-8.855,-6.919,-31.8,-9.846,-6.939,8.869,-2.256,-13.8,-114.8,3.768,-7.357,-116.5,15.82,-7.632,-170.4,2.112,-23,-76.8,-0.5403,-2.418,-79.41,3.72,-3.017,-94.93,22.01,-0.9143,-94.66,13.06,-2.351,-88.66,-13.16,-11.13,-83.27,11.35,1.522,-85.48,-32.45,4.302,-83.04,-4.67,-1.489,-93.74,14.65,-169.4,-165.5,209.5,80.56,-281.7,219.7,-66.41,-200.2,302.7,89.84,-242.7,71.78,-40.53,-84.97,347.7,21.49,-205.6,418,-87.4,-233.4,20.51,-16.61,-136.2,42.96,-148.9,-362.3,383.8,220.7,67.38,-61.54,64.97,-54.12,-558.5,-924.9,-214.9,-74.2,-170.4,-120.6,-144.1,-8.301,52.79,-32.71,-85.44,0.4445,-0.01849,0.8796,0.1885,-0.6768,0.3555,0.6113,-0.4185,0.4969,0.3164,-0.5997,0.3809,-0.4476,-0.4779,-0.444,-0.7451,-0.1868,-0.3476,-0.5499,-0.3686,-0.3719,0.7474,-0.1403,0.6447,0.6309,-0.08887,0.768,0.5671,-0.5044,0.3626,0.6032,-0.4989,0.3778,0.1042,-0.3533,0.04492,-0.6054,-0.4658,-0.4295,-0.4237,-0.6707,-0.5635,-0.07593,-0.2569,-0.214
3.53,4.264,0.4015,2.274,15.12,3.475,2.342,-0.9543,12.12,4.216,23.34,4.215,23.02,-0.05538,4.305,-41.95,-39.81,-0.7106,0.8987,-2.184,5.656,48.64,34.94,17.69,7.532,7.838,-5.176,14.18,-3.4,9.332,44.98,-27.07,28.88,7.736,-5.098,-4.647,0.4468,-74.3,-15.46,0.8837,-31.67,-8.879,-6.976,-31.55,-9.826,-6.995,9.326,-2.107,-13.89,-114.6,3.716,-7.271,-116.2,15.74,-7.541,-170.3,2.141,-22.8,-76.86,-0.4387,-2.485,-79.33,3.703,-3.041,-95.57,21.81,-1.058,-95.28,12.48,-2.385,-89.36,-14.32,-11.34,-83.2,11.33,1.405,-85.37,-33.59,4.165,-82.91,-4.79,-1.655,-90.81,13.19,-179.7,-164.6,193.4,75.68,-282.7,241.2,-84.96,-191.4,323.7,102.5,-211.4,70.32,-32.72,-73.23,336.4,16.61,-189.4,422.9,-85.94,-196.8,56.64,-45.42,-141.6,31.24,-121.1,-384.3,279.3,37.1,110.4,41.53,120.6,105.9,-485.9,-844.8,-207.5,-194.3,-118.2,1.479,22.94,-186.6,-58.53,-20.94,3.4,0.4451,-0.02002,0.8791,0.1869,-0.6775,0.3542,0.6099,-0.4214,0.4953,0.3144,-0.602,0.378,-0.4494,-0.477,-0.4461,-0.7454,-0.1868,-0.3493,-0.55,-0.3693,-0.3732,0.748,-0.1404,0.6441,0.6307,-0.08942,0.7681,0.5656,-0.5053,0.3637,0.6043,-0.4984,0.3831,0.1075,-0.3621,0.05152,-0.6062,-0.4641,-0.4312,-0.4182,-0.6727,-0.5679,-0.07471,-0.2577,-0.2154
3.54,4.172,0.3858,2.163,15.12,3.432,2.575,-0.9345,12.06,4.106,23.11,4.106,22.81,0.04605,4.145,-42.02,-39.69,-0.7697,0.8587,-2.243,5.554,48.4,34.8,17.52,7.515,7.81,-5.09,14.71,-3.479,9.855,46.1,-27.89,29.86,7.695,-5.132,-4.425,0.5635,-74.11,-15.37,0.7711,-31.41,-8.878,-7.007,-31.3,-9.805,-7.025,9.793,-1.966,-13.97,-114.3,3.672,-7.165,-115.9,15.64,-7.426,-170.1,2.169,-22.56,-76.92,-0.3621,-2.554,-79.29,3.691,-3.086,-96.08,21.6,-1.287,-95.76,11.75,-2.318,-90.03,-15.88,-11.33,-83.25,11.29,1.258,-85.38,-34.74,4.09,-82.77,-4.97,-1.808,-70.8,-1.951,-157.7,-158.2,203.1,73.73,-261.7,266.1,-79.59,-196.8,332,131.3,-201.2,57.13,-17.58,-58.12,323.2,18.07,-172.9,429.2,-87.88,-182.6,89.35,-42.48,-141.1,67.39,-121.6,-378.9,156.7,-112.8,117.2,58.09,182.6,284.3,-392.5,-703.7,-130.4,-370.1,-84.48,146.5,-24.94,52.22,-83.52,-112.9,75.69,0.4458,-0.02155,0.8786,0.1854,-0.6781,0.3528,0.6085,-0.4242,0.4935,0.3123,-0.6042,0.3751,-0.4517,-0.4758,-0.4486,-0.7458,-0.1867,-0.3513,-0.5501,-0.3701,-0.375,0.7485,-0.1404,0.6436,0.6306,-0.08997,0.7681,0.5657,-0.5061,0.3646,0.6041,-0.4989,0.389,0.1088,-0.374,0.05841,-0.6067,-0.4627,-0.4329,-0.4122,-0.6753,-0.5718,-0.07355,-0.259,-0.2168
3.55,4.103,0.3838,2.066,15.09,3.428,2.762,-0.9597,12.02,4.034,22.84,4.032,22.56,0.1181,3.991,-42.13,-39.46,-0.8151,0.8226,-2.306,5.43,48.16,34.63,17.34,7.491,7.713,-5.047,15.17,-3.447,10.51,47.28,-28.81,30.84,7.482,-5.138,-4.199,0.5963,-73.95,-15.27,0.6726,-31.14,-8.829,-7.027,-31.02,-9.781,-7.046,10.29,-1.841,-14.05,-113.9,3.612,-7.016,-115.4,15.54,-7.269,-169.9,2.216,-22.28,-76.97,-0.3022,-2.648,-79.24,3.684,-3.172,-96.52,21.36,-1.589,-96.16,10.86,-2.209,-90.64,-17.71,-11.11,-83.18,11.25,1.137,-85.26,-35.96,3.937,-82.64,-5.21,-1.993,-59.07,-13.19,-141.6,-152.4,197.8,66.4,-243.2,251,-75.68,-172.9,334,128.4,-187,27.34,-24.91,-44.93,311,24.41,-147.5,423.8,-80.08,-154.8,108.4,-66.4,-137.7,125,-120.1,-276.9,32.72,-120.1,116.2,27.35,310.6,488.8,-375.5,-625,-69.34,-435,-178.2,232.9,95.21,-67.86,-39.12,10.73,104.5,0.4464,-0.02289,0.8781,0.1842,-0.6787,0.351,0.6069,-0.4272,0.4915,0.31,-0.6064,0.372,-0.4546,-0.4745,-0.4516,-0.7463,-0.1867,-0.3535,-0.5504,-0.371,-0.3772,0.7488,-0.1406,0.6433,0.6305,-0.09082,0.7682,0.5668,-0.5071,0.3653,0.6028,-0.5004,0.3956,0.108,-0.388,0.06513,-0.6064,-0.4619,-0.434,-0.4062,-0.6773,-0.5764,-0.07209,-0.2608,-0.2183
3.56,4.072,0.3991,2,15.02,3.437,2.897,-1.005,11.96,3.94,22.5,3.937,22.23,0.1481,3.843,-42.35,-39.14,-0.8239,0.7851,-2.343,5.307,47.98,34.44,17.17,7.511,7.675,-4.977,15.5,-3.378,11.37,48.54,-29.7,31.74,7.571,-5.07,-4.242,0.593,-73.81,-15.14,0.5854,-30.8,-8.735,-7.072,-30.67,-9.733,-7.092,10.8,-1.73,-14.09,-113.4,3.535,-6.837,-114.9,15.41,-7.08,-169.7,2.27,-21.96,-76.99,-0.2509,-2.744,-79.2,3.704,-3.281,-96.84,21.16,-1.818,-96.44,9.793,-2.058,-90.86,-19.68,-11.25,-83.08,11.28,0.9678,-85.05,-37.2,3.722,-82.49,-5.541,-2.149,-59.58,7.327,-156.7,-116.7,204.1,69.82,-209.5,238.3,-74.71,-138.7,317.4,127,-157.2,-23.43,-32.22,-15.14,301.8,14.65,-115.2,420.4,-72.26,-111.8,143.6,-82.03,-124,191.9,-116.2,-220.2,-73.26,-75.67,129.4,-63.49,439.9,1353,3812,187.1,-124.5,-352.5,42.97,259.2,107.9,-10.23,-82.49,46.41,205.1,0.4474,-0.02411,0.8775,0.1828,-0.6795,0.3486,0.6054,-0.4302,0.4892,0.3076,-0.6085,0.3689,-0.4578,-0.4729,-0.4551,-0.7468,-0.1868,-0.3562,-0.5509,-0.3719,-0.3797,0.7491,-0.1411,0.643,0.6305,-0.09186,0.768,0.5677,-0.5079,0.3659,0.6003,-0.5031,0.4027,0.1091,-0.4035,0.06855,-0.6053,-0.4615,-0.4346,-0.4002,-0.6789,-0.5813,-0.07081,-0.2633,-0.2199
3.57,4.047,0.4294,1.994,14.92,3.444,2.962,-1.089,11.93,3.861,22.09,3.858,21.84,0.1431,3.727,-42.62,-38.75,-0.8252,0.7426,-2.364,5.169,47.87,34.23,17.03,7.558,7.661,-4.922,15.65,-3.225,12.44,49.92,-29.88,32.61,5.725,-4.836,-5.665,0.4901,-73.65,-14.98,0.5076,-30.4,-8.594,-7.12,-30.26,-9.675,-7.142,11.31,-1.631,-14.12,-112.9,3.413,-6.641,-114.3,15.26,-6.873,-169.3,2.325,-21.59,-76.91,-0.2064,-2.83,-79.12,3.719,-3.397,-96.94,21,-1.966,-96.51,8.567,-1.868,-89.45,-20.99,-9.897,-82.87,11.33,0.8214,-84.69,-38.54,3.377,-82.37,-5.996,-2.232,-90.34,22.46,-124.5,-108.9,178.7,64.94,-181.2,225.1,-98.63,-112.3,303.2,111.3,-120.1,-59.56,-50.78,24.4,268.6,-9.282,-83.98,404.3,-61.52,-56.16,167.5,-112.3,-143.5,227.5,-87.89,-110.3,-176.3,105.5,162.1,-280.3,603.5,6470,2463,1769,-204.1,-208,146.5,448.7,-50.33,58.1,-222.2,32.19,291,0.4485,-0.02533,0.8768,0.1813,-0.6804,0.3455,0.6039,-0.4331,0.4869,0.3053,-0.6104,0.3657,-0.4612,-0.4713,-0.4592,-0.7473,-0.1868,-0.3593,-0.5514,-0.3727,-0.3828,0.7492,-0.1421,0.6427,0.6304,-0.09309,0.7679,0.568,-0.509,0.366,0.5961,-0.5075,0.4098,0.09162,-0.4148,0.05939,-0.6045,-0.4607,-0.4351,-0.3939,-0.68,-0.5872,-0.07001,-0.267,-0.2211
3.58,4.185,0.4692,2.132,14.74,3.436,2.875,-1.22,11.92,3.848,21.65,3.847,21.39,0.1042,3.684,-42.97,-38.25,-0.8226,0.7043,-2.36,5.034,47.83,34,16.78,7.59,7.544,-4.829,14.77,-2.912,13.59,51.41,-25.54,33.36,2.814,-4.431,-7.875,0.2829,-73.55,-14.85,0.4534,-29.96,-8.399,-7.154,-29.81,-9.61,-7.178,11.8,-1.554,-14.1,-112.3,3.217,-6.433,-113.7,15.06,-6.652,-169,2.355,-21.18,-76.73,-0.2493,-2.874,-79.09,3.802,-3.494,-95.96,20.82,-1.788,-95.54,7.235,-1.677,-86.5,-17.87,-7.139,-82.53,11.43,0.6848,-84.13,-39.95,2.883,-82.25,-6.627,-2.239,-66.41,53.22,-71.78,-97.67,165.5,79.1,-185,207,-101.1,-105.9,291,96.19,-109.9,-113.8,-72.27,32.23,235.3,16.61,-56.13,386.7,-42.97,-64.94,134.8,-95.21,-84.97,192.9,-49.81,90.82,-204.6,266.6,44.46,512.7,-190.4,3605,-2914,-1542,-205.1,-24.44,31.73,410.2,-198.2,93.72,-145.6,-216.3,134.3,0.4495,-0.02619,0.8762,0.1799,-0.6812,0.342,0.6025,-0.4358,0.4846,0.3032,-0.6119,0.3626,-0.4645,-0.4696,-0.464,-0.7477,-0.1869,-0.3629,-0.5518,-0.3736,-0.3863,0.7487,-0.1435,0.6429,0.6309,-0.094,0.7675,0.5679,-0.5108,0.3659,0.5868,-0.5177,0.4131,0.05957,-0.3908,0.03534,-0.604,-0.4594,-0.4357,-0.3876,-0.6803,-0.594,-0.0697,-0.2722,-0.2223
3.59,4.386,0.5226,2.434,14.46,3.366,2.725,-1.379,11.9,3.85,21.14,3.85,20.87,0.03275,3.672,-43.35,-37.74,-0.8182,0.6716,-2.366,4.916,47.85,33.8,16.51,7.708,7.442,-4.587,12.93,-2.448,15.07,53.02,-18.35,34.03,1.635,-4.103,-6.225,-0.02096,-73.46,-14.69,0.4125,-29.52,-8.157,-7.173,-29.35,-9.524,-7.2,12.24,-1.483,-14.06,-111.7,2.969,-6.212,-113,14.8,-6.418,-168.5,2.369,-20.73,-76.49,-0.3589,-2.845,-79.16,3.874,-3.542,-94.04,20.63,-1.182,-93.66,5.566,-1.674,-86.74,-12.51,-4.74,-82.15,11.6,0.4779,-83.45,-41.4,2.349,-82.15,-7.382,-2.324,7.316,78.12,-34.18,-65.92,137.7,98.63,-168.9,220.7,-80.57,-96.19,287.1,92.29,-32.72,-144.5,-114.3,69.82,215.8,-4.883,-15.62,403.8,-60.55,-116.2,68.86,-26.85,3.908,97.16,3.904,295.9,-52.26,-26.85,228,1690,-191.4,-3826,-3573,1228,-147,80.08,148.4,205.5,-50.33,-22.97,-86.91,-39.04,245.6,0.4507,-0.02692,0.8755,0.1788,-0.682,0.3381,0.6013,-0.438,0.4823,0.3013,-0.6132,0.3596,-0.4674,-0.4683,-0.4689,-0.7479,-0.187,-0.3669,-0.5522,-0.3745,-0.3903,0.7478,-0.1448,0.6434,0.6314,-0.094,0.7671,0.5685,-0.5116,0.367,0.5727,-0.5345,0.4132,0.04389,-0.346,0.03614,-0.6034,-0.4575,-0.4364,-0.3814,-0.6802,-0.6009,-0.06861,-0.2783,-0.2235
3.6,4.535,0.58,2.831,14.19,3.188,2.63,-1.573,11.9,3.9,20.56,3.901,20.29,-0.03871,3.668,-43.71,-37.28,-0.8367,0.6601,-2.406,4.799,47.9,33.7,16.19,7.891,7.281,-4.165,10.74,-1.969,16.66,54.69,-13.47,34.61,4.148,-3.857,-3.604,-0.2629,-73.36,-14.53,0.359,-29.1,-7.877,-7.164,-28.9,-9.437,-7.194,12.63,-1.414,-14.04,-111.1,2.648,-5.975,-112.4,14.48,-6.165,-168.1,2.373,-20.22,-76.28,-0.4583,-2.723,-79.35,3.902,-3.506,-91.84,20.36,-0.4073,-91.56,3.7,-1.461,-87.56,-9.65,-6.244,-81.86,11.79,0.1811,-82.87,-42.89,1.932,-82.02,-8.286,-2.388,112.8,81.54,-1.461,-7.331,106.5,120.6,-123,237.3,-105,-55.65,272.9,78.61,76.65,-145.5,-139.6,164.5,179.7,-83.49,68.84,450.2,-4.882,-69.32,48.83,34.67,54.2,-44.91,108.4,369.6,-15.61,-180.7,18.08,1948,-94.75,-807.1,1845,1414,-67.36,57.12,145,165.5,237.8,-23.45,-74.26,1.422,265.1,0.4519,-0.02777,0.8748,0.1781,-0.6826,0.3342,0.6002,-0.4401,0.4801,0.2996,-0.6144,0.3571,-0.4695,-0.4677,-0.4737,-0.7478,-0.1871,-0.3713,-0.5525,-0.3755,-0.3948,0.747,-0.1455,0.6439,0.6317,-0.09272,0.7671,0.5711,-0.5109,0.3701,0.5556,-0.5519,0.4146,0.06128,-0.3231,0.03919,-0.6032,-0.4546,-0.4378,-0.3751,-0.6808,-0.6071,-0.06763,-0.2857,-0.2248
3.61,4.614,0.6378,3.333,13.98,2.924,2.524,-1.809,11.83,4.045,19.99,4.043,19.7,-0.107,3.653,-44.03,-36.9,-0.8738,0.6529,-2.478,4.717,47.97,33.72,15.94,8.105,6.793,-3.605,9.335,-1.311,17.83,56.43,-9.2,35.01,4.748,-3.5,-1.983,-0.6335,-73.25,-14.41,0.2902,-28.71,-7.558,-7.119,-28.49,-9.353,-7.153,12.96,-1.358,-14.02,-110.6,2.279,-5.724,-111.8,14.05,-5.896,-167.6,2.356,-19.63,-76.05,-0.5374,-2.532,-79.61,3.879,-3.408,-90.53,20.03,-0.2086,-90.23,2.214,-1.692,-87.96,-6.92,-6.693,-81.44,11.97,-0.1487,-82.04,-44.45,1.362,-81.89,-9.439,-2.409,245.6,74.71,89.35,68.86,87.9,120.6,-53.71,273.9,-143.6,30.27,242.7,85.45,230.9,-87.89,-149.4,272.5,122.6,-163.1,203.6,519,13.67,75.21,-19.53,80.07,148.9,-335,350.6,504.4,325.2,246.1,494.1,1849,-1513,-1152,2414,1163,9.26,-63.47,21.49,475.6,303.2,-79.62,-260.3,63.47,580.1,0.4527,-0.02875,0.8743,0.1777,-0.6829,0.3302,0.5992,-0.4422,0.4779,0.2982,-0.6154,0.3549,-0.4709,-0.4677,-0.4781,-0.7476,-0.187,-0.3766,-0.5528,-0.3766,-0.4,0.7464,-0.1459,0.6442,0.6319,-0.09058,0.7673,0.5766,-0.51,0.373,0.5447,-0.5652,0.4151,0.06806,-0.3007,0.04004,-0.6031,-0.4511,-0.4399,-0.3688,-0.6805,-0.6142,-0.06684,-0.2952,-0.2261
3.62,4.708,0.6441,4.008,13.78,2.641,2.281,-2.082,11.68,4.335,19.46,4.332,19.16,-0.183,3.657,-44.35,-36.54,-0.9104,0.6873,-2.568,4.64,48.04,33.9,15.89,8.367,6.139,-2.925,7.363,-0.4047,18.59,58.25,-6.629,35.03,3.329,-2.764,-0.07239,-1.217,-73.18,-14.37,0.2213,-28.38,-7.186,-7.028,-28.12,-9.253,-7.065,13.26,-1.317,-13.98,-110.2,1.869,-5.473,-111.3,13.49,-5.626,-166.9,2.275,-18.94,-75.72,-0.6845,-2.322,-79.95,3.801,-3.245,-88.71,19.84,0.05314,-88.41,1.26,-1.881,-88.12,-5.363,-5.225,-80.85,12.15,-0.4745,-80.84,-46.1,0.4587,-81.81,-11.05,-2.202,407.2,62.01,202.6,212.9,128.4,121.6,40.04,321.3,-160.6,129.4,236.8,99.61,440.4,1.953,-145.5,377.5,76.18,-199.7,318.8,558.1,83.5,375.5,-172.9,157.2,210.5,-588.9,486.8,708.5,635.7,351.6,1243,399.4,-1151,1339,694.3,188,90.34,-308.1,-137.7,1220,203.6,-96.22,-447.8,59.59,892.5,0.453,-0.02948,0.8741,0.1779,-0.6828,0.3262,0.5984,-0.4441,0.4756,0.297,-0.6162,0.3529,-0.4717,-0.4682,-0.4823,-0.7469,-0.1867,-0.3828,-0.5528,-0.3776,-0.4065,0.7453,-0.1467,0.6449,0.6317,-0.08753,0.7679,0.5808,-0.5101,0.3738,0.5329,-0.5782,0.4114,0.05695,-0.2868,0.04279,-0.6034,-0.447,-0.4425,-0.3623,-0.6789,-0.6227,-0.06751,-0.3086,-0.2269
3.63,5.069,0.518,4.827,13.36,2.385,2.013,-2.409,11.47,4.782,18.98,4.775,18.67,-0.2553,3.677,-44.62,-36.19,-0.9845,0.7515,-2.715,4.502,48.08,34.21,16.15,8.725,5.365,-2.132,4.769,0.772,19.62,60.24,-3.734,34.53,1.476,-1.589,2.791,-2.022,-73.12,-14.4,0.147,-28.09,-6.758,-6.869,-27.8,-9.151,-6.909,13.55,-1.278,-13.94,-109.8,1.425,-5.231,-110.8,12.85,-5.364,-166.1,2.133,-18.11,-75.36,-1.118,-2.135,-80.41,3.709,-2.98,-86.36,19.95,0.4776,-86.05,0.3388,-2.239,-88.7,-3.496,-3.551,-80.08,12.43,-0.743,-79.24,-47.8,-0.8504,-81.81,-13.29,-1.699,549.3,76.17,308.6,388.2,196.3,80.08,187,408.7,-228.5,268.5,250.5,102.5,576.7,49.32,-67.38,523.4,21.97,-242.2,539.6,585,102,671.9,-402.8,304.7,263.7,-643.1,569.3,525.4,947.3,-34.18,1045,439.5,-918,-1557,488.3,1470,308.6,-590.3,-46.37,2231,-57.13,-126.9,-656.3,-157.7,965.4,0.4527,-0.03021,0.8742,0.1787,-0.6823,0.3222,0.5975,-0.4462,0.4732,0.2957,-0.6169,0.3509,-0.4726,-0.4684,-0.487,-0.7462,-0.1863,-0.3899,-0.5525,-0.3787,-0.4143,0.7425,-0.1477,0.6474,0.6316,-0.08307,0.7686,0.5843,-0.5101,0.3722,0.5187,-0.594,0.4046,0.04529,-0.27,0.04963,-0.6044,-0.4422,-0.4447,-0.3554,-0.6758,-0.6326,-0.07001,-0.3273,-0.2268
3.64,5.697,0.2492,5.539,12.76,2.182,1.987,-2.814,11.2,5.355,18.56,5.346,18.24,-0.3136,3.687,-44.92,-35.88,-1.118,0.9633,-2.938,4.29,48.11,34.65,16.8,9.176,4.296,-1.306,3.899,2.088,21.65,62.36,-1.482,33.31,-1.049,-0.2736,3.481,-2.991,-73.01,-14.47,0.06459,-27.75,-6.271,-6.639,-27.42,-9.067,-6.683,13.89,-1.241,-13.94,-109.4,0.997,-5.007,-110.4,12.15,-5.121,-165.2,1.827,-17.17,-75.22,-1.771,-1.999,-80.97,3.686,-2.619,-85.95,20.52,0.04765,-85.43,-1.108,-2.724,-88.84,-2.748,-1.516,-79.26,12.89,-0.8976,-77.46,-49.44,-2.4,-81.95,-16.21,-1.031,596.2,94.24,338.9,548.3,282.7,16.6,390.6,524.4,-273.4,434.1,290.5,142.6,617.7,80.08,20.99,670.4,-58.11,-200.2,884.3,557.6,-53.22,890.1,-604.5,499.5,403.3,-433.1,499,610.4,1107,-590.3,2164,-764.6,438.9,-200.1,-2323,122.5,815.4,-845.7,-36.13,2775,-230,-360.4,-838.9,-67.87,987.8,0.4521,-0.03113,0.8744,0.1795,-0.6814,0.3176,0.5964,-0.4484,0.4708,0.2941,-0.6179,0.3488,-0.4741,-0.4679,-0.4922,-0.7457,-0.186,-0.3977,-0.5516,-0.3794,-0.4242,0.7387,-0.1475,0.6515,0.6321,-0.0774,0.769,0.5901,-0.5091,0.3671,0.5118,-0.604,0.4068,0.02881,-0.2624,0.05432,-0.606,-0.4371,-0.4456,-0.3482,-0.6722,-0.6428,-0.07294,-0.3516,-0.2257
3.65,6.205,0.04071,5.815,12.38,1.914,2.382,-3.396,10.74,6.088,18.21,6.081,17.91,-0.3079,3.55,-45.33,-35.65,-1.366,1.453,-3.227,4.134,48.18,35.25,17.61,9.837,3.519,-0.6125,3.054,3.041,23.7,64.74,-0.1354,31.36,-1.097,1.148,4.048,-3.83,-72.86,-14.57,-0.09076,-27.26,-5.676,-6.329,-26.88,-9.052,-6.378,14.34,-1.202,-13.98,-109,0.655,-4.769,-109.9,11.36,-4.865,-164,1.228,-16.19,-75.46,-2.261,-1.857,-81.49,3.728,-2.29,-85.51,21.35,-0.128,-84.97,-2.332,-2.443,-89.02,-2.634,-1.165,-78.76,13.63,-1.003,-75.98,-51.05,-3.916,-82.21,-19.87,-0.08822,462.4,67.39,335.9,618.7,326.2,-34.67,570.3,606.4,-295.4,556.2,355.5,193.8,709,91.3,93.75,739.3,-97.66,-166.5,1012,535.2,-96.19,941.9,-698.7,392.6,455.1,-168,254.4,546.4,170.9,-85.45,1368,-1041,1666,-325.1,-675.8,202.6,1382,-1058,-58.08,2170,-201.2,-241.7,-1002,-89.33,974.1,0.4511,-0.03266,0.8747,0.1801,-0.6802,0.3115,0.5945,-0.4509,0.4684,0.2916,-0.6195,0.3463,-0.4767,-0.4667,-0.4973,-0.7451,-0.1863,-0.4062,-0.5495,-0.3787,-0.4365,0.7363,-0.1448,0.6548,0.6329,-0.07227,0.7689,0.5965,-0.5056,0.3621,0.5035,-0.6095,0.4122,0.02631,-0.2612,0.0564,-0.608,-0.4319,-0.444,-0.3394,-0.6697,-0.6518,-0.07709,-0.3818,-0.2237
3.66,6.359,0.004449,5.531,12.45,1.549,3.166,-4.179,10.01,6.968,17.97,6.962,17.71,-0.2803,3.206,-46.01,-35.5,-1.69,2.231,-3.598,4.067,48.29,36.01,18.38,10.7,3.222,-0.02355,2.943,3.588,26.09,67.43,1.311,28.71,-1.054,2.627,3.73,-4.722,-72.69,-14.7,-0.3065,-26.52,-4.954,-5.978,-26.08,-9.11,-6.032,15,-1.179,-14.13,-108.7,0.4721,-4.481,-109.5,10.45,-4.557,-162.7,0.3367,-15.17,-76.09,-2.345,-1.676,-81.81,3.831,-2.062,-85.69,22.22,-0.2018,-85.11,-3.849,-2.343,-88.9,-2.686,-1.116,-78.5,14.63,-1.169,-74.68,-52.69,-5.342,-82.66,-24.26,1.201,202.1,1.467,377.4,597.2,355.5,-83.01,626.5,597.7,-280.3,613.8,459,233.9,614.3,95.21,206.1,724.1,-71.78,-138.7,927.2,478,-116.7,818.3,-354.5,106,352.5,175.8,19.04,234.9,-726.1,350.1,120.2,-245.6,902.8,-140,-817.9,40.58,1293,-943.9,-15.16,1630,-327.6,-178.3,-1139,-353.6,1012,0.4499,-0.03461,0.8753,0.1799,-0.6792,0.3033,0.5914,-0.4539,0.4657,0.2876,-0.6219,0.3431,-0.4803,-0.4652,-0.5015,-0.7443,-0.1874,-0.4154,-0.5461,-0.3767,-0.451,0.7367,-0.1397,0.6558,0.6339,-0.06891,0.7685,0.6017,-0.5006,0.3582,0.4978,-0.6139,0.4206,0.02557,-0.2616,0.05548,-0.6092,-0.4267,-0.4404,-0.3297,-0.6683,-0.6598,-0.08271,-0.4176,-0.2208
3.67,6.175,0.04243,4.978,12.84,1.239,3.946,-5.13,9.102,7.902,17.76,7.897,17.57,-0.2964,2.768,-47.03,-35.44,-2.076,3.159,-4.036,4.035,48.5,36.92,19.19,11.76,3.375,0.4829,3.125,3.792,28.48,70.21,2.676,25.15,-0.6788,4.004,3.313,-5.568,-72.52,-14.84,-0.5299,-25.43,-4.137,-5.636,-24.92,-9.242,-5.695,15.9,-1.163,-14.39,-108.5,0.3726,-4.155,-109.1,9.451,-4.212,-161.3,-0.7306,-14.1,-76.71,-2.108,-1.574,-81.87,3.909,-1.966,-85.97,23.12,-0.09068,-85.37,-5.341,-2.35,-88.79,-2.798,-1.505,-78.35,15.8,-1.453,-73.38,-54.24,-6.722,-83.03,-29.48,2.638,25.38,-49.31,448.2,563,312,-110.8,561.5,483.9,-241.2,605,497.6,274.4,529.8,73.25,180.2,635.7,-70.81,-50.29,682.1,356.4,-83.99,509.7,118.6,-30.28,244.1,442.9,-50.77,150.4,-1003,291.5,-483.9,-544.4,-243.2,49.78,239.8,-123.1,748,-482.4,101.1,1297,-596.2,-223.6,-302.8,-1371,734.4,0.4486,-0.03662,0.8758,0.1783,-0.6787,0.2925,0.5873,-0.4572,0.4627,0.2816,-0.6254,0.339,-0.4842,-0.4639,-0.5047,-0.743,-0.1892,-0.4251,-0.5418,-0.3742,-0.4671,0.7389,-0.1353,0.6547,0.6345,-0.06793,0.768,0.6049,-0.4953,0.3547,0.4932,-0.6181,0.4286,0.02857,-0.2628,0.0539,-0.6099,-0.4206,-0.4362,-0.3206,-0.667,-0.667,-0.08869,-0.4591,-0.2193
3.68,5.917,-0.0168,4.503,13.34,1.116,4.447,-6.11,8.162,8.797,17.56,8.79,17.43,-0.3776,2.33,-48.46,-35.47,-2.474,4.108,-4.551,3.969,48.83,38.02,19.75,12.95,3.703,0.7899,3.06,3.747,30.31,72.94,3.8,21.43,-0.5322,4.494,3.293,-6.155,-72.36,-14.99,-0.7392,-23.95,-3.295,-5.365,-23.37,-9.377,-5.429,17.04,-1.116,-14.77,-108.3,0.2591,-3.807,-108.9,8.402,-3.848,-159.8,-1.844,-12.95,-77.1,-1.782,-1.664,-81.79,3.99,-1.97,-85.86,23.77,0.209,-85.26,-6.504,-2.455,-88.72,-2.842,-1.75,-78.33,17.08,-1.699,-72.25,-55.6,-7.975,-83.23,-34.67,3.276,6.839,-59.57,496.6,524.4,200.2,-140.6,460.4,288.1,-188.5,572.7,493.7,287.6,487.3,69.34,101.6,552.7,-42.97,68.84,585.9,276.4,-86.91,275.9,382.8,-86.43,338.4,502.4,21.48,223.2,-899.4,-176.8,-1000,-702.6,-592.8,304.7,558.5,-87.46,497.1,6.819,126.5,809.1,-861.8,-88.4,1605,-826.2,263.2,0.4472,-0.03846,0.8764,0.1746,-0.6792,0.2792,0.5824,-0.4606,0.4588,0.2739,-0.6301,0.3339,-0.4874,-0.4635,-0.5072,-0.7415,-0.1915,-0.435,-0.5372,-0.3718,-0.4837,0.7412,-0.1334,0.6529,0.635,-0.06848,0.7675,0.6083,-0.4901,0.3532,0.4884,-0.623,0.4332,0.03046,-0.2634,0.05286,-0.611,-0.4143,-0.431,-0.3121,-0.6662,-0.6729,-0.08808,-0.4987,-0.2194
3.69,5.719,-0.2252,4.268,13.76,1.152,4.708,-7.042,7.315,9.656,17.34,9.644,17.24,-0.5098,1.939,-50.25,-35.63,-2.866,4.996,-5.147,3.782,49.37,39.28,19.93,14.24,3.907,1.019,3.109,3.614,31.55,75.58,4.893,18.82,-0.7627,4.222,3.24,-6.609,-72.21,-15.14,-0.9426,-22.12,-2.428,-5.129,-21.48,-9.442,-5.195,18.3,-1.038,-15.19,-108.4,0.08636,-3.472,-108.8,7.388,-3.501,-158.4,-2.912,-11.72,-77.28,-1.538,-1.906,-81.73,4.042,-1.992,-85.88,24.01,0.3482,-85.26,-7.5,-2.605,-88.72,-2.755,-1.672,-78.44,18.43,-1.914,-71.22,-56.81,-9.238,-83.41,-38.6,3.034,99.62,-45.41,481.5,488.8,53.72,-172.4,397.9,97.17,-147.5,565,449.2,218.7,439,118.2,5.374,528.3,-57.13,149.4,523.9,186.5,-103.5,76.67,390.6,-63.97,508.3,410.7,5.365,242.2,-738.3,-174.8,-1135,-696.3,-429.2,24.05,131.3,-30.74,526.8,454.6,45.43,171.4,-558.6,-34.17,1036,-147.9,761.7,0.4459,-0.04022,0.877,0.1691,-0.6805,0.2636,0.5777,-0.4638,0.4539,0.2655,-0.6353,0.3281,-0.4893,-0.4641,-0.5091,-0.7402,-0.194,-0.4444,-0.5326,-0.3703,-0.5001,0.7426,-0.1338,0.6515,0.6353,-0.06897,0.7672,0.6118,-0.4864,0.354,0.4849,-0.6269,0.4372,0.02985,-0.2626,0.05298,-0.6126,-0.4076,-0.4252,-0.3037,-0.6654,-0.6782,-0.081,-0.5277,-0.2188
3.7,5.55,-0.512,4.182,14.08,1.25,4.902,-7.85,6.613,10.49,17.09,10.47,17.02,-0.6566,1.635,-52.23,-35.93,-3.205,5.742,-5.766,3.445,50.12,40.61,19.86,15.56,3.848,1.386,3.352,3.346,32.32,78.08,5.869,16.7,-1.026,3.894,3.048,-6.833,-72.04,-15.28,-1.133,-20.08,-1.579,-4.873,-19.4,-9.401,-4.937,19.56,-0.979,-15.53,-108.5,-0.1693,-3.167,-108.9,6.434,-3.187,-157.1,-3.871,-10.42,-77.36,-1.397,-2.191,-81.74,4.016,-1.983,-86.14,23.92,0.1985,-85.43,-8.356,-2.725,-88.76,-2.634,-1.536,-78.76,19.73,-2.292,-70.42,-57.95,-10.23,-83.46,-41.93,2.749,212.4,-30.76,443.4,496.6,-122.1,-172.4,393.6,-37.11,-133.8,600.1,345.2,119.1,389.6,240.2,21.49,573.2,-65.44,173.3,494.6,109.9,-74.23,-12.22,372.1,-51.26,534.7,164.1,111.3,418,-455.1,-383.8,-691.9,-834.4,10.75,-20.04,-16.53,3.843,471.2,720.2,51.28,-662.6,-111.4,-104,1041,71.23,121.1,0.4445,-0.04199,0.8775,0.1622,-0.6818,0.2467,0.5738,-0.4664,0.4484,0.2573,-0.6399,0.3222,-0.4898,-0.4656,-0.5107,-0.7391,-0.1965,-0.4533,-0.528,-0.37,-0.5153,0.7434,-0.1349,0.6507,0.6352,-0.06885,0.7674,0.6148,-0.485,0.3557,0.4828,-0.6295,0.4412,0.02887,-0.2615,0.05353,-0.6144,-0.4002,-0.4204,-0.296,-0.6655,-0.6822,-0.07471,-0.5518,-0.2186
3.71,5.459,-0.7196,4.195,14.31,1.233,5.089,-8.514,5.982,11.33,16.81,11.31,16.76,-0.7855,1.396,-54.16,-36.26,-3.419,6.273,-6.336,3.029,50.98,41.8,19.65,16.75,3.706,1.869,3.924,2.618,32.87,80.48,6.73,15.74,-1.151,3.268,2.531,-6.299,-71.82,-15.44,-1.318,-18.04,-0.7711,-4.546,-17.36,-9.257,-4.605,20.72,-1.015,-15.69,-108.6,-0.4881,-2.881,-108.9,5.486,-2.894,-156.1,-4.691,-9.072,-77.38,-1.342,-2.353,-81.78,3.983,-1.937,-86.77,23.67,-0.1205,-85.96,-9.167,-2.741,-88.81,-2.563,-1.447,-79.58,20.88,-2.942,-70.52,-59.19,-10.33,-83.09,-44.09,2.028,272,-44.92,400.4,502.9,-268.1,-160.6,407.2,-89.84,-120.1,640.6,273.9,4.887,355,344.2,65.43,598.6,-101.6,182.1,418,-1.469,17.58,38.09,266.6,-54.7,477.5,-108.4,193.4,599.1,-6.367,-250,60.54,-734.9,-61.99,-15.03,-147.5,51.34,404.3,653.8,47.84,-1369,116.2,-140.6,234.8,436,385.3,0.4431,-0.04389,0.878,0.155,-0.6827,0.23,0.5711,-0.4681,0.4426,0.2499,-0.643,0.3164,-0.4895,-0.4674,-0.5123,-0.7377,-0.1987,-0.4621,-0.5236,-0.3713,-0.5289,0.7436,-0.1357,0.6504,0.635,-0.0683,0.7676,0.6163,-0.485,0.3578,0.4824,-0.63,0.4468,0.02826,-0.2608,0.05408,-0.6164,-0.3922,-0.4171,-0.2881,-0.6687,-0.683,-0.068,-0.5667,-0.2205
3.72,5.448,-0.8131,4.274,14.54,1.056,5.299,-9.047,5.347,12.23,16.54,12.2,16.5,-0.8671,1.223,-55.87,-36.5,-3.481,6.506,-6.758,2.538,51.87,42.62,19.33,17.67,3.478,2.41,4.628,1.541,33.37,82.61,7.491,15.64,-1.05,2.745,1.873,-4.954,-71.57,-15.6,-1.486,-16.17,-0.03012,-4.097,-15.52,-9.054,-4.149,21.7,-1.217,-15.56,-108.6,-0.8413,-2.621,-108.9,4.5,-2.629,-155.3,-5.331,-7.66,-77.37,-1.288,-2.343,-81.84,4.032,-1.843,-87.54,23.39,-0.525,-86.64,-9.951,-2.611,-88.85,-2.55,-1.441,-80.78,21.8,-3.776,-71.75,-60.47,-9.15,-82.24,-45.3,1.356,263.7,-82.52,372.1,502.4,-412.1,-163.1,419.9,-85.45,-87.89,651.8,231.4,-42.97,335.9,355.5,104.5,565.9,-129.9,198.2,367.7,-108.4,135.8,283.7,58.11,-69.35,409.7,-256.3,208,691.9,202.1,-189.9,651.4,-573.7,-111.8,-7.684,-111.9,7.839,400.9,374.1,-5.383,-1444,184.1,-96.71,-1242,646,1293,0.4416,-0.04578,0.8785,0.1486,-0.6824,0.2146,0.5695,-0.4691,0.4368,0.2441,-0.6436,0.3111,-0.4892,-0.469,-0.5145,-0.7359,-0.2006,-0.4713,-0.5192,-0.3748,-0.5401,0.7439,-0.1357,0.65,0.6354,-0.06733,0.7673,0.6165,-0.4861,0.3592,0.4823,-0.6293,0.4534,0.02832,-0.2607,0.05445,-0.6188,-0.3842,-0.4153,-0.2812,-0.6755,-0.6797,-0.06525,-0.5745,-0.2254
3.73,5.532,-0.8456,4.315,14.64,0.7852,5.539,-9.441,4.693,13.11,16.24,13.09,16.21,-0.8782,1.097,-57.26,-36.6,-3.403,6.435,-6.982,1.922,52.68,42.97,18.93,18.48,3.279,3.109,5.246,0.2796,33.75,84.4,8.172,16.34,-0.8272,2.764,1.321,-3.159,-71.32,-15.72,-1.639,-14.6,0.6123,-3.537,-14.02,-8.81,-3.579,22.48,-1.558,-15.12,-108.5,-1.186,-2.398,-108.7,3.503,-2.402,-155,-5.766,-6.151,-77.37,-1.306,-2.22,-81.87,4.108,-1.695,-88.16,23.06,-0.7909,-87.23,-10.67,-2.421,-88.89,-2.555,-1.496,-82.15,22.6,-4.824,-73.48,-61.51,-7.345,-80.9,-45.44,0.9875,243.2,-126,335,493.7,-500,-151.9,425.3,-50.29,-61.52,627.4,229,-72.26,325.2,323.2,99.61,521.5,-161.6,180.2,418.5,-136.2,189,585.9,-139.2,-76.17,360.8,-321.8,172.8,421.9,417,-157.7,760.8,-135.3,-63.98,-166,-22.49,188.4,552.8,257.3,-171.4,-958.5,51.23,-120.6,-577.2,-497.6,568.4,0.4405,-0.04761,0.8787,0.1434,-0.681,0.2015,0.569,-0.4697,0.4309,0.2403,-0.6418,0.3063,-0.4892,-0.4698,-0.5172,-0.7336,-0.2024,-0.4806,-0.5146,-0.3809,-0.5486,0.7439,-0.1351,0.6501,0.636,-0.06616,0.7669,0.6151,-0.4879,0.3607,0.4818,-0.6286,0.4596,0.02887,-0.2608,0.05469,-0.6214,-0.3753,-0.4149,-0.2765,-0.683,-0.6747,-0.06867,-0.5746,-0.234
3.74,5.722,-0.8253,4.336,14.57,0.4756,5.734,-9.682,4.032,13.97,15.92,13.95,15.89,-0.8355,0.9859,-58.35,-36.51,-3.168,6.136,-7.001,1.275,53.38,42.96,18.55,19.07,3.144,3.607,5.685,-0.3258,34.07,85.47,8.61,17.24,-0.5817,2.442,0.959,-1.756,-71.13,-15.81,-1.773,-13.37,1.158,-2.912,-12.87,-8.512,-2.944,23.07,-2.009,-14.4,-108.2,-1.518,-2.179,-108.4,2.511,-2.18,-154.9,-5.998,-4.623,-77.36,-1.453,-2.031,-81.87,4.163,-1.531,-88.56,22.73,-0.8935,-87.64,-11.32,-2.247,-88.93,-2.753,-1.579,-82.76,23.19,-5.408,-74.41,-61.97,-6.225,-79.47,-44.89,0.06862,229,-164.5,272,473.6,-523.9,-150.4,437.5,-10.73,-53.71,602.1,244.1,-77.64,307.6,289.1,90.33,463.9,-158.7,164.6,512.2,-110.8,335.4,741.7,-235.8,-41.01,349.6,-296.4,144.1,237.3,301.3,-55.67,460,223.2,-75.67,-41.09,-25.86,117.1,352.1,-381.8,358.4,-212.9,-90.31,79.62,-1890,-695.7,-198.7,0.4396,-0.04914,0.8789,0.1397,-0.6787,0.191,0.5692,-0.4701,0.4243,0.2383,-0.6379,0.3018,-0.4896,-0.4703,-0.5202,-0.731,-0.2042,-0.4895,-0.5104,-0.3888,-0.555,0.7432,-0.134,0.651,0.6365,-0.06501,0.7665,0.6117,-0.4904,0.3617,0.4806,-0.6285,0.4647,0.02954,-0.2625,0.05493,-0.6247,-0.3682,-0.4148,-0.2753,-0.6867,-0.6716,-0.06843,-0.5697,-0.2427
3.75,5.875,-0.7314,4.311,14.39,0.1727,5.894,-9.816,3.354,14.75,15.54,14.73,15.52,-0.7898,0.8786,-59.19,-36.26,-2.845,5.77,-6.825,0.7403,53.93,42.5,18.35,19.8,3.079,3.812,6.136,-0.01192,34.45,86.09,8.953,17.48,-0.3129,2.259,0.5955,-1.319,-70.98,-15.82,-1.88,-12.43,1.644,-2.262,-12.04,-8.165,-2.284,23.51,-2.486,-13.44,-107.8,-1.822,-1.956,-107.9,1.529,-1.956,-155.1,-6.169,-3.208,-77.36,-1.627,-1.819,-81.83,4.152,-1.409,-88.96,22.53,-0.9872,-88.04,-11.91,-2.081,-88.96,-2.986,-1.695,-82.37,23.94,-5.356,-73.62,-61.83,-6.786,-78.31,-44.52,-0.928,218.7,-174.8,182.1,467.8,-485.8,-170.4,452.6,-7.329,-33.2,605.5,257.8,-71.29,313.5,288.6,100.1,421.9,-157.7,131.8,483.4,-207.5,79.59,632.3,-317.4,-8.295,322.3,-248.5,101.6,208.5,-45.89,-105.5,178.2,205.1,15.61,-82.52,17.6,86.39,663.1,-188,-55.68,30.71,-250.4,256.4,-1026,-679.7,105.5,0.4394,-0.05036,0.8788,0.1374,-0.6758,0.1825,0.57,-0.4705,0.417,0.238,-0.6325,0.2971,-0.4904,-0.4704,-0.5233,-0.7282,-0.2062,-0.4981,-0.5057,-0.3974,-0.5591,0.7423,-0.1327,0.6521,0.6364,-0.06433,0.7666,0.6076,-0.4931,0.3616,0.4796,-0.6281,0.4694,0.03046,-0.2645,0.05506,-0.6278,-0.3628,-0.4124,-0.2774,-0.6842,-0.6733,-0.06598,-0.5662,-0.2495
3.76,5.913,-0.6579,4.313,14.24,-0.04492,5.974,-9.83,2.691,15.47,15.11,15.46,15.09,-0.7345,0.761,-59.8,-35.84,-2.448,5.427,-6.501,0.02895,54.31,41.65,18.33,20.72,3.072,4.053,6.427,0.8085,34.9,86.61,9.181,17.77,-0.1192,2.054,0.3711,-1.571,-70.87,-15.79,-1.967,-11.73,2.076,-1.603,-11.45,-7.75,-1.616,23.88,-2.958,-12.31,-107.3,-2.111,-1.715,-107.4,0.5792,-1.714,-155.6,-6.321,-1.61,-77.32,-1.734,-1.679,-81.78,4.088,-1.338,-89.19,22.45,-1.027,-88.28,-12.43,-1.991,-88.97,-3.269,-1.807,-81.42,24.88,-5.151,-71.6,-61.36,-8.455,-77.33,-43.85,-2.04,211,-131.3,130.9,447.3,-395.5,-160.6,470.7,-40.53,-29.3,619.6,234.9,-74.22,312.5,269,110.8,413.1,-161.1,90.33,444.3,-39.56,226.1,509.3,-237.3,10.26,272.5,-175.8,91.32,232.9,-248,-153.8,45.92,61.54,-12.19,51.78,-31.68,-0.4611,588.9,-185.1,-57.61,256.8,-411.6,167.5,-1338,-307.7,17.54,0.4395,-0.05139,0.8786,0.1363,-0.6726,0.1758,0.5713,-0.471,0.4089,0.239,-0.6261,0.2919,-0.4919,-0.4701,-0.5268,-0.7251,-0.2084,-0.5061,-0.4997,-0.408,-0.5626,0.7417,-0.1322,0.6527,0.636,-0.06409,0.7669,0.6039,-0.4953,0.3607,0.4783,-0.6286,0.4729,0.03125,-0.2669,0.05499,-0.6318,-0.3556,-0.4101,-0.2816,-0.6775,-0.6783,-0.06177,-0.5607,-0.2552
3.77,5.869,-0.6415,4.351,14.11,-0.1306,5.98,-9.747,2.025,16.16,14.65,16.14,14.63,-0.7194,0.669,-60.22,-35.25,-2.004,4.992,-6.016,-0.4508,54.57,40.55,18.35,21.74,3.125,4.223,6.528,1.761,35.29,86.99,9.422,18.07,0.05219,2.026,0.3311,-1.98,-70.76,-15.73,-2.008,-11.21,2.475,-0.9583,-11.04,-7.27,-0.9651,24.18,-3.394,-11,-106.6,-2.392,-1.467,-106.6,-0.3687,-1.466,-156.1,-6.345,-0.223,-77.21,-1.809,-1.628,-81.71,3.972,-1.296,-89.21,22.36,-0.9582,-88.33,-12.91,-1.923,-88.98,-3.509,-1.91,-80.29,25.87,-4.811,-69.46,-60.66,-10.22,-76.46,-42.98,-2.95,159.2,-75.2,83.01,386.2,-312,-147,452.1,-99.61,-42.49,580.1,183.1,-90.82,279.3,242.7,120.1,365.7,-130.9,100.6,487.3,-15.63,184.1,331.5,-146.5,-18.06,222.2,-87.89,99.12,140.1,-369.1,-182.6,-94.23,-204.6,64.47,48.78,-50.8,-80.54,417.5,63.94,-22.48,264.1,-597.6,-0.9671,-1162,-333,-10.29,0.4398,-0.05213,0.8783,0.1361,-0.6692,0.1704,0.5735,-0.471,0.4002,0.2413,-0.619,0.2861,-0.494,-0.4692,-0.5309,-0.7218,-0.2108,-0.5138,-0.4945,-0.418,-0.5645,0.7412,-0.1325,0.6531,0.6352,-0.06415,0.7675,0.6002,-0.4974,0.3601,0.4762,-0.6297,0.4755,0.03198,-0.269,0.05493,-0.6354,-0.3488,-0.4071,-0.2869,-0.6697,-0.6837,-0.05878,-0.5539,-0.2606
3.78,5.834,-0.677,4.43,13.95,-0.1422,5.946,-9.555,1.371,16.8,14.15,16.79,14.14,-0.7037,0.5726,-60.44,-34.51,-1.518,4.547,-5.398,-0.8437,54.69,39.29,18.35,22.81,3.177,4.38,6.443,2.465,35.62,87.2,9.68,18.43,0.1674,2.161,0.4947,-2.288,-70.62,-15.66,-2.039,-10.85,2.846,-0.3323,-10.8,-6.709,-0.334,24.43,-3.781,-9.538,-105.7,-2.684,-1.21,-105.7,-1.314,-1.209,-156.5,-6.314,1.102,-77.04,-1.901,-1.639,-81.62,3.846,-1.267,-89.01,22.25,-0.8232,-88.16,-13.36,-1.943,-88.98,-3.696,-2.031,-79.42,26.87,-4.557,-67.82,-59.77,-11.6,-75.74,-41.86,-3.594,120.1,-29.78,83.5,299.3,-266.6,-105,377.9,-148.4,-34.17,508.8,168.5,-129.9,210,181.2,114.7,306.6,-77.64,109.9,386.7,-44.91,183.1,147,-74.7,-14.65,202.1,16.12,102.5,-1.966,-405.3,-189.9,-159.7,-315.4,12.68,-17.04,5.815,-25.36,279.3,256.8,0,35.15,-680.7,-54.24,-1185,-377,-53.23,0.4403,-0.05292,0.8779,0.1367,-0.6657,0.1661,0.5765,-0.4705,0.3914,0.2446,-0.6114,0.2795,-0.4968,-0.4676,-0.5357,-0.7184,-0.2133,-0.5211,-0.4899,-0.4275,-0.5661,0.7404,-0.1336,0.6536,0.6343,-0.0644,0.7681,0.597,-0.4993,0.3598,0.4735,-0.6319,0.4767,0.0329,-0.2706,0.05481,-0.6383,-0.3424,-0.4036,-0.2926,-0.6626,-0.688,-0.05732,-0.5453,-0.2656
3.79,5.789,-0.7377,4.522,13.78,-0.1371,5.938,-9.265,0.7806,17.42,13.63,17.41,13.62,-0.667,0.4608,-60.44,-33.7,-1.005,4.128,-4.649,-1.1,54.67,37.93,18.31,23.89,3.214,4.53,6.402,2.864,35.84,87.16,9.905,18.67,0.2803,2.393,0.6167,-2.482,-70.42,-15.59,-2.091,-10.66,3.195,0.2548,-10.7,-6.07,0.2558,24.65,-4.101,-7.949,-104.7,-3.017,-0.9457,-104.7,-2.236,-0.9451,-157,-6.245,2.295,-76.85,-2.005,-1.684,-81.51,3.696,-1.246,-88.84,22.06,-0.7206,-88.01,-13.76,-1.954,-88.97,-3.878,-2.14,-78.86,27.84,-4.435,-66.78,-58.68,-12.49,-75.22,-40.62,-3.986,103,-23.92,87.89,231,-252,-79.59,282.2,-167,-26.85,402.8,112.8,-156.2,152.8,122.1,80.07,245.6,-26.36,106,307.6,-49.31,148.9,19.53,-33.69,6.355,180.2,64.94,83.49,-38.55,-313,-118.2,-155.3,-215.3,-257.8,60.47,78.2,-59.64,163.1,356.9,21.49,-257.9,-684.6,-23.93,-1094,-404.4,-49.3,0.4406,-0.05408,0.8774,0.1382,-0.6622,0.163,0.5805,-0.4693,0.3824,0.2489,-0.6033,0.2722,-0.5,-0.4654,-0.5413,-0.7152,-0.2156,-0.5282,-0.4859,-0.4361,-0.5673,0.7396,-0.1351,0.6541,0.6333,-0.06476,0.7689,0.5943,-0.5011,0.3601,0.471,-0.6339,0.4779,0.03369,-0.2722,0.05457,-0.641,-0.336,-0.4002,-0.2988,-0.6565,-0.6908,-0.05701,-0.536,-0.2696
3.8,5.735,-0.7609,4.64,13.61,-0.177,5.952,-8.833,0.2519,17.99,13.08,17.98,13.07,-0.5721,0.3057,-60.21,-32.89,-0.4914,3.72,-3.829,-1.294,54.51,36.57,18.17,24.94,3.168,4.59,6.592,3.206,35.86,86.86,10.12,18.81,0.4854,2.653,0.5291,-2.704,-70.18,-15.52,-2.168,-10.65,3.501,0.8099,-10.77,-5.33,0.8117,24.81,-4.32,-6.266,-103.6,-3.364,-0.6664,-103.6,-3.112,-0.666,-157.3,-6.102,3.414,-76.62,-2.114,-1.709,-81.4,3.532,-1.242,-88.92,21.76,-0.796,-88.11,-14.09,-1.795,-88.96,-3.99,-2.193,-78.36,28.75,-4.257,-66.15,-57.4,-13,-74.95,-39.29,-4.133,101.6,-59.57,71.29,169.9,-215.8,-65.91,197.3,-161.6,-14.16,326.2,59.57,-184.1,111.3,60.06,64.46,191.9,-16.6,104,238.8,-61.53,172.4,-32.24,-40.54,3.902,189.9,69.34,98.14,2.457,-210.9,-127.4,-215.8,-245.6,-197.8,48.44,56.62,-44.88,118.7,394,-27.81,-478.1,-679.7,24.42,-968.8,-341.8,-33.73,0.441,-0.05561,0.8768,0.1404,-0.6587,0.1612,0.5855,-0.4676,0.3734,0.2543,-0.5951,0.2642,-0.5034,-0.463,-0.5472,-0.7123,-0.2172,-0.5352,-0.4826,-0.4441,-0.5681,0.7387,-0.1366,0.6547,0.6321,-0.06525,0.7698,0.5919,-0.5037,0.3607,0.4694,-0.634,0.4804,0.03406,-0.2732,0.05445,-0.644,-0.33,-0.3966,-0.306,-0.6509,-0.6924,-0.05768,-0.5261,-0.2724
3.81,5.705,-0.7711,4.724,13.43,-0.2229,6.006,-8.242,-0.231,18.52,12.51,18.52,12.51,-0.4101,0.1262,-59.82,-31.68,-0.00397,3.291,-2.962,-1.417,54.23,34.91,17.93,25.94,3.091,4.583,6.736,3.542,35.69,86.34,10.29,18.84,0.6052,2.975,0.5063,-2.988,-69.92,-15.46,-2.252,-10.78,3.746,1.345,-10.97,-4.494,1.347,24.91,-4.427,-4.501,-102.2,-3.724,-0.3978,-102.1,-3.956,-0.3979,-157.6,-5.87,4.455,-76.43,-2.234,-1.732,-81.3,3.378,-1.247,-88.94,21.36,-0.8787,-88.16,-14.32,-1.661,-88.96,-4.049,-2.183,-77.87,29.62,-4.016,-65.75,-55.96,-13.29,-74.85,-37.9,-4.069,107.9,-98.15,45.91,135.3,-175.3,-51.26,142.6,-135.3,-11.23,286.6,11.24,-223.1,76.17,-26.36,54.68,147,-28.32,82.03,207,-42,162.1,-15.63,-34.67,44.93,166.5,9.764,91.32,112.3,-114.2,-159.7,-133.3,-293,-70.32,69.82,12.7,-59.02,72.26,377.9,-71.78,-573.7,-706.1,36.59,-880.8,-330,-27.38,0.4413,-0.05719,0.8763,0.143,-0.6551,0.1607,0.5913,-0.4655,0.3644,0.2609,-0.5867,0.2557,-0.5069,-0.4607,-0.553,-0.7098,-0.2179,-0.5422,-0.4804,-0.4514,-0.5689,0.7378,-0.1379,0.6554,0.631,-0.0658,0.7706,0.5894,-0.5067,0.3618,0.4681,-0.6341,0.4821,0.03394,-0.2737,0.05451,-0.6474,-0.3243,-0.393,-0.3142,-0.6454,-0.6933,-0.05933,-0.5157,-0.2741
3.82,5.697,-0.7532,4.778,13.25,-0.271,6.089,-7.489,-0.6351,19.05,11.94,19.05,11.94,-0.1802,-0.06309,-59.29,-30.85,0.4309,2.881,-2.104,-1.523,53.89,33.79,17.65,26.86,2.992,4.512,6.723,3.845,35.41,85.58,10.43,18.81,0.6438,3.285,0.6507,-3.264,-69.67,-15.41,-2.328,-11.03,3.929,1.885,-11.27,-3.556,1.884,24.93,-4.412,-2.682,-101.1,-4.11,-0.08976,-101.1,-4.746,-0.08993,-157.6,-5.579,5.44,-76.26,-2.366,-1.743,-81.19,3.235,-1.266,-88.79,20.92,-0.933,-88.02,-14.48,-1.605,-88.96,-4.067,-2.155,-77.41,30.41,-3.739,-65.64,-54.39,-13.27,-74.89,-36.4,-3.854,92.28,-145.5,21,102.5,-126.5,-62.01,123,-106.4,-23.92,257.3,-42.47,-222.2,48.83,-90.33,46.88,95.22,-82.51,67.38,182.6,-48.34,134.8,28.79,-33.2,67.38,109.4,-63.48,83.49,150.9,-91.79,-114.3,8.769,-185.1,-99.11,42.43,15.15,-24.9,26.84,327.1,-98.65,-535.6,-706.1,45.37,-795.4,-356.4,-1.968,0.4415,-0.05872,0.8758,0.1459,-0.6513,0.1614,0.5977,-0.4633,0.3551,0.2686,-0.5784,0.247,-0.5102,-0.4586,-0.5586,-0.7077,-0.2176,-0.5492,-0.4793,-0.4578,-0.5698,0.7368,-0.1389,0.6561,0.63,-0.06647,0.7713,0.5868,-0.51,0.3628,0.4664,-0.635,0.4826,0.03369,-0.2738,0.05457,-0.651,-0.3189,-0.3895,-0.3231,-0.6404,-0.6929,-0.06171,-0.5046,-0.2749
3.83,5.7,-0.7244,4.823,13.07,-0.2923,6.143,-6.597,-0.9564,19.56,11.35,19.56,11.34,0.08,-0.2217,-58.69,-30.1,0.7953,2.486,-1.298,-1.602,53.48,32.95,17.36,27.7,2.866,4.411,6.748,3.998,35.11,84.59,10.6,18.74,0.6921,3.459,0.7782,-3.438,-69.45,-15.36,-2.37,-11.37,4.061,2.429,-11.65,-2.531,2.425,24.92,-4.272,-0.8563,-100.1,-4.526,0.2302,-100.1,-5.483,0.2306,-157.5,-5.256,6.351,-76.1,-2.509,-1.745,-81.07,3.092,-1.288,-88.68,20.48,-1.028,-87.91,-14.62,-1.518,-88.97,-4.049,-2.109,-77.12,31.12,-3.517,-65.96,-52.72,-12.82,-75.05,-34.81,-3.562,60.05,-159.7,-3.415,85.95,-77.64,-61.52,129.9,-83.01,-33.2,248.5,-86.42,-217.3,26.37,-138.2,48.34,50.29,-140.6,39.55,164.6,-63,123.5,75.21,-50.77,47.85,53.22,-138.7,44.93,153.3,-6.853,-98.62,64,-29.8,-50.3,17.71,0,-6.302,12.18,255.4,-109.4,-410.6,-660.1,-10.72,-714.8,-358.9,-17.09,0.4417,-0.05988,0.8753,0.1491,-0.6472,0.163,0.6045,-0.4612,0.3455,0.277,-0.5705,0.2379,-0.5129,-0.4572,-0.5638,-0.706,-0.2168,-0.556,-0.4794,-0.4632,-0.5711,0.7358,-0.1399,0.6569,0.6289,-0.0672,0.772,0.584,-0.5138,0.3635,0.4648,-0.6357,0.4832,0.03333,-0.2736,0.05469,-0.6546,-0.314,-0.3864,-0.3329,-0.6365,-0.6907,-0.06427,-0.4926,-0.2749
3.84,5.703,-0.7076,4.856,12.9,-0.2827,6.194,-5.626,-1.205,20.06,10.74,20.06,10.73,0.3698,-0.372,-58.05,-29.45,1.065,2.118,-0.5318,-1.672,53.06,32.41,17.08,28.48,2.722,4.32,6.768,3.945,34.79,83.36,10.75,18.59,0.7343,3.452,0.891,-3.43,-69.26,-15.33,-2.39,-11.78,4.15,2.967,-12.07,-1.469,2.96,24.85,-4.018,0.9526,-99.22,-4.971,0.5743,-99.23,-6.176,0.5754,-157.2,-4.923,7.215,-75.96,-2.642,-1.758,-80.96,2.959,-1.308,-88.57,20.04,-1.14,-87.81,-14.73,-1.408,-88.96,-4.009,-2.037,-77.07,31.75,-3.432,-66.72,-50.93,-11.97,-75.27,-33.11,-3.278,41.51,-138.7,-16.6,59.56,-36.13,-67.87,144.5,-58.11,-43.95,221.7,-116.2,-228.5,11.71,-177.2,42.48,16.1,-196.3,9.282,137.2,-83.5,109.4,98.16,-60.54,39.56,-9.268,-172.4,22.46,94.22,47.35,-80.56,70.31,15.12,-11.25,7.35,-28.77,-0.9223,33.18,148.4,-111.8,-307.1,-545.4,-81.07,-704.7,-266.2,-4.921,0.4418,-0.06079,0.8749,0.1522,-0.6432,0.1652,0.6113,-0.4591,0.3358,0.2862,-0.5628,0.2288,-0.515,-0.4565,-0.5685,-0.7044,-0.2156,-0.5625,-0.4803,-0.4674,-0.573,0.7348,-0.1408,0.6577,0.628,-0.06788,0.7727,0.5809,-0.5177,0.3639,0.4632,-0.6361,0.4838,0.03272,-0.2733,0.05475,-0.6578,-0.3095,-0.3835,-0.3433,-0.6339,-0.6865,-0.06659,-0.4799,-0.2744
3.85,5.703,-0.7082,4.871,12.76,-0.2476,6.196,-4.616,-1.414,20.54,10.12,20.53,10.11,0.6553,-0.4987,-57.43,-28.89,1.224,1.738,0.1743,-1.739,52.64,32.17,16.79,29.18,2.602,4.213,6.678,3.714,34.45,81.91,10.89,18.37,0.7123,3.342,1.125,-3.222,-69.11,-15.31,-2.391,-12.21,4.224,3.49,-12.49,-0.3834,3.48,24.78,-3.639,2.712,-98.51,-5.437,0.9206,-98.53,-6.851,0.9232,-156.7,-4.586,8.049,-75.81,-2.764,-1.78,-80.83,2.836,-1.319,-88.32,19.63,-1.181,-87.57,-14.81,-1.356,-88.95,-3.951,-1.949,-77.21,32.3,-3.439,-67.77,-49.02,-10.86,-75.47,-31.31,-3.008,0.9855,-119.1,-24.41,48.35,34.66,-60.05,134.3,-63.96,-81.55,199.7,-148,-209,-3.895,-179.7,47.85,-16.1,-240.7,-12.69,116.2,-127.4,89.85,74.24,-79.58,46.38,-64.94,-166.5,34.68,20.01,23.43,-20.98,52.77,11.23,16.6,31.4,-19.59,8.3,36.6,41.52,-121.1,-265.6,-439.4,-107.9,-693.8,-160.7,7.336,0.4419,-0.06141,0.8745,0.1553,-0.6391,0.1677,0.618,-0.457,0.3261,0.2958,-0.5557,0.2196,-0.5165,-0.4565,-0.5727,-0.7027,-0.2147,-0.5686,-0.482,-0.4709,-0.5753,0.7339,-0.1418,0.6584,0.6271,-0.06861,0.7733,0.5776,-0.5215,0.3643,0.4613,-0.6371,0.4836,0.03198,-0.2727,0.05481,-0.6605,-0.3058,-0.3806,-0.3543,-0.6322,-0.6806,-0.06897,-0.4663,-0.2739
3.86,5.682,-0.7103,4.888,12.63,-0.215,6.166,-3.579,-1.607,20.99,9.517,20.97,9.499,0.9296,-0.5976,-56.91,-28.44,1.292,1.336,0.7935,-1.785,52.3,32.17,16.54,29.86,2.472,4.121,6.556,3.383,34.13,80.27,11.05,18.04,0.6858,3.19,1.397,-2.836,-68.99,-15.29,-2.38,-12.56,4.283,3.986,-12.8,0.7128,3.975,24.72,-3.154,4.381,-97.92,-5.912,1.254,-97.96,-7.518,1.258,-156.1,-4.258,8.835,-75.65,-2.876,-1.791,-80.69,2.702,-1.318,-88.03,19.23,-1.212,-87.29,-14.89,-1.318,-88.94,-3.867,-1.868,-77.46,32.82,-3.518,-68.88,-46.97,-9.718,-75.54,-29.46,-2.807,-29.77,-91.79,-31.24,28.81,102.5,-67.87,131.3,-54.69,-88.37,175.8,-172.9,-181.6,-29.3,-173.3,48.34,-57.13,-266.1,-25.88,88.87,-184.1,75.2,14.17,-97.66,29.79,-110.8,-122.1,7.328,-37.62,-44.43,-39.55,7.308,22.46,16.6,13.7,-12.24,-17.52,49.33,68.87,-67.39,-215.3,-322.3,-87.44,-657.8,-74.72,5.368,0.442,-0.06183,0.8742,0.1579,-0.6353,0.1697,0.6246,-0.4549,0.3162,0.3055,-0.5494,0.2105,-0.5173,-0.457,-0.5763,-0.7008,-0.2143,-0.5744,-0.4843,-0.4735,-0.5779,0.7331,-0.1428,0.659,0.6261,-0.06928,0.774,0.5741,-0.5254,0.3644,0.4592,-0.6384,0.4831,0.03131,-0.272,0.05481,-0.6623,-0.3027,-0.3778,-0.3657,-0.6305,-0.6737,-0.07129,-0.4521,-0.2741
3.87,5.655,-0.7147,4.889,12.51,-0.1794,6.117,-2.563,-1.802,21.43,8.927,21.4,8.903,1.17,-0.6692,-56.55,-28.11,1.281,0.9225,1.32,-1.82,52.1,32.37,16.29,30.49,2.358,4.005,6.406,3.106,33.84,78.47,11.25,17.6,0.5774,3.117,1.714,-2.36,-68.88,-15.27,-2.364,-12.76,4.348,4.462,-12.96,1.793,4.451,24.68,-2.589,5.939,-97.49,-6.392,1.571,-97.54,-8.194,1.577,-155.4,-3.964,9.598,-75.5,-2.979,-1.802,-80.54,2.572,-1.313,-87.69,18.85,-1.217,-86.95,-14.98,-1.341,-88.93,-3.774,-1.763,-77.63,33.3,-3.545,-69.82,-44.77,-8.765,-75.44,-27.6,-2.659,-51.27,-81.54,-51.75,7.331,145.5,-84.47,104,-67.87,-97.65,147.9,-198.2,-172.4,-48.83,-176.3,55.66,-102.6,-272,-46.39,59.09,-239.3,66.41,-57.63,-88.86,16.61,-133.8,-55.17,1.963,-64.96,-84,-21.96,-45.38,77.67,34.19,-19.04,17.6,-14.6,17.09,136.3,-14.64,-206.1,-231,-8.784,-617.2,-39.56,-21.03,0.4421,-0.06214,0.874,0.1597,-0.6319,0.1708,0.631,-0.4527,0.3065,0.315,-0.5439,0.2014,-0.5175,-0.4581,-0.5794,-0.6986,-0.2146,-0.5798,-0.4867,-0.4756,-0.5808,0.7323,-0.1437,0.6595,0.6251,-0.07001,0.7746,0.5705,-0.5293,0.3645,0.4571,-0.6401,0.4823,0.03046,-0.2711,0.05487,-0.6637,-0.3002,-0.375,-0.3776,-0.6279,-0.6668,-0.07386,-0.4375,-0.2756
3.88,5.62,-0.7054,4.881,12.4,-0.143,6.06,-1.575,-2.002,21.83,8.348,21.79,8.318,1.39,-0.7147,-56.4,-27.91,1.183,0.5019,1.768,-1.843,52.1,32.7,16.05,31.08,2.282,3.825,6.084,3.06,33.53,76.55,11.44,17.04,0.312,3.158,2.219,-1.902,-68.79,-15.26,-2.342,-12.76,4.395,4.916,-12.9,2.826,4.907,24.69,-1.951,7.378,-97.19,-6.872,1.876,-97.26,-8.874,1.885,-154.7,-3.703,10.34,-75.34,-3.082,-1.808,-80.37,2.433,-1.315,-87.17,18.47,-1.139,-86.41,-15.05,-1.483,-88.93,-3.669,-1.605,-77.52,33.74,-3.371,-70.4,-42.45,-8.108,-75.12,-25.76,-2.558,-58.59,-71.78,-61.03,-25.39,176.8,-93.26,75.67,-84.47,-87.89,132.3,-207,-176.3,-67.38,-144,45.41,-127.4,-250.5,-53.71,46.38,-285.6,46.88,-111.3,-60.54,1.471,-129.4,-4.882,5.867,-111.3,-103.5,-36.63,-126,190,29.78,28.4,86,4.919,-40.02,230.4,32.73,-184,-146,58.59,-598.2,-50.29,-77.12,0.4422,-0.06238,0.8738,0.1602,-0.6288,0.1708,0.6371,-0.4507,0.2968,0.3242,-0.5393,0.1925,-0.5171,-0.4597,-0.5821,-0.6962,-0.2153,-0.585,-0.489,-0.4774,-0.5837,0.7315,-0.1447,0.6601,0.6241,-0.07087,0.7752,0.5669,-0.5329,0.3647,0.4544,-0.6429,0.4801,0.02918,-0.2702,0.05512,-0.665,-0.2983,-0.3722,-0.39,-0.6234,-0.6607,-0.07673,-0.4229,-0.2785
3.89,5.573,-0.6753,4.897,12.31,-0.1147,5.989,-0.6251,-2.214,22.23,7.817,22.18,7.78,1.602,-0.7711,-56.48,-27.82,1.06,0.1293,2.144,-1.85,52.29,33.1,15.81,31.62,2.23,3.587,5.721,3.321,33.2,74.5,11.67,16.27,-0.0721,3.305,2.754,-1.592,-68.69,-15.27,-2.33,-12.55,4.423,5.352,-12.61,3.8,5.348,24.75,-1.302,8.699,-97.01,-7.33,2.183,-97.1,-9.542,2.196,-154.1,-3.502,11.05,-75.17,-3.179,-1.818,-80.21,2.287,-1.343,-86.61,18.08,-1.052,-85.84,-15.11,-1.665,-88.93,-3.526,-1.371,-77.06,34.13,-2.967,-70.6,-40.04,-7.707,-74.69,-24.06,-2.438,-64.44,-66.4,-86.43,-59.08,172.9,-98.14,41.02,-102.5,-84.96,116.7,-237.8,-165.5,-95.2,-144,35.15,-150.9,-236.8,-41.99,28.33,-342.3,38.57,-144,-33.2,22.45,-115.2,22.46,-11.71,-133.3,-76.18,-70.31,-142.1,226.5,-67.89,47.44,74.68,-43.96,-105,266.6,45.9,-141.2,-111.8,51.74,-651.9,-76.66,-176.3,0.442,-0.06268,0.8736,0.1594,-0.6262,0.1694,0.6428,-0.4486,0.2873,0.3328,-0.5353,0.1839,-0.5164,-0.4618,-0.5841,-0.6936,-0.2164,-0.5899,-0.4908,-0.4792,-0.5866,0.7307,-0.1458,0.6606,0.6229,-0.07184,0.776,0.5636,-0.5364,0.3651,0.4517,-0.646,0.4777,0.02728,-0.2688,0.05554,-0.6662,-0.297,-0.3693,-0.4033,-0.6169,-0.6554,-0.08002,-0.4093,-0.2822
3.9,5.549,-0.6525,4.934,12.22,-0.0916,5.912,0.2936,-2.421,22.62,7.303,22.56,7.258,1.794,-0.8088,-56.4,-27.86,0.936,-0.199,2.471,-1.86,52.34,33.49,15.53,32.09,2.168,3.329,5.467,3.824,32.87,72.36,11.94,15.2,-0.4878,3.579,3.203,-1.499,-68.57,-15.29,-2.319,-12.47,4.47,5.753,-12.44,4.762,5.755,24.84,-0.655,9.932,-96.94,-7.78,2.483,-97.05,-10.2,2.5,-153.6,-3.353,11.74,-74.97,-3.285,-1.822,-80.05,2.153,-1.36,-86.17,17.66,-1.001,-85.37,-15.2,-1.812,-88.95,-3.351,-1.079,-76.3,34.48,-2.364,-70.47,-37.56,-7.529,-74.21,-22.64,-2.256,-79.11,-67.87,-91.3,-91.31,149.9,-121.6,15.13,-119.1,-76.66,96.68,-256.8,-162.1,-121.1,-134.3,30.27,-178.2,-225.6,-35.16,9.754,-390.1,55.67,-168,-21,17.57,-108.4,39.55,-59.56,-188.5,-44.92,-70.81,-134.8,172.3,-78.15,35.75,34.74,-18.14,-180.2,353.1,52.23,-169.9,-62.48,28.29,-714.8,-151.4,-281.7,0.4419,-0.06305,0.8735,0.1575,-0.6239,0.1668,0.648,-0.4468,0.2777,0.3409,-0.5318,0.1755,-0.5153,-0.4643,-0.5857,-0.691,-0.2178,-0.5945,-0.4919,-0.4811,-0.5892,0.7298,-0.147,0.6611,0.6219,-0.07276,0.7766,0.5606,-0.5397,0.3659,0.4494,-0.6485,0.4758,0.02496,-0.2672,0.05621,-0.6667,-0.2966,-0.3665,-0.4171,-0.6085,-0.6509,-0.0838,-0.3976,-0.2861
3.91,5.535,-0.6363,4.97,12.13,-0.05994,5.839,1.138,-2.617,23,6.813,22.93,6.761,1.973,-0.8515,-56.64,-27.99,0.8239,-0.4432,2.797,-1.869,52.67,33.85,15.25,32.5,2.095,3.015,5.1,4.601,32.55,70.1,12.26,13.69,-0.9515,3.954,3.745,-1.718,-68.44,-15.31,-2.316,-12.07,4.493,6.151,-11.95,5.624,6.162,24.97,-0.05458,11.1,-96.96,-8.213,2.788,-97.09,-10.83,2.809,-153.2,-3.274,12.42,-74.77,-3.395,-1.843,-79.89,2.026,-1.387,-85.61,17.25,-0.9433,-84.79,-15.28,-1.981,-88.96,-3.148,-0.7595,-75.21,34.76,-1.522,-69.99,-34.99,-7.592,-73.75,-21.59,-2.049,-106.4,-75.2,-112.8,-116.7,103.5,-136.2,-9.284,-146.5,-69.34,64.45,-275.9,-170.4,-158.2,-124.5,29.79,-197.3,-218.8,-43.95,-15.62,-436.5,34.18,-178.2,-16.12,-1.471,-115.2,32.22,-52.74,-229,11.72,-47.86,-64.46,130.9,-53.72,2.339,-1.53,1.998,-201.6,459.5,17.57,-175.7,-62.02,71.8,-768,-224.7,-247.1,0.4416,-0.06348,0.8733,0.1547,-0.6218,0.1633,0.6527,-0.4452,0.2682,0.3483,-0.5285,0.1674,-0.5139,-0.4672,-0.5869,-0.6884,-0.2193,-0.5989,-0.4921,-0.4833,-0.5916,0.7289,-0.1483,0.6617,0.6209,-0.07373,0.7772,0.5581,-0.5428,0.3668,0.4464,-0.6516,0.4735,0.0224,-0.2653,0.05682,-0.667,-0.2968,-0.3636,-0.4316,-0.5977,-0.6476,-0.08753,-0.3889,-0.2898
3.92,5.506,-0.6368,5.01,12.08,-0.01813,5.79,1.914,-2.817,23.39,6.38,23.32,6.318,2.136,-0.8939,-56.87,-28.19,0.7247,-0.6278,3.129,-1.895,52.96,34.12,14.97,32.83,1.994,2.714,4.569,5.583,32.27,67.69,12.61,11.7,-1.429,4.434,4.42,-2.26,-68.31,-15.36,-2.314,-11.68,4.527,6.539,-11.46,6.428,6.56,25.15,0.4943,12.22,-97.06,-8.611,3.09,-97.21,-11.42,3.117,-153,-3.229,13.09,-74.59,-3.495,-1.874,-79.75,1.893,-1.408,-84.91,16.85,-0.861,-84.07,-15.4,-2.17,-88.96,-2.957,-0.443,-73.89,34.96,-0.5399,-69.24,-32.33,-7.837,-73.33,-20.99,-1.788,-140.1,-79.59,-129.9,-143.6,59.57,-152.3,-27.33,-173.3,-49.81,22.95,-293,-161.1,-189,-129.9,34.67,-233.9,-217.8,-44.43,-40.03,-458.5,42.48,-181.7,1.962,-5.864,-145,-3.905,-83.99,-244.1,93.73,-13.68,-9.308,106,-28.35,-21.05,-20.51,-2.92,-232.4,548.3,-31.73,-227,-105.5,130.4,-625,-190.9,-150.4,0.4412,-0.06391,0.8733,0.1516,-0.6199,0.1593,0.6568,-0.4438,0.2587,0.3551,-0.5252,0.1594,-0.5124,-0.4702,-0.5876,-0.6858,-0.2207,-0.6031,-0.4914,-0.4861,-0.5935,0.7281,-0.1495,0.6622,0.6199,-0.07453,0.7778,0.5557,-0.5459,0.3676,0.4426,-0.6554,0.4708,0.01984,-0.2634,0.05738,-0.6673,-0.2974,-0.361,-0.4465,-0.5849,-0.6451,-0.09137,-0.3837,-0.293
3.93,5.462,-0.6324,5.045,12.03,0.04425,5.747,2.606,-3.005,23.8,5.949,23.71,5.88,2.258,-0.9132,-57.1,-28.42,0.6497,-0.726,3.469,-1.907,53.21,34.28,14.75,33.1,1.873,2.461,4.024,6.643,32.06,65.16,12.98,9.299,-1.875,4.934,5.106,-3.016,-68.2,-15.4,-2.291,-11.3,4.581,6.928,-10.99,7.167,6.96,25.35,0.9668,13.32,-97.19,-9.001,3.394,-97.38,-12,3.427,-153,-3.24,13.74,-74.44,-3.59,-1.906,-79.63,1.75,-1.432,-84.21,16.48,-0.8111,-83.34,-15.56,-2.345,-88.98,-2.782,-0.1462,-72.49,35.06,0.4413,-68.41,-29.62,-8.054,-72.99,-20.77,-1.408,-173.4,-89.84,-145.5,-168.5,13.18,-165.5,-57.63,-226.1,-37.6,-21.98,-323.7,-147.9,-219.2,-119.1,54.68,-271,-200.2,-40.53,-73.74,-461.9,42.97,-201.2,-3.412,-2.921,-169.9,-39.55,-76.18,-193.4,205.1,4.888,31.23,156.3,-67.89,-57.13,10.25,17.06,-272,597.1,-35.13,-297.9,-139.2,162.6,-419.4,-116.2,-24.87,0.4408,-0.06415,0.8732,0.1484,-0.618,0.155,0.6603,-0.4426,0.2495,0.3612,-0.5218,0.1516,-0.5107,-0.4735,-0.5882,-0.6831,-0.2222,-0.607,-0.4898,-0.4893,-0.5951,0.7273,-0.1506,0.6627,0.6189,-0.07526,0.7786,0.5534,-0.549,0.3681,0.4385,-0.6592,0.4683,0.01746,-0.2618,0.05799,-0.6678,-0.2978,-0.3594,-0.4618,-0.571,-0.6425,-0.09589,-0.3817,-0.2955
3.94,5.41,-0.6156,5.096,11.98,0.1043,5.685,3.245,-3.173,24.21,5.539,24.12,5.46,2.355,-0.9375,-57.3,-28.63,0.6012,-0.7498,3.813,-1.916,53.36,34.33,14.58,33.28,1.723,2.253,3.547,7.668,31.95,62.5,13.37,6.623,-2.233,5.46,5.719,-3.846,-68.12,-15.45,-2.261,-10.99,4.652,7.309,-10.58,7.87,7.354,25.59,1.378,14.39,-97.34,-9.377,3.703,-97.55,-12.54,3.743,-153.1,-3.28,14.37,-74.29,-3.687,-1.929,-79.54,1.598,-1.46,-83.62,16.15,-0.8252,-82.71,-15.78,-2.468,-89,-2.642,0.108,-71.16,35.05,1.338,-67.65,-26.9,-8.124,-72.73,-20.81,-0.8306,-173.8,-86.43,-158.2,-197.8,-24.9,-181.6,-73.26,-269,-42.49,-55.19,-338.9,-149.9,-238.8,-94.73,70.31,-305.2,-190.9,-51.27,-111.8,-447.3,46.39,-230.5,-30.28,-4.883,-191.9,-74.7,-61.52,-147.5,320.3,53.23,81.08,157.2,-70.81,-58.46,48.81,57.18,-339.8,598.2,24.41,-324.7,-153.8,186.6,-143.5,-17.58,65.4,0.4404,-0.06421,0.8732,0.1454,-0.616,0.1508,0.6633,-0.4415,0.2404,0.3667,-0.5183,0.1439,-0.5091,-0.4767,-0.5886,-0.6805,-0.2238,-0.6106,-0.4874,-0.4929,-0.5963,0.7266,-0.1516,0.6632,0.6178,-0.07587,0.7793,0.5512,-0.5522,0.3681,0.4344,-0.6626,0.4666,0.01544,-0.2604,0.05866,-0.6684,-0.2982,-0.3585,-0.4772,-0.5571,-0.639,-0.1018,-0.3818,-0.2971
3.95,5.384,-0.5995,5.16,11.95,0.1694,5.597,3.836,-3.324,24.64,5.156,24.55,5.065,2.433,-0.9685,-57.45,-28.78,0.5619,-0.6996,4.153,-1.884,53.4,34.29,14.46,33.34,1.563,2.119,3.113,8.504,31.96,59.69,13.77,3.826,-2.556,5.988,6.266,-4.55,-68.06,-15.52,-2.214,-10.76,4.726,7.683,-10.24,8.528,7.743,25.86,1.728,15.42,-97.45,-9.735,4.022,-97.69,-13.05,4.069,-153.2,-3.343,14.94,-74.14,-3.785,-1.942,-79.46,1.47,-1.479,-83.08,15.9,-0.8623,-82.14,-16.04,-2.537,-89.01,-2.534,0.3786,-70.08,34.94,2.02,-67.16,-24.19,-7.916,-72.55,-20.94,-0.009803,-183.1,-87.89,-159.7,-225.6,-58.11,-181.6,-83.98,-303.7,-33.69,-69.34,-354,-148.4,-247.1,-97.16,71.78,-322.3,-183.6,-58.59,-135.3,-418.9,50.3,-252.9,-72.27,-23.93,-213.4,-123,-92.28,-134.8,389.6,88.87,150.8,157.7,33.2,-54.12,-11.17,31.66,-383.8,566.9,94.73,-345.7,-134.7,156.3,0,-14.22,103.5,0.4399,-0.06403,0.8733,0.1426,-0.614,0.1469,0.666,-0.4404,0.2317,0.3717,-0.5149,0.1363,-0.5078,-0.4797,-0.589,-0.678,-0.2254,-0.6138,-0.4848,-0.4964,-0.5973,0.7258,-0.1525,0.6637,0.6168,-0.07636,0.78,0.5489,-0.5552,0.3675,0.4303,-0.6658,0.4655,0.01325,-0.2594,0.05927,-0.6688,-0.2988,-0.3586,-0.4925,-0.5445,-0.6335,-0.1094,-0.3825,-0.2981
3.96,5.354,-0.5783,5.223,11.89,0.2361,5.505,4.371,-3.468,25.06,4.792,24.96,4.684,2.467,-1.017,-57.53,-28.84,0.5791,-0.5878,4.493,-1.818,53.3,34.19,14.43,33.33,1.414,1.984,2.802,9.109,32.11,56.79,14.19,1.001,-2.801,6.54,6.649,-4.983,-68.06,-15.58,-2.166,-10.63,4.84,8.027,-10.01,9.168,8.102,26.14,2,16.43,-97.52,-10.07,4.333,-97.79,-13.53,4.388,-153.4,-3.444,15.45,-74.05,-3.904,-1.954,-79.42,1.317,-1.5,-82.72,15.72,-0.9332,-81.76,-16.37,-2.552,-89.04,-2.457,0.6209,-69.34,34.74,2.514,-66.99,-21.51,-7.468,-72.43,-21.08,1.004,-182.1,-80.08,-168.5,-250,-71.29,-199.2,-99.11,-335.9,-27.83,-84.96,-382.8,-149.9,-242.7,-76.18,85.45,-341.3,-189,-61.52,-146.5,-394.5,41.02,-271,-101.6,-46.87,-241.2,-132.8,-95.22,-206.5,357.9,107.9,173.3,173.8,50.3,-73.16,-46.37,43.5,-409.7,505.4,149.4,-375.9,-84.51,146.5,65.88,-56.62,110.3,0.4395,-0.06366,0.8735,0.1406,-0.612,0.1433,0.6686,-0.4392,0.2235,0.376,-0.5112,0.129,-0.5067,-0.4825,-0.5895,-0.6756,-0.227,-0.6168,-0.482,-0.4995,-0.5982,0.725,-0.1531,0.6644,0.6157,-0.0766,0.7808,0.5463,-0.5582,0.3664,0.4266,-0.6682,0.4657,0.01129,-0.2586,0.05988,-0.6694,-0.2998,-0.3591,-0.5071,-0.5336,-0.6259,-0.1186,-0.3834,-0.2984
3.97,5.34,-0.5574,5.271,11.81,0.3109,5.442,4.879,-3.583,25.47,4.452,25.37,4.33,2.483,-1.034,-57.52,-28.83,0.6356,-0.4283,4.805,-1.748,53.07,34.08,14.47,33.22,1.291,1.777,2.519,9.572,32.4,53.76,14.65,-1.851,-3.005,7.096,6.975,-5.199,-68.07,-15.64,-2.108,-10.61,4.973,8.359,-9.894,9.8,8.452,26.43,2.205,17.41,-97.55,-10.4,4.602,-97.84,-13.97,4.664,-153.6,-3.598,15.91,-73.99,-4.045,-1.961,-79.41,1.158,-1.514,-82.42,15.6,-0.985,-81.43,-16.78,-2.562,-89.05,-2.423,0.8293,-68.81,34.42,2.961,-67.05,-18.85,-6.841,-72.36,-21.22,2.158,-202.1,-84.48,-187,-270.5,-68.85,-209,-116.7,-353.5,-16.12,-103,-408.2,-164.1,-246.6,-88.38,81.54,-354,-188,-63.48,-153.3,-379.9,34.66,-291,-125.5,-12.69,-284.2,-115.2,-95.22,-275.4,271.5,119.6,164.1,247.1,115.7,-61.14,-59.99,39.5,-368.2,453.1,163.6,-387.6,7.345,123.1,73.23,-56.1,79.09,0.4391,-0.06318,0.8737,0.1392,-0.61,0.1404,0.6711,-0.4378,0.2157,0.3798,-0.5075,0.122,-0.5057,-0.4847,-0.5903,-0.6734,-0.2287,-0.6194,-0.4791,-0.5021,-0.5995,0.724,-0.1535,0.6653,0.6146,-0.07666,0.7816,0.5437,-0.5609,0.365,0.4229,-0.6706,0.4663,0.009583,-0.2581,0.06043,-0.6701,-0.3017,-0.3597,-0.5212,-0.524,-0.6165,-0.1288,-0.3842,-0.2983
3.98,5.341,-0.5323,5.305,11.71,0.3756,5.392,5.339,-3.686,25.86,4.119,25.77,3.986,2.444,-1.044,-57.43,-28.76,0.7362,-0.2267,5.107,-1.649,52.73,33.98,14.58,33,1.163,1.547,2.221,9.915,32.85,50.61,15.16,-4.732,-3.128,7.662,7.274,-5.261,-68.1,-15.69,-2.041,-10.7,5.149,8.657,-9.882,10.43,8.768,26.71,2.353,18.35,-97.52,-10.71,4.85,-97.85,-14.39,4.92,-153.7,-3.796,16.3,-73.96,-4.19,-1.95,-79.42,1.013,-1.514,-82.12,15.56,-1.028,-81.11,-17.26,-2.549,-89.05,-2.413,0.9799,-68.45,34,3.335,-67.27,-16.18,-6.091,-72.34,-21.37,3.427,-226.1,-81.54,-194.8,-289.6,-64.94,-213.4,-133.8,-367.7,-7.817,-130.4,-429.7,-176.3,-262.7,-122.1,82.52,-370.1,-189.9,-62.99,-187,-385.3,22.95,-316.9,-130.9,11.24,-301.3,-86.92,-98.62,-294.9,173.4,143.6,64.92,336.5,127.5,-26.73,-22.49,-2.459,-340.8,389.7,147,-397,105,55.2,173.4,-36.58,133.3,0.4387,-0.06256,0.8738,0.1385,-0.6081,0.1378,0.6737,-0.4364,0.2085,0.3833,-0.5037,0.1154,-0.5049,-0.4867,-0.5912,-0.6714,-0.2305,-0.6217,-0.4763,-0.5041,-0.601,0.7232,-0.1534,0.6662,0.6137,-0.07654,0.7824,0.5412,-0.5633,0.3631,0.4187,-0.6731,0.4675,0.008301,-0.2579,0.06067,-0.6709,-0.3042,-0.3606,-0.535,-0.5153,-0.6056,-0.1398,-0.385,-0.2977
3.99,5.331,-0.5098,5.316,11.63,0.4165,5.387,5.775,-3.755,26.24,3.806,26.16,3.657,2.408,-1.057,-57.24,-28.66,0.8888,-0.004253,5.386,-1.533,52.3,33.94,14.76,32.69,1.02,1.319,1.884,10.15,33.44,47.36,15.72,-7.62,-3.29,8.272,7.613,-5.197,-68.13,-15.74,-1.991,-10.88,5.349,8.933,-9.964,11.05,9.063,26.96,2.438,19.26,-97.48,-11.02,5.072,-97.82,-14.76,5.149,-153.7,-4.025,16.63,-73.97,-4.322,-1.929,-79.44,0.8716,-1.503,-81.8,15.6,-1.066,-80.75,-17.82,-2.588,-89.06,-2.419,1.126,-68.24,33.51,3.623,-67.57,-13.5,-5.265,-72.39,-21.49,4.804,-240.7,-76.66,-205.1,-297.4,-54.2,-224.1,-145,-379.9,-3.908,-153.3,-447.3,-189.9,-280.3,-131.4,81.54,-377.9,-177.2,-52.73,-223.2,-398.4,26.38,-328.6,-124,12.69,-318.4,-36.62,-115.2,-283.2,90.81,92.78,-42.46,342.8,113.8,-52.78,-13.62,-1.998,-318.8,340.8,150.4,-355,222.2,41.5,333.9,-67.87,72.74,0.4384,-0.06207,0.874,0.1385,-0.6062,0.1358,0.6762,-0.4348,0.2017,0.3863,-0.4998,0.1092,-0.5042,-0.4883,-0.5922,-0.6695,-0.2322,-0.6237,-0.4739,-0.5052,-0.6028,0.7224,-0.1531,0.667,0.6127,-0.07624,0.7832,0.5392,-0.5652,0.3609,0.4142,-0.676,0.4686,0.00708,-0.2579,0.06104,-0.6714,-0.3075,-0.3618,-0.5483,-0.5071,-0.5936,-0.1515,-0.3857,-0.2966
4,5.321,-0.5026,5.317,11.56,0.4483,5.411,6.165,-3.789,26.61,3.496,26.53,3.329,2.355,-1.071,-56.99,-28.53,1.057,0.2241,5.637,-1.412,51.79,33.9,14.95,32.29,0.8974,1.11,1.441,10.31,34.13,44.04,16.35,-10.43,-3.489,8.962,8.018,-5.112,-68.16,-15.78,-1.948,-11.13,5.581,9.188,-10.13,11.67,9.339,27.21,2.48,20.12,-97.39,-11.33,5.275,-97.75,-15.1,5.357,-153.8,-4.257,16.91,-74.02,-4.431,-1.906,-79.49,0.755,-1.476,-81.38,15.68,-1.041,-80.29,-18.42,-2.686,-89.06,-2.421,1.255,-68.12,32.95,3.846,-67.88,-10.8,-4.481,-72.49,-21.53,6.237,-263.2,-73.73,-211.9,-300.3,-55.18,-216.8,-149.9,-384.3,-1.46,-170.9,-453.6,-198.7,-295.4,-183.6,77.15,-386.7,-164.1,-64.94,-248,-410.6,35.15,-345.7,-98.62,16.12,-336.9,-0.499,-120.6,-290.5,-22.46,129.9,-75.69,352.5,75.67,-25.72,22.95,0.9223,-335.5,279.8,142.6,-272.4,341.8,56.65,575.7,-69.29,98.6,0.4382,-0.06165,0.8741,0.1391,-0.6043,0.1342,0.6786,-0.4332,0.1954,0.389,-0.4959,0.1034,-0.5036,-0.4897,-0.5934,-0.6679,-0.2338,-0.6255,-0.4718,-0.506,-0.6047,0.7219,-0.1527,0.6677,0.612,-0.07575,0.7839,0.5376,-0.5666,0.3588,0.4091,-0.6796,0.4694,0.005982,-0.2578,0.06128,-0.6712,-0.3114,-0.3631,-0.5611,-0.4988,-0.581,-0.1635,-0.3857,-0.2949
4.01,5.342,-0.4816,5.331,11.48,0.4433,5.447,6.502,-3.798,26.99,3.193,26.91,3.003,2.297,-1.088,-56.74,-28.39,1.225,0.4351,5.859,-1.302,51.26,33.91,15.12,31.8,0.7439,0.9254,0.9224,10.48,34.9,40.69,17.05,-13.04,-3.729,9.852,8.471,-5.181,-68.19,-15.8,-1.916,-11.38,5.838,9.452,-10.29,12.25,9.624,27.45,2.484,20.95,-97.3,-11.63,5.461,-97.67,-15.41,5.548,-153.7,-4.479,17.16,-74.08,-4.527,-1.858,-79.56,0.6824,-1.443,-80.91,15.78,-1.016,-79.76,-19.09,-2.818,-89.06,-2.434,1.397,-68.04,32.34,4.04,-68.11,-8.114,-3.85,-72.73,-21.41,7.781,-254.4,-70.31,-206.5,-280.8,-52.74,-210,-146,-370.6,-24.42,-172.9,-443.9,-199.7,-313.5,-183.6,77.64,-396.5,-161.1,-42.48,-267.1,-428.7,23.44,-348.6,-82.52,10.75,-352.5,14.17,-121.1,-247.5,-30.77,89.86,-124.5,229.5,64.47,-12.7,7.804,-41.5,-401.8,296.4,146,-222.1,409.2,64.47,946.8,-30.25,-24.43,0.4381,-0.06128,0.8742,0.1403,-0.6023,0.1328,0.6809,-0.4316,0.1896,0.3913,-0.492,0.09785,-0.503,-0.491,-0.5946,-0.6665,-0.2351,-0.6271,-0.4701,-0.5063,-0.6066,0.7214,-0.1519,0.6684,0.6115,-0.07508,0.7843,0.5373,-0.5673,0.3572,0.4035,-0.6836,0.4701,0.004761,-0.2578,0.06153,-0.6706,-0.3158,-0.3646,-0.5731,-0.4895,-0.5691,-0.176,-0.3845,-0.2921
4.02,5.453,-0.4663,5.352,11.4,0.4086,5.48,6.75,-3.766,27.37,2.921,27.31,2.695,2.217,-1.127,-56.46,-28.25,1.437,0.6261,6.119,-1.194,50.62,33.96,15.19,31.14,0.5797,0.7473,0.3836,10.68,35.65,37.31,17.76,-15.31,-3.959,10.92,8.934,-5.483,-68.24,-15.84,-1.903,-11.68,6.132,9.689,-10.51,12.78,9.88,27.73,2.386,21.77,-97.23,-11.91,5.647,-97.62,-15.66,5.738,-153.6,-4.666,17.37,-74.15,-4.645,-1.798,-79.65,0.6786,-1.397,-80.43,15.86,-0.9815,-79.22,-19.76,-2.952,-89.06,-2.43,1.527,-67.94,31.63,4.234,-68.22,-5.464,-3.362,-73.13,-20.99,9.433,-222.7,-63.97,-170.9,-284.2,-51.27,-216.8,-155.8,-340.8,-21.97,-163.6,-409.7,-219.7,-315.9,-203.1,75.19,-410.6,-172.4,-43.46,-273.9,-439.9,11.22,-356.9,-72.27,-14.16,-353,14.17,-168,-203.6,-16.58,80.56,-161.6,17.06,-15.61,25.39,-78.2,0,-438.5,312.5,134.3,-195.3,418.5,55.2,1318,-55.2,-160.2,0.4378,-0.06098,0.8744,0.142,-0.6004,0.1315,0.6829,-0.4299,0.1843,0.3929,-0.4878,0.09229,-0.5023,-0.4923,-0.5957,-0.6653,-0.2361,-0.6286,-0.4688,-0.5065,-0.6083,0.7209,-0.1511,0.6692,0.6116,-0.07428,0.7843,0.5373,-0.5678,0.356,0.3978,-0.6877,0.4708,0.003662,-0.2577,0.06177,-0.6699,-0.3206,-0.3666,-0.5843,-0.4795,-0.5578,-0.1889,-0.3813,-0.2876
4.03,5.602,-0.4696,5.365,11.32,0.3614,5.552,6.853,-3.691,27.81,2.667,27.75,2.395,2.087,-1.174,-56.24,-28.13,1.697,0.7979,6.37,-1.082,49.92,34.05,15.2,30.35,0.3675,0.6316,-0.2326,10.84,36.41,33.97,18.51,-17.03,-4.222,12.07,9.452,-6.003,-68.3,-15.88,-1.898,-11.94,6.49,9.939,-10.73,13.24,10.15,28.05,2.147,22.55,-97.19,-12.2,5.835,-97.58,-15.88,5.93,-153.5,-4.821,17.54,-74.27,-4.765,-1.729,-79.78,0.7133,-1.328,-79.9,15.91,-0.9468,-78.63,-20.46,-3.122,-89.07,-2.432,1.66,-67.92,30.85,4.339,-68.34,-2.943,-2.936,-73.82,-20.16,11.14,-190.9,-95.21,-132.3,-311,-60.05,-216.8,-183.1,-334.5,12.21,-182.1,-425.8,-237.3,-316.4,-189.5,83.5,-409.7,-180.7,-51.75,-285.6,-444.8,-0.4864,-377.4,-62.01,-61.52,-331.6,-14.65,-229.5,-156.7,54.21,24.41,-85.92,-138.2,1.489,-7.35,-92.73,10.3,-448.2,320.3,73.72,-101.1,405.2,42.95,1506,-106.9,-263.7,0.4375,-0.06067,0.8747,0.1445,-0.5983,0.1303,0.6844,-0.4284,0.1795,0.3933,-0.4835,0.08692,-0.5015,-0.4938,-0.5967,-0.6644,-0.2367,-0.6299,-0.4679,-0.5064,-0.6099,0.7204,-0.1498,0.67,0.612,-0.07312,0.7842,0.5375,-0.5682,0.3552,0.3917,-0.692,0.4714,0.002564,-0.2576,0.06214,-0.6695,-0.3254,-0.3695,-0.5943,-0.4697,-0.5469,-0.2014,-0.3752,-0.2806
4.04,5.688,-0.5004,5.34,11.29,0.3289,5.695,6.86,-3.593,28.27,2.435,28.22,2.114,1.891,-1.21,-56.05,-28.03,2.011,0.9395,6.608,-0.9856,49.13,34.16,15.16,29.5,0.1479,0.6589,-0.8293,10.85,37.18,30.78,19.29,-18.15,-4.404,13.13,9.904,-6.661,-68.37,-15.93,-1.877,-12.18,6.893,10.18,-10.93,13.64,10.41,28.43,1.794,23.29,-97.19,-12.48,6.024,-97.58,-16.05,6.121,-153.4,-4.936,17.69,-74.49,-4.835,-1.658,-79.96,0.7408,-1.228,-79.44,15.91,-0.893,-78.11,-21.23,-3.266,-89.09,-2.461,1.742,-68.12,30.03,4.236,-68.6,-0.609,-2.476,-74.82,-18.91,12.79,-221.2,-128.4,-128.4,-319.3,-46.38,-213.9,-175.3,-346.2,48.83,-177.7,-456,-258.3,-314.5,-182.6,99.61,-422.4,-201.2,-51.75,-292,-440.4,-6.828,-392.1,-48.34,-100.6,-301.3,-52.25,-251.9,-177.7,89.84,124.5,35.15,-18.57,-15.61,-43.43,3.367,-7.839,-471.7,295.4,0.4722,34.69,460.5,24.9,1438,-180.7,-417,0.4372,-0.06018,0.875,0.1478,-0.5962,0.1292,0.6853,-0.4273,0.1749,0.3927,-0.4792,0.08161,-0.5006,-0.4954,-0.5975,-0.6637,-0.2371,-0.6311,-0.4673,-0.5064,-0.6112,0.7203,-0.1481,0.6706,0.6123,-0.07148,0.7842,0.5377,-0.5686,0.3548,0.3856,-0.6961,0.4726,0.001892,-0.2578,0.06244,-0.6693,-0.3295,-0.3734,-0.603,-0.4615,-0.5357,-0.2126,-0.3666,-0.2705
4.05,5.675,-0.538,5.251,11.33,0.2929,5.931,6.854,-3.49,28.73,2.241,28.69,1.856,1.691,-1.256,-55.88,-27.93,2.365,1.064,6.805,-0.8816,48.29,34.31,15.16,28.65,-0.08669,0.8818,-1.21,10.74,38.01,27.79,20.09,-18.77,-4.454,13.92,10.12,-7.479,-68.47,-15.98,-1.849,-12.42,7.289,10.43,-11.14,14.03,10.67,28.82,1.364,23.97,-97.21,-12.72,6.215,-97.61,-16.19,6.314,-153.3,-5.024,17.8,-74.81,-4.844,-1.576,-80.19,0.7313,-1.106,-79.24,15.91,-0.8917,-77.88,-22.06,-3.279,-89.12,-2.494,1.81,-68.48,29.21,3.897,-68.96,1.521,-1.96,-76.13,-17.35,14.2,-273.4,-137.2,-110.3,-308.1,-20.02,-210.9,-151.4,-360.8,43.95,-167.5,-473.1,-281.2,-310.1,-194.3,110.4,-431.1,-226.6,-62.5,-301.8,-440.4,-6.828,-394.5,-33.69,-145.5,-263.2,-102.1,-225.1,-224.6,119.6,98.62,23.46,44.92,-35.13,-43.43,3.367,54.72,-453.2,233.4,14.64,144,514.7,-5.399,1265,-117.6,-538.6,0.4369,-0.05957,0.8753,0.1516,-0.5941,0.1286,0.6857,-0.4267,0.1704,0.3914,-0.4749,0.07648,-0.4999,-0.497,-0.5981,-0.6632,-0.2375,-0.6321,-0.4671,-0.5062,-0.6123,0.7207,-0.1456,0.6709,0.6125,-0.0694,0.7843,0.5371,-0.5693,0.3542,0.3803,-0.6988,0.4756,0.001343,-0.2581,0.06281,-0.6687,-0.3328,-0.3786,-0.6106,-0.455,-0.5242,-0.221,-0.3564,-0.2576
4.06,5.546,-0.5817,5.113,11.39,0.2342,6.224,6.842,-3.386,29.14,2.073,29.11,1.604,1.503,-1.314,-55.72,-27.84,2.74,1.164,6.977,-0.7887,47.39,34.48,15.28,27.86,-0.3535,1.312,-1.477,10.6,38.93,25.03,20.88,-19.08,-4.485,14.38,10.2,-8.503,-68.6,-16.01,-1.824,-12.68,7.662,10.66,-11.37,14.38,10.91,29.23,0.8773,24.61,-97.26,-12.94,6.403,-97.66,-16.3,6.503,-153.2,-5.083,17.89,-75.22,-4.813,-1.472,-80.45,0.6509,-0.9497,-79.18,15.96,-0.9191,-77.79,-22.92,-3.248,-89.14,-2.567,1.905,-68.9,28.42,3.369,-69.34,3.45,-1.399,-77.7,-15.66,15.32,-338.4,-145,-104,-284.2,-1.463,-206.1,-127.5,-367.7,45.9,-177.7,-492.7,-300.3,-311.5,-193.8,107.9,-441.9,-238.8,-67.88,-312,-444.8,-15.13,-397.5,-36.12,-148.9,-241.7,-155.3,-198.2,-250,178.7,103,72.23,190.9,70.81,-69.49,18.06,19.98,-421.4,132.8,50.76,272.4,554.7,-65.92,1049,175.3,-591.8,0.4368,-0.0589,0.8756,0.1554,-0.592,0.1284,0.6859,-0.4264,0.1662,0.3894,-0.4708,0.07154,-0.4991,-0.4986,-0.5984,-0.6628,-0.2379,-0.6329,-0.467,-0.506,-0.6133,0.7215,-0.1425,0.671,0.6122,-0.0669,0.7848,0.5358,-0.5703,0.3528,0.3755,-0.701,0.4793,5.49E-04,-0.2586,0.06324,-0.6676,-0.3352,-0.3847,-0.6175,-0.4497,-0.5127,-0.2263,-0.3459,-0.2423
4.07,5.357,-0.5941,4.967,11.35,0.1491,6.524,6.786,-3.298,29.46,1.904,29.44,1.311,1.298,-1.381,-55.62,-27.74,3.094,1.232,7.143,-0.6954,46.52,34.67,15.53,27.14,-0.6572,1.849,-1.715,10.47,39.96,22.42,21.71,-19.34,-4.5,14.69,10.26,-9.631,-68.75,-15.96,-1.792,-12.9,8.019,10.87,-11.59,14.68,11.13,29.64,0.3768,25.18,-97.33,-13.12,6.585,-97.73,-16.4,6.686,-153.1,-5.113,17.97,-75.66,-4.794,-1.337,-80.73,0.4959,-0.786,-79.16,16.06,-0.9815,-77.73,-23.85,-3.214,-89.18,-2.663,1.993,-69.31,27.63,2.762,-69.69,5.245,-0.8938,-79.31,-14.04,16.19,-346.7,-130.9,-153.3,-271,22.94,-244.1,-130.9,-376,42.97,-194.8,-505.9,-304.2,-308.6,-202.6,101.6,-440.9,-244.1,-77.15,-308.1,-449.2,-9.278,-383.8,-48.83,-78.13,-260.7,-184.6,-127.4,-331.5,214.3,36.12,98.61,349.1,-27.85,-63.48,102.5,13.22,-330.6,20.53,114.3,290,596.2,-95.74,753.9,566.5,-537.6,0.4373,-0.05817,0.8756,0.1592,-0.5901,0.1283,0.6858,-0.4261,0.1625,0.3872,-0.4669,0.06684,-0.4984,-0.5002,-0.5985,-0.6625,-0.2385,-0.6335,-0.4672,-0.5057,-0.614,0.7222,-0.139,0.6712,0.6113,-0.06421,0.7858,0.5357,-0.5706,0.3515,0.3705,-0.7032,0.4834,-1.83E-04,-0.2594,0.06366,-0.6661,-0.3371,-0.3914,-0.6237,-0.4446,-0.5019,-0.2296,-0.3361,-0.2266
4.08,5.18,-0.5884,4.877,11.24,0.01786,6.723,6.7,-3.222,29.71,1.787,29.69,0.9954,1.114,-1.485,-55.65,-27.63,3.377,1.283,7.266,-0.6255,45.76,34.9,15.84,26.44,-0.9914,2.432,-1.941,10.42,41.09,19.96,22.56,-19.73,-4.556,15.12,10.31,-10.69,-68.96,-15.85,-1.763,-13.05,8.333,11.1,-11.71,14.91,11.37,30.05,-0.1013,25.67,-97.43,-13.26,6.775,-97.83,-16.46,6.877,-152.9,-5.112,18.04,-76.05,-4.79,-1.166,-81.01,0.3396,-0.6064,-79.16,16.23,-1.059,-77.66,-24.82,-3.189,-89.19,-2.773,2.117,-69.63,26.86,2.173,-69.93,6.918,-0.513,-80.72,-12.68,17.02,-284.2,-130.4,-158.7,-274.9,39.07,-241.2,-131.8,-383.8,63.97,-213.4,-522.9,-313.5,-292,-186,96.2,-432.1,-237.3,-63.48,-296.4,-460.5,-0.4864,-375.5,-98.62,18.55,-286.6,-176.8,-68.85,-266.6,25.38,122.1,-47.38,257.3,74.73,-23.05,50.35,5.841,-223.1,-56.18,109.4,267.1,565.5,-49.32,821.3,877.9,-536.6,0.4382,-0.05731,0.8755,0.1625,-0.588,0.1281,0.6854,-0.426,0.1591,0.3847,-0.4636,0.0625,-0.4979,-0.5019,-0.5983,-0.6623,-0.2392,-0.6338,-0.4676,-0.5055,-0.6146,0.7228,-0.1356,0.6714,0.6105,-0.06141,0.7867,0.5365,-0.5704,0.3502,0.3653,-0.7055,0.4876,-0.001282,-0.2602,0.06403,-0.6646,-0.3386,-0.3983,-0.6293,-0.4392,-0.4925,-0.2333,-0.3282,-0.2127
4.09,5.055,-0.6117,4.859,11.09,-0.1281,6.781,6.625,-3.129,29.91,1.737,29.9,0.6593,0.9669,-1.607,-55.84,-27.5,3.581,1.32,7.326,-0.5606,45.16,35.12,16.14,25.72,-1.327,2.95,-2.365,10.41,42.28,17.67,23.42,-20.23,-4.768,15.72,10.57,-11.44,-69.22,-15.71,-1.743,-13.09,8.583,11.36,-11.74,15.08,11.64,30.43,-0.5183,26.07,-97.57,-13.38,6.962,-97.96,-16.49,7.064,-152.8,-5.085,18.09,-76.35,-4.777,-1,-81.27,0.2433,-0.4094,-78.92,16.44,-1.057,-77.35,-25.79,-3.303,-89.23,-2.905,2.282,-69.88,26.12,1.694,-70.12,8.454,-0.193,-81.74,-11.58,17.9,-159.7,-127,-164.1,-277.4,56.64,-242.7,-108.9,-388.7,71.29,-204.1,-526.4,-305.2,-291.5,-196.3,93.75,-403.8,-226.6,-67.38,-273.4,-472.2,-10.25,-336.4,-179.7,10.26,-256.8,-148.9,-59.56,-160.7,75.69,-15.62,-95.23,59.1,101.1,0,-105,21.06,-106.9,-172.4,79.1,215.8,487.3,-59.07,853.5,871,-563.5,0.4395,-0.05634,0.8754,0.1651,-0.586,0.1278,0.6847,-0.4261,0.156,0.3823,-0.461,0.0586,-0.4973,-0.5036,-0.5979,-0.6623,-0.2398,-0.634,-0.4681,-0.5054,-0.6149,0.7233,-0.1329,0.6715,0.6101,-0.0586,0.7874,0.5367,-0.5704,0.3482,0.3592,-0.7089,0.4904,-0.002686,-0.2612,0.06464,-0.6629,-0.3405,-0.4043,-0.6341,-0.4339,-0.4839,-0.2384,-0.3217,-0.2017
4.1,4.948,-0.6483,4.847,10.98,-0.2752,6.827,6.529,-3.015,30.09,1.763,30.08,0.3426,0.8212,-1.729,-56.19,-27.33,3.671,1.355,7.351,-0.5284,44.78,35.29,16.39,24.99,-1.626,3.386,-2.944,10.26,43.49,15.61,24.3,-20.78,-5.001,16.41,10.95,-11.61,-69.5,-15.58,-1.717,-12.99,8.778,11.62,-11.63,15.17,11.9,30.79,-0.8257,26.37,-97.69,-13.49,7.138,-98.07,-16.48,7.239,-152.7,-5.031,18.14,-76.66,-4.734,-0.8335,-81.55,0.1978,-0.202,-78.53,16.66,-0.9573,-76.88,-26.78,-3.498,-89.27,-3.065,2.409,-70.29,25.4,1.253,-70.48,9.795,0.1087,-82.35,-10.73,18.76,-61.52,-124.5,-143.6,-274.4,63.96,-204.6,-90.81,-409.7,59.09,-198.7,-543,-287.1,-254.9,-203.6,95.7,-382.8,-222.7,-74.7,-243.6,-473.1,-1.946,-256.3,-193.8,-6.845,-215.8,-108.4,-61.52,-132.8,33.69,47.86,-51.31,-23.9,123,-48.44,-105.4,26.44,5.843,-251.4,-39.05,192.9,454.6,-65.44,952.1,797.3,-747.5,0.4407,-0.05524,0.8753,0.1666,-0.5842,0.1268,0.6839,-0.4264,0.1531,0.3803,-0.4592,0.05518,-0.4967,-0.5052,-0.5976,-0.6624,-0.2405,-0.6338,-0.4686,-0.5055,-0.615,0.724,-0.1301,0.6714,0.61,-0.05567,0.7877,0.537,-0.5699,0.3467,0.3524,-0.713,0.4927,-0.003784,-0.2625,0.06525,-0.6609,-0.3433,-0.4093,-0.6377,-0.4304,-0.4755,-0.2444,-0.3164,-0.1942
4.11,4.913,-0.685,4.797,10.86,-0.3845,6.887,6.447,-2.912,30.2,1.82,30.19,0.06104,0.6451,-1.819,-56.63,-27.15,3.695,1.363,7.343,-0.5189,44.53,35.41,16.55,24.24,-1.833,3.702,-3.433,10.08,44.73,13.82,25.2,-21.31,-5.147,16.92,11.23,-11.37,-69.8,-15.43,-1.66,-12.81,8.918,11.85,-11.45,15.22,12.14,31.13,-1.04,26.58,-97.8,-13.57,7.285,-98.18,-16.45,7.385,-152.7,-4.943,18.18,-76.99,-4.685,-0.6725,-81.81,0.2284,-0.00681,-78.23,16.86,-0.8025,-76.53,-27.82,-3.645,-89.31,-3.24,2.5,-70.72,24.72,0.9189,-70.9,10.9,0.4453,-82.61,-10.12,19.43,-35.66,-108.9,-153.3,-244.6,57.62,-194.8,-50.31,-410.2,29.3,-144,-545.4,-306.2,-222.2,-219.2,79.1,-356.9,-238.3,-79.59,-219.2,-470.7,2.45,-163.6,-151.4,15.14,-171.9,-64.46,-59.56,-169.9,-118.7,-64.94,-62.54,55.14,62.98,-51.11,2.907,-4.458,71.77,-325.7,-150.4,238.3,496.1,-35.14,938,720.2,-873.6,0.442,-0.0539,0.8752,0.1671,-0.5827,0.1253,0.683,-0.4266,0.1505,0.3786,-0.4583,0.05213,-0.4964,-0.5065,-0.5971,-0.6627,-0.241,-0.6336,-0.4692,-0.5058,-0.6147,0.7247,-0.1271,0.6712,0.6104,-0.05292,0.7876,0.5369,-0.5692,0.3456,0.3458,-0.7165,0.4957,-0.004578,-0.2639,0.06574,-0.6584,-0.347,-0.413,-0.6404,-0.4286,-0.4675,-0.2497,-0.3122,-0.19
4.12,4.991,-0.6921,4.726,10.72,-0.4711,6.954,6.352,-2.799,30.26,1.866,30.26,-0.1616,0.4306,-1.859,-57.13,-27,3.66,1.354,7.355,-0.5262,44.44,35.51,16.62,23.48,-1.988,3.9,-3.736,9.978,45.96,12.33,26.08,-21.78,-5.209,17.18,11.33,-10.93,-70.09,-15.31,-1.57,-12.57,9.003,12.03,-11.2,15.21,12.32,31.42,-1.165,26.71,-97.94,-13.62,7.414,-98.31,-16.39,7.511,-152.7,-4.83,18.2,-77.32,-4.681,-0.495,-82.06,0.3254,0.17,-78.1,17.03,-0.6684,-76.4,-28.87,-3.68,-89.35,-3.415,2.604,-71.07,24.07,0.726,-71.24,11.73,0.7665,-82.61,-9.717,19.85,-35.15,-90.34,-128.4,-188,54.68,-168,-14.15,-411.6,10.74,-78.6,-560.1,-287.1,-190.9,-206.5,61.53,-331.1,-269.5,-94.24,-191.9,-450.2,-1.459,-100.1,-87.9,7.314,-105,-35.15,-117.7,-212.4,-164.1,-84.97,-222.2,-100.1,-29.78,80.51,-46.37,-26.9,135.3,-383.8,-278.3,202.7,545.4,-65.92,1062,666,-944.8,0.4432,-0.05231,0.8751,0.1666,-0.5818,0.1234,0.682,-0.427,0.1484,0.3772,-0.458,0.04962,-0.4959,-0.5078,-0.5965,-0.6631,-0.2414,-0.6332,-0.4697,-0.5063,-0.6141,0.7252,-0.1241,0.6714,0.6113,-0.05042,0.7872,0.5375,-0.568,0.3452,0.3399,-0.7191,0.4998,-0.005493,-0.2653,0.06623,-0.6558,-0.3514,-0.4157,-0.6426,-0.4275,-0.4609,-0.2534,-0.3091,-0.1886
4.13,5.124,-0.6714,4.634,10.59,-0.5441,7.044,6.258,-2.704,30.28,1.89,30.28,-0.3174,0.2168,-1.863,-57.72,-26.87,3.587,1.31,7.373,-0.5641,44.55,35.6,16.6,22.73,-2.111,4.087,-4.095,9.927,47.12,11.15,26.99,-22.14,-5.338,17.21,11.48,-10.37,-70.39,-15.2,-1.466,-12.25,9.024,12.19,-10.88,15.14,12.47,31.62,-1.216,26.78,-98.1,-13.63,7.502,-98.47,-16.31,7.597,-152.7,-4.702,18.22,-77.68,-4.687,-0.3144,-82.31,0.4638,0.3191,-77.93,17.15,-0.5162,-76.21,-29.91,-3.784,-89.41,-3.555,2.708,-71.37,23.48,0.5533,-71.53,12.32,1.04,-82.45,-9.468,20.01,-55.66,-83.01,-98.15,-146,25.89,-158.2,23.44,-404.8,-4.885,-24.91,-564,-302.7,-144.5,-180.2,65.92,-300.3,-310.5,-108.9,-151.4,-429.2,-0.9729,-74.24,-28.32,-43.95,-53.22,37.1,-141.6,-228,-158.2,81.07,-254.9,-152.8,44.45,49.44,-2.907,-102.1,97.18,-434.6,-347.2,169.9,673.8,-88.89,967.3,598.1,-955.5,0.4442,-0.0506,0.875,0.1653,-0.5811,0.1213,0.6811,-0.4274,0.1469,0.3764,-0.458,0.04792,-0.4954,-0.5089,-0.5958,-0.6637,-0.2419,-0.6326,-0.4702,-0.5069,-0.6132,0.7256,-0.1209,0.6717,0.6124,-0.0481,0.7865,0.5389,-0.5664,0.3457,0.3341,-0.7218,0.5034,-0.006348,-0.2664,0.0669,-0.6529,-0.3557,-0.4179,-0.6442,-0.4273,-0.4557,-0.2553,-0.3068,-0.1892
4.14,5.171,-0.6503,4.458,10.53,-0.601,7.197,6.153,-2.662,30.25,1.933,30.25,-0.4129,0.03613,-1.888,-58.35,-26.78,3.495,1.247,7.405,-0.607,44.81,35.67,16.56,22.12,-2.232,4.25,-4.396,10.05,48.29,10.32,28.01,-22.35,-5.46,16.99,11.64,-9.92,-70.67,-15.1,-1.382,-11.88,8.997,12.3,-10.53,15.01,12.58,31.75,-1.216,26.8,-98.28,-13.59,7.571,-98.65,-16.22,7.665,-152.8,-4.562,18.22,-78.09,-4.631,-0.1721,-82.54,0.5754,0.4329,-77.81,17.22,-0.4198,-76.03,-30.99,-3.894,-89.5,-3.651,2.799,-71.46,22.98,0.4606,-71.62,12.67,1.272,-82.16,-9.319,19.91,-83.02,-82.03,-73.74,-103,8.296,-149.9,43.44,-395,3.908,2.431,-557.6,-301.3,-103,-161.6,69.82,-273.4,-343.8,-118.7,-123.5,-426.8,0.4864,-61.53,40.05,-89.84,-28.32,35.15,-161.1,-171.4,-171.9,36.63,-211.9,-26.85,-83.5,-44.1,102.1,27.82,0.9922,-424.3,-320.3,144,780.7,-92.76,824.2,702.6,-953.7,0.4452,-0.04908,0.875,0.1634,-0.5808,0.1191,0.6802,-0.4279,0.1461,0.3759,-0.4584,0.047,-0.4951,-0.5099,-0.5948,-0.6641,-0.2427,-0.6318,-0.4707,-0.5077,-0.6122,0.7264,-0.1175,0.6716,0.6133,-0.04614,0.786,0.5403,-0.5651,0.3463,0.3281,-0.7246,0.5072,-0.006958,-0.2671,0.06788,-0.6502,-0.3595,-0.4198,-0.6456,-0.427,-0.4525,-0.2554,-0.3049,-0.1913
4.15,5.087,-0.6354,4.216,10.57,-0.6328,7.422,6.055,-2.677,30.18,1.975,30.18,-0.4445,-0.1024,-1.924,-58.98,-26.74,3.409,1.182,7.422,-0.6627,45.21,35.73,16.52,21.63,-2.301,4.305,-4.589,10.36,49.41,9.807,28.96,-22.47,-5.588,16.72,11.71,-9.633,-70.91,-15,-1.313,-11.48,8.926,12.39,-10.14,14.84,12.67,31.78,-1.188,26.74,-98.47,-13.49,7.623,-98.84,-16.14,7.718,-152.9,-4.428,18.24,-78.54,-4.477,-0.07579,-82.74,0.6486,0.5113,-77.78,17.25,-0.3439,-75.96,-32.08,-3.973,-89.61,-3.79,2.932,-71.33,22.57,0.5354,-71.5,12.77,1.429,-81.81,-9.315,19.75,-88.87,-67.39,-40.52,-65.92,-32.72,-142.6,54.2,-377.4,9.277,28.81,-541.5,-284.7,-71.28,-162.1,46.38,-246.6,-367.7,-133.3,-96.68,-423.3,3.423,-62.01,70.31,-124.5,30.28,-11.24,-113.8,-94.71,7.826,-20.03,-83.46,-77.17,0.4964,-109.2,63.96,131.9,-96.19,-412.6,-145,118.6,775.4,-21.52,707,738.3,-922.9,0.4461,-0.04779,0.8749,0.1613,-0.5808,0.1171,0.6793,-0.4287,0.1459,0.3758,-0.4589,0.047,-0.495,-0.5107,-0.5935,-0.6645,-0.2439,-0.6309,-0.4709,-0.5086,-0.6111,0.7278,-0.1142,0.6709,0.6139,-0.04456,0.7857,0.5414,-0.564,0.3471,0.3226,-0.7269,0.5114,-0.007935,-0.2682,0.06897,-0.6482,-0.363,-0.4208,-0.6469,-0.4264,-0.4516,-0.255,-0.3041,-0.1943
4.16,4.902,-0.6381,3.989,10.66,-0.6569,7.639,5.944,-2.745,30.08,2.022,30.08,-0.4251,-0.1874,-1.977,-59.6,-26.79,3.31,1.095,7.426,-0.726,45.7,35.81,16.55,21.27,-2.296,4.225,-4.728,10.83,50.56,9.538,29.83,-22.56,-5.697,16.48,11.73,-9.473,-71.12,-14.91,-1.274,-11.07,8.824,12.46,-9.747,14.63,12.73,31.74,-1.138,26.63,-98.72,-13.34,7.662,-99.1,-16.06,7.759,-153,-4.288,18.25,-78.96,-4.291,-0.02255,-82.92,0.6529,0.5695,-77.8,17.29,-0.2314,-75.98,-33.19,-4.009,-89.72,-4.028,3.101,-71.02,22.19,0.7898,-71.22,12.66,1.544,-81.42,-9.508,19.64,-52.74,-52.73,-6.829,-43.44,-77.64,-129.4,81.07,-355,-1.954,46.39,-535.7,-255.4,-41.98,-151.9,26.37,-197.3,-353.5,-130.9,-61.52,-430.2,23.44,-62.01,56.64,-119.1,17.58,-74.22,-97.66,-14.65,73.26,-73.73,193.4,61.98,-49.3,-96.55,29.23,77.16,-134.3,-406.3,13.18,157.8,675.3,84.94,601.6,737.8,-896.9,0.447,-0.04682,0.8749,0.1591,-0.5809,0.1154,0.6783,-0.4295,0.1462,0.3757,-0.4596,0.04773,-0.4948,-0.5116,-0.5919,-0.6648,-0.2454,-0.6298,-0.471,-0.5097,-0.6099,0.7293,-0.1113,0.67,0.614,-0.04315,0.7858,0.5425,-0.5625,0.3482,0.3173,-0.7287,0.5161,-0.009278,-0.2701,0.07019,-0.6468,-0.3667,-0.421,-0.6482,-0.4257,-0.4524,-0.255,-0.3048,-0.1979
4.17,4.739,-0.6554,3.816,10.7,-0.6805,7.818,5.801,-2.844,29.91,2.072,29.91,-0.4108,-0.263,-2.031,-60.15,-26.94,3.183,0.9812,7.412,-0.809,46.23,35.92,16.53,20.9,-2.281,4.126,-4.784,11.34,51.67,9.496,30.62,-22.69,-5.713,16.35,11.7,-9.357,-71.3,-14.77,-1.239,-10.7,8.72,12.5,-9.408,14.38,12.76,31.63,-1.051,26.46,-99.02,-13.14,7.703,-99.42,-15.96,7.802,-153.2,-4.12,18.27,-79.31,-4.102,0.02246,-83.1,0.6811,0.6318,-77.9,17.29,-0.1326,-76.1,-34.3,-3.952,-89.83,-4.324,3.268,-70.64,21.81,1.081,-70.88,12.32,1.621,-81.01,-9.963,19.64,7.316,-50.29,-2.447,-22.45,-112.3,-119.1,113.3,-345.7,-23.92,44.93,-549.8,-220.2,0,-141.6,14.65,-132.8,-314,-120.1,0,-433.1,47.85,-42.48,17.57,-84.96,-1.473,-183.6,-108.9,32.21,77.15,-105.9,189.5,18.07,6.342,46.44,38.1,21.98,-127.4,-334.5,60.54,166.1,501.4,102,532.8,673.4,-886.7,0.4481,-0.04602,0.8746,0.1574,-0.5811,0.1141,0.6773,-0.4305,0.1472,0.376,-0.4606,0.04926,-0.4947,-0.5126,-0.5898,-0.6649,-0.2472,-0.6284,-0.4711,-0.511,-0.6084,0.7308,-0.109,0.669,0.6143,-0.04181,0.7857,0.5437,-0.561,0.3496,0.3121,-0.73,0.5213,-0.01062,-0.2725,0.07141,-0.6456,-0.3702,-0.4212,-0.6489,-0.4257,-0.4547,-0.2559,-0.3075,-0.2019
4.18,4.685,-0.6651,3.729,10.7,-0.7274,7.944,5.648,-2.963,29.71,2.103,29.71,-0.344,-0.3087,-2.074,-60.59,-27.17,3.028,0.8413,7.358,-0.9312,46.77,36.03,16.42,20.44,-2.261,4.035,-4.915,11.84,52.75,9.626,31.43,-22.89,-5.789,16.36,11.72,-9.241,-71.45,-14.63,-1.213,-10.41,8.609,12.5,-9.149,14.12,12.75,31.46,-0.9323,26.2,-99.38,-12.9,7.717,-99.79,-15.84,7.82,-153.4,-3.932,18.29,-79.57,-3.961,0.08272,-83.27,0.7709,0.697,-77.91,17.26,-0.006368,-76.14,-35.41,-3.935,-89.94,-4.607,3.463,-70.3,21.41,1.348,-70.56,11.79,1.655,-80.62,-10.68,19.79,55.66,-63.48,-30.77,0.4847,-127,-118.2,150.4,-331,-29.3,73.74,-535.2,-187,35.17,-126,17.09,-73.73,-269,-120.6,70.3,-438,52.25,-11.25,-50.77,-91.31,16.59,-209.5,-139.6,-12.69,0,-57.13,-8.769,-112.3,-9.265,73.16,-48.36,-23.98,-80.09,-321.3,157.2,122.5,351.1,128.5,551.7,510.2,-833.5,0.4493,-0.04541,0.8742,0.1563,-0.5814,0.1137,0.6763,-0.4314,0.1489,0.3764,-0.4619,0.05152,-0.4945,-0.5136,-0.5874,-0.6652,-0.2489,-0.627,-0.4711,-0.5126,-0.6066,0.7319,-0.107,0.6682,0.615,-0.04047,0.7853,0.5447,-0.5596,0.3512,0.3067,-0.7315,0.526,-0.01221,-0.2747,0.07263,-0.6444,-0.3737,-0.4215,-0.6489,-0.4267,-0.4578,-0.2578,-0.3123,-0.206
4.19,4.681,-0.6845,3.705,10.68,-0.7607,8.026,5.483,-3.106,29.46,2.095,29.46,-0.2212,-0.3635,-2.084,-60.9,-27.43,2.838,0.6805,7.269,-1.074,47.26,36.13,16.24,19.95,-2.267,3.983,-5.145,12.27,53.81,9.962,32.28,-23.13,-5.905,16.71,11.85,-9.683,-71.59,-14.49,-1.165,-10.24,8.494,12.45,-9.025,13.85,12.68,31.22,-0.7725,25.87,-99.76,-12.61,7.702,-100.2,-15.69,7.807,-153.7,-3.73,18.3,-79.78,-3.829,0.1493,-83.45,0.9038,0.7749,-77.83,17.2,0.1342,-76.07,-36.52,-3.987,-90.07,-4.867,3.646,-70.02,21.02,1.56,-70.31,11.06,1.673,-80.87,-11.6,20.42,73.25,-65.43,-9.276,56.17,-115.7,-109.9,185.5,-308.1,-38.58,124,-526.4,-155.8,70.3,-92.28,22.94,-34.68,-236.3,-103.5,123.5,-440.9,45.42,15.15,-121.6,-106.5,30.77,-158.2,-121.6,35.16,22.95,-27.84,-134.3,-284.2,8.328,60.13,-53.25,40.58,-5.843,-261.7,223.1,155.7,404.8,124.5,1775,-3673,-922.9,0.4505,-0.04468,0.8739,0.1559,-0.582,0.1142,0.6753,-0.4323,0.1514,0.3769,-0.4637,0.05457,-0.4944,-0.5144,-0.5847,-0.6656,-0.25,-0.6256,-0.4711,-0.5143,-0.6046,0.7329,-0.1054,0.6675,0.616,-0.039,0.7847,0.5458,-0.5583,0.353,0.3008,-0.7335,0.5302,-0.01361,-0.2768,0.07404,-0.6431,-0.3772,-0.4218,-0.6481,-0.4289,-0.4616,-0.2619,-0.3203,-0.2048
4.2,4.678,-0.7161,3.625,10.72,-0.7722,8.118,5.298,-3.253,29.2,2.063,29.19,-0.01293,-0.4572,-2.063,-61.06,-27.71,2.649,0.5316,7.146,-1.248,47.66,36.22,15.99,19.43,-2.258,3.946,-5.283,12.3,54.85,10.54,33.15,-22.1,-5.976,15.27,11.9,-11.01,-71.74,-14.39,-1.092,-10.23,8.397,12.32,-9.07,13.57,12.54,30.92,-0.5987,25.45,-100.2,-12.27,7.656,-100.6,-15.49,7.764,-154,-3.532,18.29,-80.01,-3.673,0.2155,-83.59,1.062,0.8639,-77.81,17.1,0.2692,-76.08,-37.67,-3.977,-90.19,-5.13,3.832,-70.14,20.64,1.611,-70.46,10.11,1.747,-82.37,-11.43,19.32,81.56,-73.24,33.69,116.2,-104,-108.4,223.6,-282.2,-41.99,174.3,-525.4,-114.8,88.39,-57.61,51.27,-10.25,-229,-115.2,155.8,-425.3,47.36,40.53,-145.5,-128.9,68.85,-158.2,-34.18,13.18,54.21,-96.21,-74.23,-239.8,45.39,-49.44,-45.91,92.23,72.76,-194.8,224.1,-104,248.5,-562.5,3259,-3788,-550.8,0.4514,-0.0437,0.8736,0.1565,-0.5829,0.1158,0.6745,-0.4331,0.1547,0.3775,-0.4658,0.05848,-0.4944,-0.5151,-0.5818,-0.6661,-0.2506,-0.6243,-0.4709,-0.5161,-0.6025,0.734,-0.1036,0.6666,0.6172,-0.03766,0.7839,0.5468,-0.5571,0.3551,0.2949,-0.735,0.535,-0.01508,-0.2789,0.07532,-0.6418,-0.3804,-0.4224,-0.6454,-0.4346,-0.4645,-0.2486,-0.322,-0.1945
4.21,4.69,-0.7083,3.451,10.78,-0.7711,8.181,5.1,-3.407,28.91,2.076,28.91,0.2729,-0.5628,-2.057,-61.14,-27.96,2.452,0.4147,6.959,-1.422,48.03,36.31,15.69,18.94,-2.142,3.886,-5.181,11.1,55.89,11.3,33.93,-19.98,-5.923,11.04,11.78,-11.26,-71.94,-14.3,-1.01,-10.35,8.303,12.15,-9.251,13.29,12.35,30.52,-0.41,24.93,-100.6,-11.87,7.592,-101,-15.25,7.702,-154.2,-3.35,18.22,-80.25,-3.511,0.2757,-83.65,1.235,0.9091,-77.98,16.96,0.3871,-76.33,-38.85,-3.85,-90.31,-5.484,3.996,-71.51,20.34,1.192,-71.85,9.054,2.175,-84.05,-10.27,15.33,111.3,-58.11,70.32,122.1,-104,-116.2,269.1,-256.8,-18.55,220.2,-548.8,-90.34,142.6,-29.79,42.48,17.09,-237.8,-97.17,198.2,-387.2,37.11,78.62,-77.64,-76.66,153.3,-140.6,85.93,-108.4,160.1,-107.9,116.2,-91.78,-59.07,-80.18,19.59,295.4,160.2,-211.4,307.1,112.3,-263.7,-533.7,2417,2521,-216.8,0.4522,-0.04248,0.8734,0.1579,-0.5838,0.1184,0.6738,-0.4337,0.1589,0.3781,-0.4682,0.06348,-0.4945,-0.5156,-0.5785,-0.667,-0.2505,-0.6228,-0.4707,-0.5176,-0.6003,0.7352,-0.1018,0.6657,0.6184,-0.03705,0.7829,0.5477,-0.5556,0.3577,0.2898,-0.7357,0.5407,-0.01642,-0.2818,0.07648,-0.641,-0.3828,-0.4232,-0.639,-0.449,-0.4611,-0.2114,-0.3149,-0.1852
4.22,4.698,-0.6749,3.248,10.79,-0.722,8.133,4.883,-3.539,28.58,2.122,28.57,0.5702,-0.6876,-2.044,-61.16,-28.19,2.189,0.3296,6.698,-1.577,48.48,36.46,15.43,18.55,-1.899,3.74,-4.949,9.81,56.96,12.46,34.53,-15.42,-5.794,7.1,11.59,-10.12,-72.16,-14.18,-0.9053,-10.55,8.209,11.95,-9.518,12.98,12.14,30,-0.141,24.3,-101,-11.44,7.516,-101.4,-14.95,7.625,-154.5,-3.188,18.08,-80.41,-3.382,0.3082,-83.61,1.369,0.9049,-78.18,16.81,0.5419,-76.69,-40.06,-3.625,-90.39,-6.024,4.188,-72.86,20.08,0.8008,-73.25,7.639,2.679,-84.16,-7.171,11.11,155.8,-29.3,70.32,114.3,-60.05,-111.8,316.9,-233.9,12.21,224.1,-560.1,-29.29,202.1,-5.859,17.09,68.37,-259.3,-97.66,250,-353.5,40.03,156.8,1.962,30.77,139.2,-48.34,141.6,-159.2,213.9,-154.3,538.6,57.15,-67.89,-284.3,20.51,441.9,356.9,-309.1,228.5,528.8,-1160,-1020,-978,3425,2404,0.4533,-0.04102,0.8732,0.1599,-0.5849,0.1216,0.6733,-0.4341,0.164,0.3792,-0.4712,0.06971,-0.4949,-0.5159,-0.5752,-0.6683,-0.2502,-0.6211,-0.4708,-0.5184,-0.5982,0.7361,-0.1006,0.665,0.6193,-0.03735,0.7822,0.5487,-0.5538,0.3607,0.2847,-0.7358,0.547,-0.01819,-0.2861,0.0774,-0.6415,-0.3839,-0.4244,-0.6316,-0.4651,-0.4588,-0.178,-0.2877,-0.1864
4.23,4.783,-0.6394,3.115,10.74,-0.6146,7.951,4.692,-3.63,28.17,2.195,28.17,0.9149,-0.7865,-1.995,-60.98,-28.43,1.88,0.2275,6.428,-1.724,48.91,36.66,15.24,18.21,-1.505,3.389,-4.76,8.212,58.13,13.58,34.86,-10.99,-5.576,7.081,11.42,-7.745,-72.37,-14.09,-0.7937,-10.94,8.084,11.66,-9.97,12.68,11.83,29.34,0.2214,23.58,-101.4,-10.99,7.399,-101.8,-14.59,7.506,-154.7,-3.026,17.86,-80.43,-3.337,0.2943,-83.49,1.494,0.8519,-78.29,16.72,0.8155,-77.03,-41.32,-3.341,-90.45,-6.874,4.394,-74.48,19.85,0.4728,-74.86,6.273,2.671,-83.13,-4.304,10.35,175.3,16.11,54.69,146,-12.2,-75.68,359.9,-227.1,71.78,265.6,-483.4,82.52,241.2,8.788,-7.809,133.8,-272,-109.4,291.5,-343.8,55.18,238.8,86.92,-15.63,96.18,145,38.08,-157.7,242.7,-38.09,980,466.3,-47.37,-319.7,216.8,342.8,215.4,-195.8,-549.3,1053,-1579,-884.3,-1104,-1275,986.3,0.4542,-0.03955,0.873,0.1623,-0.5863,0.126,0.6731,-0.4341,0.17,0.3812,-0.4745,0.07709,-0.4952,-0.516,-0.5718,-0.6698,-0.2495,-0.6192,-0.4715,-0.5186,-0.5961,0.7364,-0.1006,0.6647,0.6201,-0.03839,0.7815,0.5495,-0.5515,0.3637,0.2788,-0.7359,0.5534,-0.02033,-0.2931,0.07807,-0.6452,-0.3831,-0.4259,-0.621,-0.4802,-0.4586,-0.1763,-0.2622,-0.1924
4.24,4.892,-0.6075,3.124,10.73,-0.4333,7.633,4.529,-3.686,27.72,2.318,27.72,1.331,-0.8583,-1.898,-60.61,-28.7,1.6,0.1029,6.254,-1.858,49.29,36.92,15.12,17.94,-1.065,2.233,-4.4,7.433,59.42,14.45,34.94,-7.557,-5.26,6.608,11.09,-6.651,-72.54,-14.04,-0.6759,-11.49,7.922,11.27,-10.58,12.36,11.43,28.57,0.5925,22.89,-101.8,-10.55,7.239,-102.2,-14.2,7.341,-154.8,-2.867,17.58,-80.27,-3.311,0.2087,-83.35,1.623,0.7271,-78.56,16.71,1.017,-77.64,-42.64,-2.837,-90.47,-7.989,4.69,-75.22,19.58,1.184,-75.64,5.135,2.054,-82.57,-2.164,8.922,198.2,43.45,92.78,189.5,7.332,-64.45,356.9,-262.2,43.45,345.7,-302.2,158.2,259.3,30.27,-4.881,170.4,-290.5,-112.3,325.2,-331.5,56.16,235.8,112.3,6.355,109.9,225.6,22.94,94.22,248,-88.87,710.9,168.4,-196.8,-40.42,155.3,445.8,291,-156.7,-783.7,527.9,-1052,-362.3,-2281,-2530,143.6,0.4547,-0.03815,0.873,0.1649,-0.5882,0.1314,0.6731,-0.4337,0.1768,0.3838,-0.4773,0.08503,-0.4954,-0.5159,-0.5686,-0.6715,-0.2487,-0.617,-0.4726,-0.5182,-0.5942,0.7364,-0.1021,0.6645,0.6209,-0.04004,0.7807,0.5507,-0.5489,0.3662,0.2731,-0.7349,0.5612,-0.0235,-0.3022,0.07843,-0.6524,-0.3847,-0.4238,-0.6118,-0.4874,-0.464,-0.1669,-0.2428,-0.1972
4.25,4.908,-0.5741,3.187,10.9,-0.1919,7.264,4.41,-3.751,27.28,2.577,27.27,1.872,-0.9165,-1.773,-60.11,-29.01,1.516,-0.06337,6.232,-1.95,49.47,37.22,15.12,17.89,-0.5386,1.393,-4.462,7.197,60.84,15.29,34.77,-5.76,-5.299,4.724,11.03,-6.175,-72.7,-14.07,-0.5424,-12.15,7.722,10.82,-11.31,12.05,10.96,27.79,0.7672,22.31,-102.2,-10.06,7.049,-102.7,-13.78,7.147,-154.9,-2.686,17.2,-80.06,-3.196,0.06553,-83.21,1.745,0.542,-78.41,16.81,1.378,-77.7,-43.95,-2.732,-90.46,-9.424,5.123,-75.4,19.58,1.749,-75.82,4.293,1.371,-82.13,-1.31,6.242,227,58.11,168.5,217.8,-27.83,-18.56,352.1,-279.8,10.74,443.4,-181.2,237.8,298.8,61.03,0,197.3,-335.9,-100.6,354.5,-318.4,40.03,283.7,96.19,19.53,215.3,128.9,178.7,414.5,359.9,-12.22,793.9,-234.9,-233.4,-176.7,112.3,673.4,844.2,354.9,619.1,80.08,-82.52,-188.5,44.41,-429.7,797.9,0.4546,-0.03662,0.8732,0.1674,-0.5904,0.1373,0.6735,-0.4328,0.1841,0.3857,-0.4786,0.09278,-0.4956,-0.5156,-0.5651,-0.6733,-0.2478,-0.6147,-0.4742,-0.5173,-0.5921,0.7368,-0.1043,0.6636,0.6216,-0.04212,0.7801,0.5517,-0.5461,0.3678,0.2661,-0.7361,0.5664,-0.02814,-0.3138,0.07861,-0.6521,-0.3897,-0.4187,-0.6056,-0.4898,-0.4707,-0.1459,-0.2334,-0.2051
4.26,5.005,-0.5117,3.162,11.01,0.1062,7.01,4.216,-3.841,26.89,3.004,26.87,2.525,-1.033,-1.631,-59.62,-29.4,1.692,-0.2765,6.498,-2.043,49.44,37.57,15.21,18.04,0.01986,1.212,-4.805,6.403,62.42,16.15,34.18,-4.479,-5.428,2.301,11.18,-5.16,-72.83,-14.16,-0.3927,-12.78,7.542,10.35,-12.01,11.69,10.48,27.14,0.6157,21.98,-102.7,-9.518,6.834,-103.1,-13.33,6.927,-155,-2.464,16.79,-79.94,-3.182,-0.09702,-83.09,1.844,0.3123,-77.98,16.96,1.817,-77.44,-45.36,-2.82,-90.46,-11.38,5.648,-76.18,19.85,1.435,-76.55,3.701,1.129,-81.79,-0.672,3.494,300.8,59.08,323.2,238.3,-104.5,20.02,378.4,-235.8,-29.78,466.3,-210.9,228.5,405.8,99.61,-39.07,244.6,-395.5,-155.3,423.8,-329.6,-4.882,377.9,95.21,19.53,402.8,108.4,431.2,651.4,555.2,-161.1,1329,-319.3,-281.8,-430.3,17.6,800.4,-17.09,265.1,1378,-381.4,107.9,-60.04,-379.8,-134.3,-1339,0.4541,-0.03504,0.8735,0.1702,-0.5927,0.1431,0.6741,-0.4317,0.1923,0.3863,-0.4778,0.09919,-0.4958,-0.5153,-0.5612,-0.6751,-0.2471,-0.6119,-0.4762,-0.5163,-0.5896,0.7367,-0.1059,0.6635,0.6222,-0.04444,0.7795,0.5528,-0.5431,0.369,0.2574,-0.7384,0.5707,-0.03388,-0.3295,0.07868,-0.6452,-0.3947,-0.4139,-0.5996,-0.4954,-0.4719,-0.1238,-0.2259,-0.2128
4.27,5.329,-0.392,2.836,10.91,0.456,6.956,3.917,-3.927,26.53,3.594,26.51,3.288,-1.225,-1.454,-59.17,-29.83,2.08,-0.5321,7.058,-2.153,49.16,37.94,15.38,18.15,0.611,0.17,-4.771,6.041,64.08,16.79,32.92,-3.078,-5.058,-1.422,11.13,-4.574,-72.97,-14.3,-0.2142,-13.38,7.374,9.85,-12.7,11.23,9.961,26.65,0.1581,21.87,-103.2,-8.93,6.587,-103.6,-12.83,6.674,-155.1,-2.194,16.33,-80.03,-3.44,-0.2379,-82.86,1.894,0.05967,-77.86,17.16,2.152,-77.66,-46.82,-2.514,-90.53,-13.99,6.06,-76.42,19.94,2.093,-77,3.164,1.842,-81.68,0.2325,0.4045,528.8,67.39,462.4,387.2,-152.8,53.23,486.8,-99.13,-86.42,509.3,-251.5,205.6,598.2,108.9,-110.4,389.2,-428.7,-162.1,587.4,-302.3,-26.86,528.3,167.5,143.6,664.1,206.1,711.4,687,653.3,-340.3,1897,-209.5,-371.6,-662.5,197.7,1021,1148,-848.2,-314.5,2281,-493.2,1765,-188.5,3731,1721,0.4531,-0.0332,0.8741,0.1733,-0.5952,0.149,0.6745,-0.4307,0.2018,0.3852,-0.475,0.104,-0.496,-0.5149,-0.5569,-0.6771,-0.2472,-0.6084,-0.4785,-0.5152,-0.5868,0.7353,-0.106,0.6653,0.6223,-0.04743,0.7792,0.5541,-0.5401,0.3699,0.2493,-0.7388,0.5771,-0.03882,-0.3507,0.07886,-0.6483,-0.3973,-0.4092,-0.5989,-0.5027,-0.4684,-0.09864,-0.2161,-0.2194
4.28,5.706,-0.2622,2.294,10.69,0.8167,7.049,3.547,-3.967,26.18,4.288,26.15,4.103,-1.389,-1.25,-58.63,-30.32,2.592,-0.8506,7.742,-2.357,48.57,38.3,15.79,18.3,1.226,-0.6209,-4.386,6.589,65.83,18.03,30.82,-2.039,-4.347,-1.717,10.85,-5.129,-73.08,-14.46,-0.05337,-14.04,7.198,9.333,-13.46,10.7,9.424,26.35,-0.531,21.83,-103.7,-8.332,6.285,-104.1,-12.28,6.365,-155.2,-1.862,15.89,-80.23,-3.84,-0.3804,-82.55,1.86,-0.1931,-78,17.51,2.414,-78.39,-48.22,-1.731,-90.68,-17.32,6.539,-75.6,19.97,2.824,-76.38,1.963,2.084,-81.58,0.1123,0.3647,761.7,111.8,376.5,759.8,-112.8,14.16,656.7,70.79,-134.3,680.7,-318.9,202.6,817.4,42.96,-148,668,-438,-233.9,925.3,-214.8,-116.7,836.9,417.5,497.1,651.9,440.4,497.1,879.4,795.4,-221.7,2203,12.67,-465.8,-710.9,380.9,1094,1806,-1660,-495.6,3727,-427.3,1506,548.3,816,686.5,0.4521,-0.03162,0.8746,0.177,-0.5977,0.1556,0.6747,-0.4297,0.2124,0.3824,-0.4715,0.1078,-0.496,-0.5142,-0.5526,-0.6791,-0.2484,-0.6037,-0.4811,-0.5145,-0.5835,0.7331,-0.1054,0.668,0.6219,-0.05091,0.7793,0.5557,-0.5367,0.3698,0.2422,-0.737,0.5853,-0.0445,-0.3773,0.07917,-0.655,-0.3946,-0.4089,-0.5988,-0.5055,-0.4741,-0.09839,-0.217,-0.2203
4.29,5.716,-0.265,2.058,10.78,1.182,6.933,3.185,-3.957,25.73,4.959,25.7,4.865,-1.423,-0.9687,-57.8,-30.96,3.115,-1.233,8.378,-2.625,47.71,38.63,16.39,18.8,1.725,-1.184,-3.806,5.967,67.69,19.99,27.98,-0.4245,-3.658,-0.6344,10.33,-4.969,-73.07,-14.55,0.07225,-14.87,6.973,8.812,-14.37,10.12,8.885,26.16,-1.308,21.72,-104.3,-7.767,5.893,-104.7,-11.7,5.963,-155.4,-1.516,15.45,-80.12,-3.871,-0.6208,-82.22,1.831,-0.4217,-78.34,18.1,2.53,-79.47,-49.52,-0.577,-90.86,-21.25,7.314,-76,20.43,2.97,-76.72,0.4672,1.132,-81.7,0.1419,0.4895,695.3,170.9,199.7,992.7,-128.4,1.949,955.6,284.7,-192.9,960.5,-364.2,86.43,911.6,36.13,-170.4,954.1,-458,-313,1172,-290.5,-209,1229,452.2,360.4,530.8,507.3,190.9,1081,844.2,-187,2058,290,-465.8,-825.2,416.1,926.3,1140,-447.2,-15.16,996.1,141.1,896.5,-294.4,-471.2,128.9,0.4514,-0.03076,0.8748,0.1813,-0.5999,0.1636,0.6743,-0.4288,0.2233,0.3783,-0.4685,0.1114,-0.4953,-0.5134,-0.5485,-0.6808,-0.2506,-0.5981,-0.4834,-0.5141,-0.5799,0.7327,-0.1074,0.6682,0.6214,-0.05426,0.7793,0.5574,-0.5334,0.3675,0.2357,-0.7337,0.5945,-0.05292,-0.4083,0.07917,-0.6556,-0.3947,-0.4044,-0.5884,-0.5106,-0.4843,-0.09925,-0.2169,-0.2191
4.3,5.532,-0.2996,2.321,11.14,1.542,6.5,2.635,-3.95,25.46,5.74,25.42,5.713,-1.493,-0.5572,-56.81,-31.73,3.615,-1.526,8.851,-2.877,46.73,38.84,17.17,19.61,2.162,-1.059,-3.503,4.98,69.68,22.02,24.55,0.5403,-3.102,-0.784,9.883,-4.203,-73,-14.72,0.2083,-15.79,6.828,8.346,-15.41,9.435,8.401,25.98,-2.186,21.42,-105,-7.253,5.4,-105.3,-11.19,5.461,-155.9,-1.331,14.98,-79.62,-3.697,-0.8882,-82.01,1.808,-0.6619,-78.52,18.86,2.663,-80.44,-50.77,0.5744,-91.16,-25.74,8.33,-76.9,21.31,2.297,-77.59,-0.7017,1.251,-81.78,-0.06897,0.4751,235.3,168.5,209.5,837.9,-105.5,50.79,1148,409.7,-208.5,1091,-387.7,11.72,752,36.62,-144.5,934.1,-345.7,-262.2,1225,-364.8,-245.1,1088,152.3,-9.276,418.9,60.06,102.5,797.9,777.8,-103,1524,542.5,-411.6,-521.5,502.4,717.8,84.94,901.4,701.2,-179.7,154.8,-323.2,169.4,697.8,-73.72,0.4502,-0.03003,0.8752,0.1871,-0.6014,0.1721,0.673,-0.4281,0.2348,0.3728,-0.4662,0.1161,-0.4936,-0.5126,-0.5445,-0.6817,-0.2536,-0.5923,-0.4839,-0.514,-0.5763,0.7332,-0.1121,0.6668,0.6211,-0.05707,0.7794,0.5583,-0.5306,0.3632,0.2287,-0.7308,0.6029,-0.06311,-0.443,0.07923,-0.651,-0.3936,-0.3996,-0.5811,-0.5205,-0.4853,-0.09882,-0.2188,-0.2186
4.31,5.584,-0.2323,2.721,11.34,1.819,6.113,1.711,-3.99,25.37,6.623,25.32,6.621,-1.789,-0.1588,-55.75,-32.61,4.143,-1.461,9.18,-3.028,45.74,38.94,18.16,20.43,2.442,-1.047,-3.469,3.51,71.86,23.83,20.92,1.395,-2.805,-0.7762,9.515,-2.72,-72.96,-14.95,0.3716,-16.83,6.893,7.874,-16.59,8.586,7.906,25.67,-3.183,20.84,-105.8,-6.728,4.945,-106.1,-10.7,4.998,-156.6,-1.46,14.46,-79.19,-3.738,-1.02,-82,1.805,-0.8734,-78.6,19.83,2.768,-81.27,-51.97,1.603,-91.65,-30.4,9.614,-78.54,22.18,1.537,-79.17,-1.651,1.485,-81.86,-0.1852,0.7189,-83.97,150.9,310.1,537.1,-44.92,194.3,1063,359.4,-169.9,974.1,-335,-31.74,495.1,83.49,-83,731.9,-83.01,-184.1,1076,-383.3,-174.8,532.7,-126.5,-199.2,279.3,-273.4,45.41,548.3,447.3,-29.77,938.5,595.7,-282.2,-350.4,622.5,317,-53.69,1203,553.7,-914,293,-681.6,197.8,-224.7,-11.72,0.4485,-0.02893,0.8758,0.1949,-0.6026,0.1801,0.6706,-0.4276,0.2473,0.3661,-0.4644,0.1234,-0.4915,-0.5125,-0.5398,-0.682,-0.2569,-0.5863,-0.4813,-0.5142,-0.5731,0.7325,-0.1155,0.6668,0.6209,-0.0586,0.7795,0.5585,-0.5281,0.3567,0.2215,-0.7284,0.6104,-0.07465,-0.4782,0.07965,-0.6503,-0.3905,-0.3954,-0.5716,-0.5332,-0.4823,-0.1007,-0.22,-0.2175
4.32,5.819,-0.06375,2.896,11.32,1.998,5.97,0.5958,-4,25.14,7.446,25.06,7.444,-2.278,0.1168,-54.62,-33.53,4.786,-0.9438,9.398,-3.029,44.82,38.9,19.3,20.78,2.551,-1.141,-3.524,2.06,74.13,25.12,17.26,2.207,-2.87,-0.9379,9.317,-1.164,-73.01,-15.13,0.5509,-18.03,7.025,7.21,-17.96,7.615,7.219,25.14,-4.212,19.93,-106.7,-6.164,4.61,-107,-10.15,4.656,-157.7,-1.863,13.83,-79.07,-3.929,-1.01,-82.07,1.839,-1.039,-78.66,21.01,2.795,-81.93,-53.05,2.413,-92.44,-34.98,11.27,-80.24,22.6,0.8741,-80.81,-2.51,1.715,-81.91,-0.268,0.7809,-48.83,104,328.1,438,-16.61,302.2,683.6,190.4,-47.85,703.6,-290.5,-58.11,353.5,126.5,14.16,477.5,127.4,-66.4,763.7,-309.6,7.819,73.26,-240.2,-169.4,254.9,-447.8,8.789,561,55.66,-112.8,475.6,530.7,-163.1,375.8,360.4,515.7,-162.6,1235,-171.4,-1361,743.2,-167.5,62.05,-204.1,-192.4,0.4473,-0.02747,0.8763,0.2031,-0.6049,0.1878,0.6675,-0.4271,0.2611,0.3588,-0.4638,0.134,-0.4896,-0.5133,-0.534,-0.6824,-0.2595,-0.5801,-0.4761,-0.5142,-0.57,0.7312,-0.1161,0.668,0.6211,-0.05939,0.7793,0.5589,-0.5256,0.3482,0.215,-0.7268,0.6164,-0.08759,-0.5121,0.08088,-0.653,-0.387,-0.3945,-0.5618,-0.5456,-0.4789,-0.101,-0.2208,-0.2171
4.33,5.884,0.09762,2.826,11.39,2.115,6.035,-0.3923,-3.856,24.71,8.149,24.59,8.145,-2.743,0.2571,-54.14,-34.43,5.429,-0.1357,9.377,-2.896,44.78,38.73,20.51,20.76,2.595,-1.284,-3.692,0.8501,76.27,25.71,13.83,2.812,-3.172,-1.41,9.285,0.1715,-73.09,-15.25,0.7306,-18.65,6.945,6.498,-18.69,6.556,6.493,24.43,-5.106,18.67,-107.6,-5.599,4.409,-107.9,-9.444,4.448,-159,-2.331,13.03,-79.2,-3.98,-0.9388,-82.13,1.849,-1.127,-78.57,22.22,2.89,-82.37,-53.97,3.034,-93.42,-39.16,13.18,-81.64,22.6,0.4177,-82.21,-3.094,2.094,-81.93,-0.2897,0.6803,166.5,60.54,316.9,431.2,-114.7,280.8,406.3,13.18,78.62,484.9,-237.8,-22.95,240.2,135.3,21.97,343.3,242.7,20.51,493.7,-189.9,92.76,-90.81,-273.9,-17.57,274.4,-403.3,-22.94,465.3,-162.6,-156.3,69.31,279.8,-121.1,536.5,512.6,-94.22,-98.61,1109,-391.6,-1080,983.9,-335.5,42.5,34.64,69.34,0.4464,-0.02588,0.8767,0.2095,-0.608,0.1953,0.665,-0.4262,0.2753,0.3519,-0.4649,0.1475,-0.488,-0.5148,-0.5277,-0.6838,-0.2604,-0.5733,-0.4703,-0.5138,-0.5659,0.7311,-0.1149,0.6684,0.6212,-0.0597,0.7793,0.5592,-0.5227,0.3396,0.2091,-0.7259,0.621,-0.101,-0.5422,0.08216,-0.6567,-0.3846,-0.3958,-0.5546,-0.5561,-0.4745,-0.1001,-0.2209,-0.2171
4.34,5.696,0.1764,2.67,11.6,2.242,6.111,-1.078,-3.538,24.18,8.77,24.03,8.764,-3.042,0.3344,-53.27,-35.27,5.838,0.7992,8.945,-2.639,44.66,38.55,21.73,20.54,2.593,-1.257,-3.833,-0.08001,78.23,25.9,10.79,3.294,-3.823,-1.702,9.262,1.104,-73.21,-15.34,0.9379,-19.67,6.726,5.813,-19.78,5.654,5.801,23.55,-5.713,17.13,-108.5,-5.031,4.284,-108.8,-8.56,4.316,-160.2,-2.762,12.02,-79.37,-3.85,-0.8698,-82.14,1.794,-1.129,-78.42,23.37,3.024,-82.77,-54.77,3.625,-94.49,-42.81,15.45,-82.65,22.33,0.004463,-83.18,-3.546,2.322,-81.94,-0.3015,0.611,290.5,71.78,286.6,347.7,-291,183.1,271.5,-48.82,113.8,355.5,-192.9,21.98,178.2,123.5,-10.74,265.6,272,48.34,454.1,-23.94,62.01,-25.87,-298.8,29.79,273.4,-165.5,7.808,330.6,-353.5,-119.6,-371.6,102.1,-75.67,477.4,309.6,443.3,-122.5,680.7,-454.6,-579.6,1041,-171.9,-7.794,-40.59,-5.368,0.4459,-0.02399,0.877,0.2133,-0.6109,0.2026,0.6634,-0.4246,0.2891,0.3463,-0.4683,0.1629,-0.4868,-0.5166,-0.5212,-0.6866,-0.2596,-0.5663,-0.4655,-0.5122,-0.5611,0.732,-0.1135,0.6676,0.6208,-0.05963,0.7796,0.5597,-0.5196,0.3316,0.2038,-0.7249,0.625,-0.1162,-0.5677,0.08264,-0.6585,-0.3835,-0.3989,-0.5492,-0.5633,-0.4718,-0.09949,-0.221,-0.2171
4.35,5.452,0.195,2.554,11.82,2.381,6.068,-1.569,-3.071,23.68,9.329,23.51,9.322,-3.182,0.3642,-52.55,-36.03,5.921,1.808,8.141,-2.249,44.96,38.52,22.95,20.13,2.589,-1.198,-3.91,-0.1762,80.09,25.9,8.216,3.8,-4.727,-1.793,9.133,1.132,-73.38,-15.41,1.141,-20.56,6.395,5.288,-20.7,4.833,5.274,22.53,-6.014,15.37,-109.4,-4.484,4.196,-109.6,-7.545,4.22,-161.3,-3.192,10.79,-79.47,-3.701,-0.8267,-82.11,1.703,-1.097,-78.29,24.49,3.17,-83.15,-55.48,4.126,-95.46,-45.97,17.77,-82.71,21.83,-0.05322,-83.23,-4.053,2.336,-81.94,-0.3015,0.5313,245.1,103.5,255.4,227.5,-376,147.9,253.9,-8.31,141.1,295.4,-125,2.934,162.1,103.5,-58.59,248.5,177.2,-12.69,470.7,88.88,-14.65,17.1,-273.9,-22.45,252.4,70.32,49.31,222.2,-447.3,-148.5,-705.5,177.2,69.32,495.1,195.3,304.7,-82.52,163.6,-341.3,-19.56,1017,-15.63,43.97,-132.4,-57.17,0.4455,-0.02197,0.8772,0.2158,-0.613,0.2097,0.6627,-0.4222,0.3026,0.3423,-0.4736,0.1796,-0.4857,-0.5184,-0.5149,-0.6905,-0.2573,-0.559,-0.4625,-0.5085,-0.5563,0.733,-0.1127,0.6667,0.6202,-0.05951,0.7801,0.5607,-0.516,0.3243,0.1992,-0.7242,0.6285,-0.1315,-0.589,0.08149,-0.6593,-0.3838,-0.4029,-0.5471,-0.5656,-0.4737,-0.09882,-0.2209,-0.2173
4.36,5.152,0.1982,2.505,12.03,2.513,5.894,-1.956,-2.502,23.17,9.829,22.98,9.821,-3.231,0.4113,-51.88,-36.74,5.715,2.9,7.129,-1.725,45.48,38.77,24.13,19.67,2.616,-1.299,-4.037,0.3416,81.74,25.82,6.219,4.316,-5.634,-1.994,9.005,0.5844,-73.58,-15.45,1.319,-21.42,6.019,4.843,-21.59,4.07,4.828,21.4,-6.032,13.5,-110.2,-3.984,4.072,-110.4,-6.479,4.089,-161.9,-3.745,9.35,-79.47,-3.513,-0.8121,-82.06,1.592,-1.079,-78.07,25.54,3.355,-83.3,-56.07,4.352,-96.19,-48.46,19.73,-82.08,21.25,0.2743,-82.68,-4.547,2.381,-81.92,-0.2581,0.3771,115.7,126.5,235.8,147,-322.7,167.5,268.6,73.24,157.7,290.5,-52.24,10.75,172.4,75.68,-85.45,219.7,4.89,-55.67,446.8,174.8,-51.76,67.37,-153.3,-16.61,231.9,194.8,69.33,219.2,-321.8,-94.24,-910.1,209.5,133.8,168,-97.17,31.2,198.2,-436,-390.2,460,675.3,-103.6,7.352,-126.9,-59.59,0.4454,-0.02002,0.8774,0.218,-0.6146,0.217,0.6626,-0.4192,0.3159,0.3401,-0.4803,0.1969,-0.4844,-0.5201,-0.5089,-0.6949,-0.2542,-0.5517,-0.4608,-0.5019,-0.5526,0.7341,-0.1127,0.6655,0.6194,-0.05964,0.7807,0.5623,-0.512,0.3177,0.1955,-0.7242,0.6306,-0.1444,-0.6053,0.07904,-0.6597,-0.3855,-0.4063,-0.5482,-0.5651,-0.4773,-0.0976,-0.2204,-0.2178
4.37,4.767,0.194,2.473,12.31,2.587,5.703,-2.293,-1.899,22.58,10.32,22.39,10.31,-3.22,0.4852,-51.18,-37.45,5.326,4.026,6.064,-1.087,46.09,39.27,25.17,19.24,2.647,-1.545,-4.304,1.147,83.07,25.7,4.79,4.758,-6.113,-2.283,8.941,-0.2205,-73.76,-15.45,1.439,-22.31,5.611,4.37,-22.48,3.325,4.357,20.2,-5.838,11.57,-111.1,-3.528,3.863,-111.2,-5.422,3.873,-162.3,-4.433,7.755,-79.44,-3.235,-0.8059,-81.98,1.487,-1.064,-77.68,26.46,3.608,-83.15,-56.47,4.368,-96.59,-50.23,20.92,-81.13,20.71,0.8418,-81.87,-4.97,2.456,-81.89,-0.2069,0.1647,36.61,117.7,157.7,133.3,-207.5,181.2,264.6,167,168.9,272,-2.442,11.23,172.4,67.39,-89.85,178.7,-91.8,-25.39,362.3,210.9,-4.396,157.7,25.4,-12.69,189.5,280.8,114.7,212.4,-146.5,-108.9,-1008,195.3,152.3,-644.1,-9.794,297.9,528.3,-750.5,-373.1,952.6,116.2,-296.4,-20.44,-58.56,-2.952,0.4455,-0.01856,0.8776,0.22,-0.6163,0.2245,0.6626,-0.4161,0.3291,0.3393,-0.4879,0.214,-0.4826,-0.5214,-0.5033,-0.6992,-0.2512,-0.5442,-0.4601,-0.4928,-0.5503,0.7357,-0.113,0.6637,0.6187,-0.05988,0.7812,0.564,-0.5084,0.312,0.1922,-0.7248,0.6314,-0.1522,-0.6168,0.07636,-0.6589,-0.3891,-0.4079,-0.5509,-0.5631,-0.4814,-0.09589,-0.2198,-0.2184
4.38,4.286,0.1581,2.401,12.61,2.645,5.567,-2.569,-1.248,21.86,10.78,21.67,10.76,-3.18,0.6009,-50.45,-38.14,4.816,5.104,5.029,-0.4015,46.71,39.95,26.12,18.91,2.678,-1.747,-4.663,1.954,84.1,25.63,3.89,5.188,-6.175,-2.425,8.904,-1.066,-73.9,-15.41,1.511,-23.2,5.155,3.829,-23.37,2.592,3.817,19,-5.475,9.628,-111.9,-3.12,3.566,-111.9,-4.365,3.571,-162.4,-5.148,6.063,-79.42,-2.891,-0.8322,-81.89,1.351,-1.047,-77.17,27.24,3.91,-82.85,-56.71,4.296,-96.68,-51.34,21.39,-80.17,20.23,1.352,-81,-5.385,2.36,-81.85,-0.1576,-0.07189,47.84,108.9,78.61,158.7,-62.49,153.8,221.7,230.5,148,252,54.21,38.57,159.2,97.16,-87.89,165.5,-121.6,-14.65,242.7,186,55.67,280.3,195.3,-34.18,118.6,333.5,98.14,132.8,-35.15,-43.96,-902.4,42.97,209.5,-1413,306.7,362.3,494.2,-721.7,-280.7,902.3,-355,-268,-42.94,2.456,80.08,0.4458,-0.01758,0.8775,0.2219,-0.6185,0.2322,0.6625,-0.4131,0.3418,0.3394,-0.4962,0.2304,-0.4804,-0.5222,-0.4983,-0.7034,-0.249,-0.536,-0.4606,-0.482,-0.5487,0.7377,-0.1133,0.6614,0.6177,-0.06018,0.7819,0.5655,-0.5052,0.3071,0.1893,-0.7257,0.6313,-0.1555,-0.6239,0.07386,-0.6574,-0.3928,-0.4089,-0.5533,-0.5602,-0.4865,-0.094,-0.2192,-0.2191
4.39,3.926,0.0856,2.262,12.81,2.707,5.548,-2.818,-0.5799,21.08,11.26,20.89,11.24,-3.083,0.7367,-49.76,-38.83,4.16,6.019,4.037,0.2955,47.37,40.67,26.96,18.74,2.676,-1.836,-4.804,2.359,84.91,25.71,3.333,5.562,-6.209,-2.334,8.886,-1.584,-73.96,-15.38,1.545,-23.98,4.638,3.274,-24.14,1.825,3.265,17.85,-4.989,7.704,-112.6,-2.739,3.203,-112.6,-3.318,3.205,-162.3,-5.737,4.33,-79.46,-2.656,-0.8822,-81.79,1.23,-1.016,-76.87,27.95,4.084,-82.69,-56.8,4.271,-96.76,-51.96,21.69,-79.63,19.92,1.611,-80.45,-5.778,2.075,-81.83,-0.1616,-0.264,82.51,98.63,21.49,174.3,31.26,77.63,181.6,262.2,150.4,254.9,114.8,50.78,130.4,88.38,-82.03,209.5,-116.2,-30.28,171.4,132.8,80.57,357.9,277.8,-111.3,76.17,294.4,85.93,198.2,-22.46,44.44,-675.3,61.98,208,-1976,249,222.7,155.3,-339.8,-103,363.3,-656.2,-110.3,-15.15,33.22,35.16,0.4461,-0.01715,0.8774,0.2228,-0.621,0.2395,0.6616,-0.4104,0.354,0.3402,-0.5051,0.2457,-0.4783,-0.5224,-0.4938,-0.7073,-0.2471,-0.5275,-0.4624,-0.4707,-0.547,0.7391,-0.1135,0.66,0.6168,-0.06049,0.7825,0.5665,-0.5027,0.3024,0.188,-0.7261,0.6312,-0.1575,-0.6278,0.07258,-0.6549,-0.3964,-0.4089,-0.5532,-0.5582,-0.4914,-0.09241,-0.2191,-0.2197
4.4,3.829,-7.97E-04,2.091,12.78,2.777,5.574,-3.034,0.03974,20.28,11.75,20.11,11.72,-2.911,0.8579,-49.23,-39.48,3.365,6.732,3.007,0.9531,48.11,41.34,27.72,18.65,2.656,-2.015,-4.757,2.263,85.4,25.95,2.514,5.96,-5.468,-2.199,8.716,-1.591,-73.97,-15.32,1.558,-24.55,4.072,2.793,-24.69,1.041,2.786,16.81,-4.433,5.792,-113.3,-2.352,2.808,-113.3,-2.312,2.808,-162.2,-6.145,2.652,-79.51,-2.635,-0.9385,-81.66,1.158,-0.9798,-76.76,28.63,4.146,-82.58,-56.61,4.18,-96.69,-52.62,20.98,-79.59,19.76,1.788,-80.4,-6.177,1.776,-81.81,-0.1714,-0.428,81.05,84.48,-12.2,146,89.84,-3.42,150.4,259.3,134.8,268.1,170.4,62.99,122.1,122.6,-79.59,256.4,-66.41,-35.64,164.1,103,62.5,322.8,287.6,-90.33,80.08,166.5,80.56,213.4,-71.76,76.65,-552.8,291,43.46,1293,321.4,748.6,43.93,126.5,47.84,-124,-588.4,114.8,-31.32,-9.825,6.8,0.4466,-0.01703,0.8772,0.2223,-0.6235,0.2459,0.6599,-0.4085,0.3652,0.3409,-0.5144,0.2596,-0.4765,-0.522,-0.4896,-0.7108,-0.2453,-0.5188,-0.4653,-0.4598,-0.5447,0.7392,-0.1135,0.6599,0.6163,-0.06085,0.7828,0.5671,-0.5005,0.2976,0.1889,-0.7262,0.6304,-0.1519,-0.6328,0.07221,-0.6516,-0.401,-0.4068,-0.5507,-0.5586,-0.4947,-0.09107,-0.219,-0.2202
4.41,3.948,-0.04217,1.989,12.54,2.798,5.595,-3.208,0.5927,19.49,12.24,19.33,12.21,-2.652,0.9171,-48.86,-40.05,2.483,7.283,1.939,1.552,48.87,41.88,28.46,18.6,2.652,-2.201,-4.78,1.71,85.54,26.23,3.135,6.342,-5.077,-2.242,8.425,-1.099,-73.96,-15.25,1.547,-24.9,3.457,2.387,-25.04,0.2513,2.383,15.89,-3.855,3.907,-113.8,-1.945,2.424,-113.8,-1.353,2.423,-162,-6.381,1.079,-79.52,-2.813,-0.9532,-81.58,1.101,-0.9489,-76.61,29.32,4.257,-82.38,-56.06,4.015,-95.63,-51.59,19.58,-80.08,19.66,1.805,-80.88,-6.555,1.681,-81.79,-0.1852,-0.5679,55.66,70.8,-22.46,97.67,113.3,-28.81,129.9,238.3,109.4,290.5,217.3,62.01,93.76,121.1,-59.57,261.7,-10.26,-13.19,205.6,98.63,7.333,197.2,226.6,-11.73,100.6,0.9764,36.62,111.8,-164.6,144,-503.5,467.3,-8.769,-1255,819.3,187.5,-7.827,335,48.36,-317.9,-286.6,138.7,7.794,20.94,31.76,0.4471,-0.01721,0.877,0.2203,-0.6258,0.2512,0.6575,-0.4074,0.3753,0.3413,-0.524,0.2721,-0.4752,-0.5212,-0.4857,-0.714,-0.2432,-0.5104,-0.4688,-0.4499,-0.5417,0.7382,-0.1134,0.661,0.6159,-0.0611,0.7831,0.5668,-0.4986,0.2927,0.1917,-0.7263,0.6284,-0.1459,-0.6259,0.06989,-0.6488,-0.405,-0.4046,-0.5465,-0.562,-0.4951,-0.08991,-0.219,-0.2206
4.42,4.151,-0.02663,1.969,12.24,2.799,5.597,-3.34,1.089,18.68,12.73,18.55,12.7,-2.365,0.9213,-48.71,-40.49,1.603,7.748,0.886,2.069,49.67,42.26,29.22,18.53,2.649,-2.395,-4.905,0.8928,85.37,26.46,3.713,6.682,-4.75,-2.402,7.898,-0.2653,-73.94,-15.18,1.545,-25.03,2.795,2.02,-25.15,-0.543,2.017,15.12,-3.321,2.075,-114.2,-1.505,2.072,-114.2,-0.4159,2.071,-161.8,-6.495,-0.3704,-79.51,-3.042,-0.9344,-81.54,1.076,-0.9441,-76.41,30.03,4.404,-82.39,-55.16,4.213,-94.34,-50.26,18.23,-80.91,19.58,1.71,-81.71,-6.869,1.733,-81.77,-0.1813,-0.6803,20.52,51.27,-36.61,59.08,86.92,-0.9804,113.3,219.2,79.59,284.2,240.7,70.8,83.02,127.4,-19.04,237.3,33.21,-35.16,223.2,106.9,-26.86,62.99,139.2,67.87,111.8,-97.16,28.81,58.12,-252.9,184.1,-464.8,675.3,105.4,-1472,805.2,398,-46.85,353.1,45.9,-336.9,60.57,57.62,24.85,98.12,7.336,0.4476,-0.01733,0.8767,0.2169,-0.6284,0.2555,0.6544,-0.4073,0.3845,0.3409,-0.5334,0.2833,-0.4748,-0.5201,-0.482,-0.7171,-0.2406,-0.5021,-0.4724,-0.4411,-0.5383,0.7369,-0.1133,0.6625,0.6157,-0.06122,0.7832,0.566,-0.4966,0.2873,0.1958,-0.725,0.6265,-0.1415,-0.6167,0.06604,-0.6469,-0.4083,-0.4028,-0.5415,-0.5674,-0.4933,-0.08899,-0.2189,-0.221
4.43,4.294,-0.01687,2,11.99,2.774,5.573,-3.435,1.532,17.81,13.21,17.7,13.19,-2.066,0.8701,-48.73,-40.78,0.7864,8.173,-0.05491,2.524,50.39,42.42,30.02,18.39,2.611,-2.534,-5.066,0.01885,85.02,26.58,4.06,6.994,-4.693,-2.549,7.397,0.6464,-73.93,-15.1,1.538,-25,2.083,1.623,-25.1,-1.351,1.623,14.52,-2.861,0.3336,-114.5,-1.035,1.741,-114.4,0.4957,1.741,-161.7,-6.55,-1.726,-79.48,-3.216,-0.9019,-81.55,1.045,-0.9208,-76.18,30.79,4.569,-82.43,-54.04,4.494,-93.21,-48.91,17.37,-81.83,19.44,1.565,-82.62,-7.136,1.843,-81.75,-0.1655,-0.7221,-1.463,32.72,-49.32,26.84,6.833,29.79,77.14,200.2,19.05,259.8,259.3,65.92,58.59,93.75,-8.786,202.1,74.22,-32.72,187,131.3,-43.45,-29.28,43.95,75.19,80.08,-148.9,19.54,68.35,-344.7,152.4,-492.7,809.1,140.6,-1244,481.9,219.7,-104.5,264.1,32.21,-221.2,344.8,61.49,12.21,82.48,13.69,0.4483,-0.01746,0.8764,0.2122,-0.6315,0.2591,0.6504,-0.408,0.3927,0.3396,-0.5426,0.2929,-0.475,-0.5186,-0.4784,-0.7201,-0.2373,-0.4942,-0.4758,-0.4331,-0.5346,0.7358,-0.1132,0.6636,0.6155,-0.06104,0.7833,0.5649,-0.4946,0.2816,0.2007,-0.7231,0.6243,-0.1401,-0.607,0.06202,-0.6456,-0.411,-0.4019,-0.5364,-0.573,-0.4908,-0.08869,-0.2187,-0.2213
4.44,4.352,-0.01056,2.023,11.79,2.738,5.579,-3.526,1.98,16.87,13.67,16.78,13.65,-1.793,0.7826,-48.78,-40.89,0.08601,8.579,-0.8226,2.913,50.91,42.38,30.83,18.18,2.56,-2.599,-5.124,-0.6701,84.52,26.59,4.283,7.29,-4.918,-2.717,7.027,1.358,-73.93,-15.01,1.533,-24.94,1.343,1.164,-25.01,-2.182,1.165,14.11,-2.514,-1.295,-114.5,-0.558,1.439,-114.5,1.421,1.44,-161.7,-6.546,-3.01,-79.48,-3.323,-0.8624,-81.56,0.998,-0.8863,-76.09,31.55,4.678,-82.46,-52.77,4.651,-92.34,-47.5,16.91,-82.57,19.19,1.428,-83.36,-7.389,2.019,-81.75,-0.1498,-0.7169,-4.898,23.44,-56.64,9.27,-33.2,52.24,35.14,187,-2.931,225.1,277.3,76.17,30.27,60.55,-14.16,162.6,113.3,-12.69,144.5,165.5,-47.85,-52.75,-40.54,29.79,26.37,-137.2,5.867,17.11,-399.4,83.99,-418,899.4,199.7,-1485,26.32,70.25,-140.6,150.9,65.92,-6.825,396.5,73.25,-18.09,24.95,-0.4473,0.4489,-0.01758,0.876,0.2072,-0.6349,0.2626,0.6455,-0.4096,0.4002,0.3372,-0.5512,0.3012,-0.4759,-0.5167,-0.4753,-0.7233,-0.2334,-0.4865,-0.4792,-0.4258,-0.5306,0.7352,-0.113,0.6643,0.6152,-0.06067,0.7836,0.5636,-0.4925,0.2758,0.2072,-0.7212,0.6214,-0.1404,-0.5968,0.05896,-0.6446,-0.4133,-0.4024,-0.5325,-0.578,-0.4885,-0.08875,-0.2186,-0.2213
4.45,4.385,-0.01282,2.062,11.65,2.706,5.578,-3.637,2.467,15.94,14.16,15.87,14.14,-1.539,0.706,-48.81,-40.86,-0.5094,8.932,-1.414,3.246,51.18,42.24,31.62,17.86,2.464,-2.649,-5.042,-1.029,83.84,26.51,4.238,7.596,-4.965,-2.831,6.873,1.775,-73.94,-14.95,1.53,-24.91,0.6033,0.6814,-24.96,-3.033,0.6825,13.88,-2.282,-2.784,-114.5,-0.09412,1.133,-114.5,2.372,1.134,-161.6,-6.474,-4.265,-79.49,-3.399,-0.8272,-81.61,0.9559,-0.8479,-76.18,32.3,4.66,-82.6,-51.34,4.833,-92,-46.15,16.62,-82.98,18.84,1.403,-83.79,-7.654,2.153,-81.74,-0.1281,-0.6999,-19.53,28.81,-67.38,-3.423,-20.02,54.68,-8.303,170.4,-50.29,195.3,293.9,61.52,-13.19,23.43,-20.02,123.5,143.6,0,100.6,184.6,-57.62,-73.26,-95.7,9.276,-28.81,-100.1,-15.62,-57.63,-440.9,74.72,-411.1,823.7,229,-1267,-97.17,152.3,-122.1,115.3,91.33,130.8,328.6,23.45,-14.12,-11.76,-8.768,0.4494,-0.01758,0.8758,0.2025,-0.6385,0.2663,0.6397,-0.4122,0.4067,0.3338,-0.5592,0.3079,-0.4771,-0.5145,-0.4726,-0.7267,-0.229,-0.4788,-0.4829,-0.4187,-0.5264,0.7348,-0.1127,0.6648,0.615,-0.06012,0.7838,0.5627,-0.4904,0.2703,0.215,-0.7188,0.6182,-0.1395,-0.5873,0.0589,-0.6436,-0.4158,-0.4034,-0.5299,-0.5815,-0.4875,-0.08893,-0.2184,-0.2213
4.46,4.419,-0.01727,2.081,11.51,2.688,5.584,-3.761,2.997,15.02,14.62,14.97,14.61,-1.299,0.6615,-48.82,-40.7,-0.977,9.217,-1.842,3.575,51.2,42.01,32.35,17.47,2.322,-2.716,-4.923,-1.115,82.96,26.35,4.03,7.889,-4.693,-2.9,6.988,1.926,-73.98,-14.9,1.54,-24.93,-0.1291,0.2056,-24.94,-3.89,0.206,13.85,-2.185,-4.118,-114.4,0.3314,0.8336,-114.3,3.328,0.8349,-161.5,-6.329,-5.518,-79.53,-3.476,-0.7932,-81.67,0.9137,-0.8084,-76.32,33.01,4.568,-82.73,-49.76,5.023,-92.06,-44.75,16.33,-83.1,18.41,1.493,-83.95,-7.921,2.212,-81.72,-0.1104,-0.7117,-44.44,31.73,-77.64,-34.66,34.18,66.89,-61.52,130.4,-68.84,149.9,291,41.5,-51.75,0.4955,-18.56,80.07,164.1,-5.862,68.36,221.7,-76.66,-107.9,-109.9,-4.883,-86.42,-50.79,-28.81,-80.55,-426.3,81.07,-437.5,664.1,305.6,-1061,90.9,138.2,-27.84,37.14,123.5,124.5,167,-17.08,-24.41,-16.55,-2.416,0.4499,-0.0174,0.8757,0.198,-0.6418,0.2703,0.6333,-0.4157,0.4124,0.3293,-0.5663,0.3134,-0.4783,-0.5121,-0.4704,-0.7302,-0.2243,-0.4714,-0.4871,-0.4117,-0.5219,0.7344,-0.1122,0.6653,0.6147,-0.05951,0.7841,0.5627,-0.4883,0.2653,0.2236,-0.7159,0.6147,-0.1363,-0.5779,0.06171,-0.6428,-0.4184,-0.4049,-0.5283,-0.5834,-0.4877,-0.08887,-0.2182,-0.2214
4.47,4.429,-0.01149,2.089,11.4,2.667,5.611,-3.898,3.568,14.13,15.09,14.09,15.07,-1.077,0.6523,-48.8,-40.49,-1.297,9.422,-2.118,3.887,51.02,41.77,33,17.04,2.159,-2.78,-4.78,-1.074,81.88,26.14,3.771,8.172,-4.329,-2.994,7.302,1.946,-74.02,-14.85,1.551,-24.97,-0.847,-0.2747,-24.95,-4.745,-0.2756,14,-2.222,-5.314,-114.2,0.7297,0.5196,-114.1,4.298,0.521,-161.4,-6.108,-6.777,-79.59,-3.539,-0.7544,-81.74,0.8619,-0.7736,-76.5,33.63,4.42,-82.77,-48.06,5.071,-92.32,-43.26,16,-83.1,17.94,1.62,-83.98,-8.186,2.239,-81.72,-0.09459,-0.7796,-60.53,43.95,-83.01,-68.35,61.03,75.68,-83.49,90.82,-91.8,133.8,296.4,32.23,-78.62,-11.72,-15.63,30.75,170.4,20.99,13.68,237.3,-104,-147,-95.7,19.04,-127,-4.404,-44.43,-125.5,-431.7,75.67,-445.8,524.4,275.9,-965.5,384.2,231.5,53.25,43.48,38.11,60.51,2.448,-63.99,-12.65,-26.37,-18.07,0.4502,-0.01721,0.8755,0.1938,-0.6451,0.2743,0.6263,-0.4199,0.4174,0.3237,-0.5725,0.3176,-0.4795,-0.5096,-0.4686,-0.7339,-0.2194,-0.4641,-0.4919,-0.4046,-0.5172,0.7341,-0.1116,0.6657,0.6144,-0.0589,0.7844,0.5632,-0.4864,0.2609,0.233,-0.7132,0.6101,-0.1318,-0.568,0.06598,-0.6418,-0.4212,-0.4067,-0.5273,-0.5846,-0.4886,-0.08832,-0.218,-0.2216
4.48,4.397,0.018,2.101,11.35,2.651,5.617,-4.014,4.208,13.24,15.52,13.22,15.51,-0.8732,0.6773,-48.77,-40.22,-1.426,9.553,-2.237,4.191,50.69,41.52,33.58,16.63,2.04,-2.873,-4.596,-1.008,80.59,25.91,3.451,8.439,-4.033,-3.1,7.594,1.942,-74.06,-14.82,1.564,-25.01,-1.562,-0.7741,-24.95,-5.576,-0.7775,14.3,-2.402,-6.368,-114,1.073,0.2162,-113.9,5.28,0.2174,-161.2,-5.8,-8.031,-79.64,-3.562,-0.723,-81.8,0.8063,-0.7697,-76.76,34.17,4.238,-82.82,-46.23,5.095,-92.56,-41.7,15.68,-83.08,17.46,1.749,-83.98,-8.433,2.242,-81.71,-0.07488,-0.8835,-60.53,60.06,-76.66,-100.1,83.01,62.98,-104,42.98,-98.63,104.5,295.9,11.72,-111.3,-43.94,-29.29,-4.892,175.3,52.25,-34.2,249,-122.1,-160.7,-61.03,39.07,-134.3,21.48,-28.33,-158.7,-413.1,89.35,-481.5,427.2,198.7,-810.5,499.9,271.5,67.85,-33.69,33.67,-23.43,-100.6,-25.39,-1.912,-15.12,-20.49,0.4505,-0.01697,0.8755,0.1896,-0.6485,0.2783,0.6192,-0.4246,0.4221,0.3171,-0.5779,0.321,-0.4803,-0.5072,-0.4671,-0.7376,-0.2144,-0.4569,-0.4972,-0.3976,-0.5122,0.734,-0.1111,0.6659,0.6141,-0.05854,0.7847,0.5642,-0.4845,0.2573,0.2434,-0.7102,0.6051,-0.1273,-0.5575,0.0702,-0.6409,-0.424,-0.4085,-0.5263,-0.5855,-0.4895,-0.08747,-0.2178,-0.2219
4.49,4.31,0.05724,2.128,11.34,2.622,5.607,-4.106,4.915,12.35,15.91,12.33,15.9,-0.6926,0.7408,-48.78,-39.95,-1.369,9.587,-2.24,4.455,50.28,41.32,34.04,16.27,1.932,-2.958,-4.258,-0.9139,79.07,25.8,3.111,8.762,-3.853,-3.158,7.624,1.882,-74.1,-14.79,1.58,-25.01,-2.271,-1.296,-24.92,-6.375,-1.303,14.73,-2.713,-7.311,-113.7,1.363,-0.08142,-113.7,6.279,-0.08197,-161,-5.384,-9.25,-79.66,-3.535,-0.683,-81.84,0.7468,-0.7672,-77.19,34.6,3.944,-83.04,-44.29,5.208,-92.61,-40.1,15.3,-83.03,17.04,1.876,-83.94,-8.74,2.193,-81.72,-0.05518,-0.9914,-65.43,64.94,-84.97,-104,108.4,51.75,-123.5,19.04,-114.3,57.62,276.9,-10.25,-139.2,-64.94,-50.78,-16.1,171.4,51.75,-67.38,260.8,-136.7,-164.6,-33.2,25.89,-147.9,49.79,-41.98,-176.3,-374,125,-449.2,437,203.1,-783.8,505.9,217.8,38.58,-109.9,-16.1,-68.36,-130.4,26.35,8.235,4.912,-10.74,0.4507,-0.01672,0.8754,0.1854,-0.652,0.2821,0.6123,-0.4293,0.4267,0.3096,-0.5824,0.3237,-0.4807,-0.505,-0.4657,-0.7414,-0.2095,-0.4497,-0.5031,-0.3909,-0.5069,0.7342,-0.1107,0.6657,0.6137,-0.05823,0.7851,0.5655,-0.4829,0.2547,0.2548,-0.7062,0.6003,-0.1234,-0.5464,0.07306,-0.6399,-0.4265,-0.41,-0.5251,-0.5863,-0.4912,-0.08655,-0.2175,-0.222
4.5,4.209,0.1047,2.124,11.37,2.616,5.625,-4.163,5.675,11.45,16.27,11.44,16.25,-0.5429,0.8256,-48.8,-39.73,-1.17,9.527,-2.162,4.69,49.85,41.16,34.41,15.93,1.884,-3.084,-3.834,-0.8274,77.36,25.74,2.692,9.117,-3.718,-3.225,7.35,1.831,-74.12,-14.77,1.598,-24.98,-2.963,-1.842,-24.84,-7.124,-1.853,15.25,-3.091,-8.166,-113.5,1.612,-0.3641,-113.6,7.287,-0.3667,-160.9,-4.857,-10.43,-79.7,-3.487,-0.6624,-81.87,0.6933,-0.7918,-77.74,34.95,3.603,-83.37,-42.22,5.389,-92.41,-38.5,14.8,-82.96,16.65,2.011,-83.89,-9.069,2.164,-81.72,-0.02562,-1.088,-64.44,76.66,-96.69,-122.1,113.8,63.96,-141.6,36.63,-125.5,12.22,269,-14.65,-139.6,-64.94,-67.38,-16.1,169.9,57.61,-94.74,286.1,-147,-151.8,7.314,-16.61,-138.7,66.41,-31.25,-170.9,-337.9,133.3,-402.4,446.3,213.9,-883.3,471.6,154.8,-21,-163.6,-38.11,-35.6,-126.9,18.05,0,1.939,14.67,0.4509,-0.01654,0.8753,0.181,-0.6557,0.2856,0.6059,-0.4336,0.4313,0.3017,-0.5863,0.3258,-0.4806,-0.5034,-0.4643,-0.7453,-0.2046,-0.4425,-0.5095,-0.3846,-0.5011,0.7345,-0.1104,0.6654,0.6133,-0.05823,0.7854,0.567,-0.4813,0.2528,0.2671,-0.7012,0.5954,-0.1195,-0.5351,0.0741,-0.6388,-0.4291,-0.4112,-0.5239,-0.5872,-0.4928,-0.08576,-0.2172,-0.2222
4.51,4.167,0.1198,2.08,11.36,2.64,5.671,-4.228,6.472,10.6,16.58,10.6,16.56,-0.4242,0.9206,-48.85,-39.53,-0.876,9.347,-2.052,4.923,49.43,41.05,34.68,15.62,1.874,-3.208,-3.326,-0.8205,75.45,25.74,2.109,9.48,-3.544,-3.296,6.754,1.846,-74.13,-14.76,1.613,-24.91,-3.605,-2.385,-24.73,-7.829,-2.403,15.81,-3.519,-8.964,-113.3,1.814,-0.623,-113.4,8.285,-0.6295,-160.7,-4.199,-11.59,-79.75,-3.478,-0.6695,-81.88,0.6594,-0.8124,-78.38,35.22,3.231,-83.8,-40.05,5.632,-91.97,-37,14.15,-82.97,16.31,2.122,-83.92,-9.411,2.14,-81.72,-0.005912,-1.184,-72.27,69.82,-106.4,-121.1,129.9,56.65,-152.3,70.31,-117.2,-34.17,258.3,-19.53,-139.2,-94.73,-95.7,-13.69,155.8,52.25,-98.14,305.7,-125,-143.1,41.5,-21,-107.9,59.58,-34.68,-141.6,-291.5,152.4,-368.1,417.5,252.4,-967.8,387.2,107.9,-105,-203.6,-34.19,4.436,-123.5,1.934,8.235,-2.456,-9.305,0.451,-0.01642,0.8753,0.1768,-0.6593,0.2886,0.6,-0.4377,0.4359,0.2935,-0.5897,0.3277,-0.48,-0.5022,-0.4627,-0.749,-0.2,-0.4352,-0.5166,-0.3787,-0.4948,0.7346,-0.1101,0.6654,0.6131,-0.05829,0.7856,0.5686,-0.4799,0.2517,0.2802,-0.6953,0.5905,-0.1154,-0.5242,0.07324,-0.6376,-0.4317,-0.4119,-0.5223,-0.5885,-0.4942,-0.08497,-0.217,-0.2224
4.52,4.127,0.08062,2.015,11.36,2.713,5.729,-4.265,7.265,9.767,16.87,9.761,16.84,-0.3232,1.046,-48.92,-39.41,-0.5359,9.032,-1.937,5.158,49.05,41.03,34.9,15.35,1.908,-3.32,-2.82,-0.8689,73.37,25.8,1.206,9.861,-3.302,-3.39,5.946,1.9,-74.13,-14.75,1.631,-24.8,-4.228,-2.934,-24.58,-8.488,-2.958,16.36,-3.947,-9.73,-113.2,1.98,-0.8879,-113.4,9.244,-0.899,-160.6,-3.43,-12.7,-79.81,-3.468,-0.722,-81.88,0.6306,-0.8238,-79,35.43,2.905,-84.2,-37.74,5.804,-91.35,-35.73,13.32,-83.02,16.02,2.214,-83.99,-9.771,2.126,-81.72,0.01379,-1.293,-90.81,69.82,-123,-128.4,151.4,75.68,-162.6,113.8,-122.6,-67.88,237.8,-37.11,-116.7,-62.51,-97.66,-18.05,141.6,36.14,-101.6,320.8,-135.8,-114.8,99.61,-3.412,-84.48,41.51,-42.96,-142.6,-247.1,134.3,-370.6,387.2,275.9,-964.8,348.6,71.32,-163.6,-186,-53.69,-2.389,-130.8,-13.7,-2.5,-33.22,5.368,0.4511,-0.0163,0.8752,0.1726,-0.663,0.2913,0.5945,-0.4413,0.4406,0.2854,-0.5928,0.3295,-0.4787,-0.5016,-0.461,-0.7525,-0.1959,-0.4281,-0.5242,-0.3734,-0.4879,0.7348,-0.11,0.6654,0.6129,-0.05835,0.7857,0.5699,-0.4786,0.2511,0.2941,-0.689,0.5848,-0.1105,-0.515,0.07068,-0.6362,-0.4344,-0.4123,-0.5205,-0.5901,-0.4955,-0.08405,-0.2167,-0.2225
4.53,4.087,0.03672,1.958,11.38,2.792,5.791,-4.325,8.029,8.978,17.17,8.974,17.13,-0.2368,1.179,-49.02,-39.34,-0.2258,8.577,-1.826,5.379,48.78,41.06,35.08,15.12,1.959,-3.424,-2.344,-0.9866,71.11,25.93,-0.09067,10.26,-3.068,-3.523,5.082,2.026,-74.12,-14.75,1.637,-24.65,-4.81,-3.483,-24.38,-9.126,-3.515,16.86,-4.333,-10.48,-113.2,2.123,-1.158,-113.3,10.15,-1.176,-160.6,-2.561,-13.77,-79.87,-3.461,-0.7893,-81.89,0.5968,-0.8454,-79.6,35.61,2.599,-84.48,-35.31,5.791,-90.64,-34.73,12.4,-83.14,15.76,2.268,-84.13,-10.15,2.151,-81.72,0.0335,-1.402,-96.19,66.4,-124,-145,155.3,71.29,-172.9,150.9,-118.2,-102.5,216.8,-44.43,-118.2,-41.99,-99.61,-8.299,135.7,26.86,-85.92,323.7,-146.5,-102.5,120.6,13.67,-87.4,13.19,-59.08,-148.5,-231.9,92.27,-362.3,397.9,291.5,-877.3,295.9,91.76,-208.5,-152.3,-97.19,-22.98,-150.9,-24.9,-13.23,-17.58,-10.74,0.4511,-0.0163,0.8752,0.1683,-0.6667,0.2935,0.5892,-0.4447,0.4455,0.2779,-0.5958,0.3314,-0.477,-0.5011,-0.4591,-0.7555,-0.1923,-0.421,-0.5321,-0.3687,-0.4804,0.7348,-0.11,0.6654,0.6126,-0.05847,0.7859,0.5709,-0.4774,0.2507,0.3087,-0.6828,0.5778,-0.1053,-0.5078,0.06708,-0.6343,-0.4372,-0.4122,-0.5183,-0.5922,-0.4964,-0.08313,-0.2165,-0.2227
4.54,4.065,-0.03088,1.911,11.42,2.878,5.874,-4.378,8.763,8.214,17.45,8.212,17.41,-0.1614,1.318,-49.13,-39.33,0.04411,8.012,-1.741,5.58,48.61,41.1,35.18,14.91,1.98,-3.51,-1.901,-1.149,68.65,26.1,-1.802,10.7,-2.827,-3.72,4.244,2.216,-74.09,-14.77,1.635,-24.46,-5.366,-4.037,-24.15,-9.733,-4.079,17.28,-4.66,-11.23,-113.2,2.239,-1.426,-113.4,11,-1.451,-160.6,-1.622,-14.77,-79.93,-3.454,-0.8717,-81.9,0.582,-0.8593,-80.17,35.71,2.288,-84.65,-32.76,5.653,-89.96,-34.02,11.47,-83.32,15.54,2.3,-84.34,-10.54,2.216,-81.72,0.06503,-1.536,-107.4,57.13,-122.1,-149.4,153.3,62.5,-188,174.3,-105,-119.1,224.6,-49.8,-104.5,-5.859,-89.35,-5.358,127.4,4.883,-78.6,324.2,-147,-110.3,113.8,10.75,-104.5,4.404,-82.53,-167.5,-257.3,20.03,-355.9,378.9,250.5,-786.8,131.9,107.4,-246.1,-109.9,6.847,-22.98,-206.6,-13.7,-12.65,-46.41,-5.368,0.4509,-0.01642,0.8752,0.164,-0.6705,0.2954,0.5842,-0.4478,0.4503,0.2711,-0.5988,0.3335,-0.4749,-0.501,-0.4571,-0.758,-0.1894,-0.414,-0.5399,-0.3648,-0.4725,0.7349,-0.1101,0.6654,0.6125,-0.05848,0.786,0.5716,-0.4767,0.2506,0.3239,-0.6766,0.5694,-0.09986,-0.5027,0.06317,-0.6322,-0.4401,-0.4119,-0.516,-0.5948,-0.4969,-0.08203,-0.2161,-0.223
4.55,4.019,-0.09675,1.862,11.46,2.948,5.964,-4.458,9.423,7.491,17.73,7.49,17.68,-0.106,1.469,-49.23,-39.35,0.2523,7.362,-1.703,5.782,48.54,41.15,35.22,14.74,1.96,-3.586,-1.465,-1.327,66.03,26.36,-3.888,11.19,-2.459,-3.883,3.476,2.42,-74.06,-14.78,1.628,-24.29,-5.874,-4.578,-23.93,-10.32,-4.629,17.59,-4.93,-12,-113.2,2.34,-1.706,-113.5,11.76,-1.742,-160.7,-0.6723,-15.71,-79.99,-3.437,-0.9438,-81.92,0.5527,-0.864,-80.73,35.73,1.95,-84.76,-30.12,5.452,-89.36,-33.57,10.46,-83.52,15.35,2.327,-84.57,-11,2.255,-81.71,0.09656,-1.664,-104.5,58.11,-127.4,-154.8,132.3,70.31,-206.1,203.1,-110.4,-133.8,242.2,-47.36,-103,22.46,-79.59,6.843,136.2,-14.65,-64.95,324.2,-143.1,-140.6,98.62,-18.55,-139.6,0,-102,-157.2,-307.1,-39.55,-361.3,345.2,247.6,-661.1,-66.41,116.2,-246.1,-80.55,51.28,-58.58,-233.4,26.84,-9.264,11.25,17.09,0.4508,-0.0166,0.8752,0.1601,-0.674,0.2971,0.5793,-0.4508,0.455,0.265,-0.6018,0.3361,-0.4726,-0.5009,-0.4551,-0.76,-0.1871,-0.4074,-0.5475,-0.3615,-0.4643,0.735,-0.1101,0.6654,0.6123,-0.05841,0.7862,0.5721,-0.4765,0.2506,0.3393,-0.6702,0.56,-0.09345,-0.4998,0.05957,-0.6304,-0.4427,-0.4115,-0.5132,-0.5975,-0.4978,-0.081,-0.2158,-0.2233
4.56,3.942,-0.1721,1.803,11.54,3.023,6.073,-4.552,10.02,6.821,18.03,6.82,17.96,-0.06928,1.626,-49.28,-39.39,0.378,6.679,-1.699,5.972,48.51,41.14,35.19,14.62,1.934,-3.643,-1.06,-1.568,63.25,26.71,-6.28,11.72,-1.925,-4.096,2.861,2.692,-74.01,-14.82,1.621,-24.15,-6.351,-5.104,-23.74,-10.89,-5.166,17.8,-5.123,-12.78,-113.2,2.432,-1.987,-113.5,12.44,-2.033,-160.9,0.2416,-16.59,-80.07,-3.401,-1.021,-81.94,0.5131,-0.8638,-81.25,35.68,1.631,-84.8,-27.42,5.139,-88.89,-33.35,9.289,-83.79,15.2,2.324,-84.87,-11.49,2.359,-81.7,0.1143,-1.776,-119.2,53.22,-140.6,-165.5,131.8,71.77,-231.9,223.6,-101.6,-158.7,273.4,-39.07,-117.2,50.78,-53.23,-8.794,147.5,-15.63,-56.13,323.7,-131.8,-168.5,88.86,-27.83,-161.6,14.17,-93.76,-183.6,-370.1,-35.64,-347.1,218.3,229.5,-485.4,-156.7,170.9,-224.1,-125.5,44.44,-56.64,-214.8,86.87,-65.44,68.9,33.19,0.4505,-0.01679,0.8753,0.1566,-0.6774,0.2988,0.5747,-0.4536,0.4598,0.2598,-0.6048,0.3391,-0.4701,-0.5009,-0.4532,-0.7613,-0.1856,-0.401,-0.5544,-0.3589,-0.4559,0.7353,-0.11,0.6652,0.6121,-0.05829,0.7864,0.5724,-0.4768,0.251,0.3549,-0.6639,0.5495,-0.08527,-0.4989,0.05677,-0.6288,-0.4449,-0.411,-0.51,-0.6009,-0.4983,-0.08008,-0.2155,-0.2236
4.57,3.846,-0.2375,1.747,11.64,3.071,6.166,-4.683,10.53,6.188,18.34,6.187,18.27,-0.04963,1.774,-49.28,-39.44,0.4384,5.991,-1.726,6.129,48.51,41.03,35.1,14.56,1.937,-3.671,-0.6845,-1.811,60.33,27.18,-8.973,12.29,-1.189,-4.325,2.434,2.954,-73.97,-14.86,1.607,-24.07,-6.792,-5.613,-23.6,-11.45,-5.687,17.92,-5.267,-13.57,-113.2,2.535,-2.275,-113.6,13.06,-2.333,-161.2,1.085,-17.42,-80.13,-3.351,-1.081,-81.94,0.4678,-0.8567,-81.7,35.55,1.374,-84.77,-24.65,4.703,-88.55,-33.34,7.922,-84.03,15.11,2.297,-85.17,-12.05,2.535,-81.68,0.1005,-1.838,-147.5,41.5,-146.5,-196.3,137.7,74.22,-279.8,216.8,-113.8,-193.8,314.9,-22.46,-137.2,63.96,-53.71,-17.09,198.2,-13.19,-49.33,315.4,-131.8,-192.4,85.94,-27.83,-168.5,41.01,-93.26,-243.7,-430.7,56.62,-296.8,78.61,102.5,-189.4,-230.5,208.4,-196.3,-209.4,29.28,-6.37,-264.1,85.42,-90.88,16.16,14.67,0.4502,-0.01703,0.8754,0.1537,-0.6806,0.3007,0.5701,-0.4563,0.4645,0.2553,-0.6079,0.3424,-0.4679,-0.5006,-0.4513,-0.7621,-0.1847,-0.3948,-0.5603,-0.3571,-0.4475,0.7356,-0.11,0.6649,0.6118,-0.05823,0.7866,0.5721,-0.4774,0.2519,0.3708,-0.6576,0.5377,-0.07489,-0.4998,0.05487,-0.6273,-0.4467,-0.4105,-0.507,-0.6048,-0.4987,-0.07959,-0.2156,-0.2239
4.58,3.712,-0.2957,1.74,11.75,3.092,6.204,-4.809,11,5.606,18.65,5.606,18.56,-0.01528,1.895,-49.22,-39.45,0.4239,5.375,-1.828,6.241,48.51,40.77,34.97,14.6,1.954,-3.673,-0.3702,-2.014,57.32,27.79,-11.85,12.89,-0.2341,-4.533,2.172,3.18,-73.91,-14.9,1.579,-24.03,-7.208,-6.082,-23.51,-11.99,-6.169,17.98,-5.344,-14.38,-113.2,2.639,-2.544,-113.7,13.63,-2.615,-161.7,1.802,-18.17,-80.12,-3.289,-1.132,-81.92,0.3975,-0.8478,-82.06,35.36,1.178,-84.67,-21.85,4.235,-88.31,-33.46,6.392,-84.23,15.08,2.254,-85.42,-12.69,2.73,-81.64,0.04335,-1.864,-183.1,42,-167.5,-228,141.1,78.12,-303.7,231.4,-101.1,-217.8,362.3,-4.887,-167,72.75,-49.32,-32.73,242.2,-17.57,-65.93,311.5,-131.4,-216.3,74.21,-31.24,-197.3,67.39,-85.93,-295.4,-475.6,124.5,-232.5,-124.5,85.93,218.8,-112.3,232.9,-210,-197.3,148,45.95,-338.9,8.784,-132.3,-74.2,35.16,0.4498,-0.0174,0.8755,0.1511,-0.6834,0.3027,0.5658,-0.4588,0.469,0.2512,-0.6113,0.3458,-0.4659,-0.5003,-0.4497,-0.7625,-0.1843,-0.3888,-0.5649,-0.3559,-0.4392,0.7359,-0.1104,0.6645,0.6113,-0.05823,0.787,0.5711,-0.4784,0.2529,0.3864,-0.6514,0.525,-0.06275,-0.502,0.05377,-0.6259,-0.448,-0.4098,-0.5039,-0.6087,-0.4995,-0.07941,-0.216,-0.2244
4.59,3.578,-0.3419,1.796,11.85,3.07,6.174,-4.964,11.42,5.074,18.95,5.074,18.86,0.02045,1.995,-49.13,-39.47,0.3511,4.835,-1.981,6.307,48.48,40.38,34.79,14.71,1.963,-3.722,-0.01003,-2.076,54.23,28.56,-14.73,13.52,0.8055,-4.674,1.96,3.25,-73.85,-14.94,1.532,-24.02,-7.584,-6.516,-23.44,-12.52,-6.617,18.03,-5.369,-15.21,-113.2,2.745,-2.814,-113.8,14.15,-2.899,-162.2,2.379,-18.87,-80.02,-3.23,-1.165,-81.88,0.3212,-0.832,-82.45,35.11,0.953,-84.65,-19.03,3.837,-88.17,-33.55,4.856,-84.25,15.13,2.302,-85.53,-13.4,2.882,-81.6,-0.0532,-1.869,-213.9,44.92,-165,-255.9,159.2,69.82,-340.8,222.2,-107.9,-240.7,397.9,13.67,-198.3,80.08,-49.8,-55.18,283.2,-14.65,-83.01,318.9,-127.9,-236.3,57.62,-23.44,-245.6,83.49,-88.37,-332,-447.3,109.9,-185.1,-308.1,35.63,529.2,-99.62,196.3,-216.3,-134.3,101.1,110.8,-498.5,-15.15,-91.76,-277.8,-6.352,0.4495,-0.01794,0.8756,0.149,-0.686,0.3047,0.5615,-0.4611,0.4733,0.2474,-0.6149,0.3492,-0.464,-0.4997,-0.4482,-0.7625,-0.1841,-0.3831,-0.5682,-0.3554,-0.4313,0.7362,-0.1112,0.6641,0.6107,-0.05829,0.7874,0.5702,-0.4798,0.2543,0.4018,-0.6443,0.5123,-0.05011,-0.5039,0.05341,-0.6252,-0.449,-0.4086,-0.5011,-0.612,-0.5013,-0.07935,-0.2168,-0.2247
4.6,3.521,-0.3936,1.893,11.93,3.028,6.1,-5.117,11.81,4.576,19.25,4.576,19.15,0.04863,2.066,-49,-39.46,0.2519,4.402,-2.155,6.332,48.42,39.83,34.49,14.88,1.925,-3.771,0.4256,-2.215,51.1,29.46,-17.42,14.16,1.756,-4.858,1.833,3.384,-73.76,-14.99,1.475,-24.03,-7.934,-6.936,-23.39,-13.01,-7.051,18.07,-5.353,-16.04,-113.1,2.857,-3.063,-113.8,14.65,-3.163,-162.9,2.8,-19.51,-79.87,-3.205,-1.186,-81.83,0.2892,-0.8008,-82.9,34.78,0.6546,-84.68,-16.24,3.423,-88.1,-33.49,3.405,-84.33,15.27,2.339,-85.68,-14.16,2.982,-81.58,-0.1872,-1.972,-227,35.15,-162.1,-283.2,177.2,86.42,-372.5,211.9,-100.1,-259.3,426.8,28.32,-225.1,82.52,-61.53,-66.42,326.7,-5.862,-112.3,336.9,-127.9,-275.9,56.15,-38.09,-251.5,79.58,-122.1,-307.1,-404.8,29.77,-159.2,-465.8,-30.28,737,-88.45,172.3,-196.8,-30.25,75.7,-69.38,-340.3,50.77,28.38,-106,-72.74,0.4491,-0.01862,0.8758,0.1472,-0.6884,0.3067,0.5575,-0.4635,0.4775,0.2438,-0.6186,0.3524,-0.4626,-0.4991,-0.447,-0.7624,-0.1841,-0.3776,-0.5702,-0.3553,-0.4237,0.7362,-0.1122,0.6638,0.6105,-0.05835,0.7875,0.5699,-0.4815,0.2561,0.417,-0.6369,0.4994,-0.03778,-0.5046,0.05359,-0.6241,-0.4501,-0.4065,-0.4976,-0.6156,-0.5033,-0.07843,-0.2178,-0.2252
4.61,3.469,-0.4258,2.02,12.01,2.968,6.024,-5.268,12.18,4.102,19.53,4.102,19.43,0.04943,2.149,-48.84,-39.44,0.1253,4.061,-2.341,6.314,48.33,39.15,34.08,15.07,1.881,-3.773,0.8665,-2.521,47.91,30.42,-19.89,14.85,2.663,-5.227,1.736,3.687,-73.66,-15.04,1.428,-24.04,-8.258,-7.343,-23.35,-13.48,-7.473,18.13,-5.288,-16.85,-113,2.957,-3.303,-113.8,15.12,-3.417,-163.6,3.083,-20.1,-79.7,-3.17,-1.18,-81.78,0.2721,-0.7632,-83.34,34.35,0.3647,-84.76,-13.5,3.066,-88.08,-33.23,2.044,-84.59,15.46,2.288,-86.03,-14.92,3.209,-81.53,-0.2936,-2.139,-193.4,47.85,-138.7,-293.5,201.2,83.49,-385.8,218.7,-106.4,-267.1,451.2,44.43,-244.6,76.66,-72.27,-90.32,351.6,4.883,-139.2,365.2,-127,-314.9,75.68,-38.58,-235.4,77.63,-138.2,-246.6,-343.8,-39.55,-83.46,-535.1,-173.3,1066,-73.76,50.72,-207,-40.51,139.6,-130.4,-3.899,-51.25,66.91,130.8,-11.72,0.4486,-0.01929,0.8759,0.1455,-0.6908,0.3085,0.5538,-0.4655,0.4815,0.2404,-0.6225,0.3552,-0.4613,-0.4983,-0.4461,-0.7622,-0.1843,-0.3723,-0.5709,-0.3557,-0.4166,0.7362,-0.1134,0.6635,0.6104,-0.05835,0.7876,0.5702,-0.4832,0.2587,0.4318,-0.6289,0.4868,-0.02588,-0.5037,0.05408,-0.6236,-0.4504,-0.4047,-0.4936,-0.6203,-0.5042,-0.07703,-0.2186,-0.2259
4.62,3.376,-0.4644,2.135,12.1,2.902,5.967,-5.407,12.56,3.65,19.79,3.65,19.68,0.04804,2.227,-48.67,-39.4,0.003529,3.792,-2.545,6.248,48.21,38.38,33.6,15.26,1.897,-3.769,1.312,-2.94,44.72,31.39,-21.99,15.59,3.513,-5.567,1.555,4.105,-73.54,-15.07,1.372,-24.06,-8.555,-7.727,-23.31,-13.91,-7.873,18.21,-5.205,-17.64,-112.9,3.046,-3.537,-113.7,15.58,-3.667,-164.4,3.253,-20.64,-79.53,-3.11,-1.178,-81.72,0.2394,-0.7222,-83.78,33.85,0.1478,-84.94,-10.83,2.829,-88.04,-32.68,0.7911,-84.97,15.63,2.201,-86.5,-15.72,3.455,-81.47,-0.3862,-2.26,-168,59.57,-148.4,-297.4,219.7,81.54,-396.5,224.6,-98.63,-272,457,52.25,-253.9,66.41,-84.97,-95.22,365.7,10.74,-147.5,406.7,-129.9,-311.5,103.5,-27.34,-229.5,70.8,-118.2,-210.5,-262.7,-53.23,-71.77,-508.3,-225.6,1300,-68.4,6.302,-177.3,-77.65,156.7,-75.64,214.4,74.22,91.76,185.5,-18.52,0.4483,-0.02008,0.8759,0.1441,-0.693,0.3102,0.5504,-0.4674,0.4853,0.237,-0.6264,0.3576,-0.4602,-0.4972,-0.4455,-0.7619,-0.1846,-0.3673,-0.5708,-0.3563,-0.4098,0.7364,-0.1144,0.663,0.6101,-0.05835,0.7877,0.5707,-0.4848,0.2624,0.4459,-0.6201,0.4749,-0.01477,-0.5005,0.05432,-0.6236,-0.4502,-0.4035,-0.4888,-0.6256,-0.5048,-0.07605,-0.2193,-0.2267
4.63,3.323,-0.4831,2.248,12.17,2.828,5.953,-5.553,12.93,3.209,20.01,3.208,19.9,0.02342,2.298,-48.48,-39.38,-0.1301,3.591,-2.752,6.174,48.08,37.57,32.95,15.41,1.971,-3.756,1.917,-3.319,41.49,32.4,-23.65,16.42,4.115,-5.812,1.101,4.476,-73.4,-15.1,1.299,-24.07,-8.814,-8.114,-23.27,-14.31,-8.276,18.29,-5.081,-18.41,-112.8,3.113,-3.767,-113.6,16.01,-3.913,-165.1,3.325,-21.15,-79.38,-3.065,-1.183,-81.68,0.229,-0.7082,-84.43,33.2,-0.1287,-85.35,-8.244,2.673,-87.91,-31.8,-0.3175,-85.32,15.79,2.088,-86.92,-16.56,3.671,-81.42,-0.4453,-2.317,-153.3,62.5,-172.4,-284.7,219.2,94.73,-389.6,242.7,-106,-260.7,448.2,82.03,-250.5,64.94,-109.9,-88.87,378.4,11.72,-159.2,436,-131.4,-287.6,117.7,-7.314,-226.1,71.77,-109.9,-192.9,-184.1,11.71,-66.38,-401.9,-156.2,1390,16.53,-138.6,-158.2,-109.4,8.784,-68.82,172.8,291,7.794,207.5,40.98,0.4481,-0.02112,0.8758,0.1428,-0.6952,0.3117,0.5472,-0.4693,0.4889,0.2338,-0.6304,0.3598,-0.4594,-0.4961,-0.4454,-0.7617,-0.1849,-0.3625,-0.57,-0.357,-0.4035,0.7365,-0.1155,0.6626,0.6101,-0.05847,0.7877,0.5708,-0.4868,0.2672,0.4602,-0.61,0.4645,-0.005066,-0.4945,0.05365,-0.6233,-0.45,-0.4024,-0.4839,-0.6307,-0.5058,-0.07563,-0.2197,-0.2272
4.64,3.33,-0.4825,2.36,12.21,2.754,5.955,-5.702,13.33,2.798,20.22,2.798,20.1,-0.01687,2.39,-48.28,-39.34,-0.2796,3.42,-2.953,6.069,47.97,36.76,32.18,15.49,2.117,-3.731,2.696,-3.533,38.32,33.41,-24.81,17.31,4.371,-5.926,0.3879,4.677,-73.23,-15.12,1.216,-24.09,-9.036,-8.49,-23.23,-14.67,-8.668,18.33,-4.933,-19.15,-112.6,3.149,-4.008,-113.6,16.44,-4.173,-165.8,3.339,-21.64,-79.23,-3.041,-1.193,-81.64,0.2597,-0.7211,-85.29,32.46,-0.4521,-85.98,-5.824,2.499,-87.65,-30.59,-1.253,-85.51,15.9,1.981,-87.19,-17.46,3.866,-81.37,-0.4887,-2.266,-152.3,53.71,-169.9,-264.7,227.5,85.45,-362.8,250,-111.3,-245.1,442.9,82.52,-267.6,43.46,-121.6,-81.06,388.2,11.72,-168,457.5,-120.1,-263.2,119.6,2.431,-222.2,67.39,-103,-210.5,-116.7,77.16,-5.846,-319.8,-65.41,1370,-63.51,-302.8,-147.9,-24.91,68.38,-73.25,52.23,265.1,-45.44,173.9,55.2,0.4478,-0.02228,0.8758,0.1419,-0.6973,0.3129,0.5443,-0.4709,0.4922,0.2311,-0.6343,0.362,-0.4585,-0.4947,-0.4457,-0.7615,-0.1851,-0.3579,-0.5688,-0.3575,-0.3976,0.7365,-0.1165,0.6624,0.6102,-0.05878,0.7876,0.57,-0.4892,0.2726,0.4746,-0.5993,0.4554,0.002869,-0.486,0.05176,-0.6227,-0.4499,-0.4017,-0.4795,-0.6352,-0.5077,-0.07611,-0.22,-0.2275
4.65,3.379,-0.484,2.44,12.26,2.724,5.976,-5.846,13.73,2.432,20.4,2.431,20.27,-0.07444,2.494,-48.06,-39.29,-0.4517,3.29,-3.158,5.971,47.92,35.95,31.34,15.49,2.359,-3.729,3.496,-3.524,35.31,34.41,-25.5,18.2,4.392,-5.922,-0.4687,4.635,-73.06,-15.14,1.139,-24.12,-9.227,-8.838,-23.19,-15,-9.033,18.31,-4.765,-19.84,-112.4,3.156,-4.23,-113.5,16.85,-4.414,-166.5,3.298,-22.1,-79.09,-3.019,-1.24,-81.58,0.3275,-0.7693,-86.16,31.68,-0.7029,-86.65,-3.586,2.257,-87.22,-29.08,-2.074,-85.46,15.96,1.927,-87.22,-18.39,4.025,-81.34,-0.538,-2.134,-159.7,59.08,-170.4,-245.6,203.6,91.8,-342.3,242.7,-112.3,-228.5,442.4,95.21,-276.4,32.72,-123.5,-86.92,382.3,15.63,-176.3,476.6,-110.8,-251.9,97.66,-3.412,-239.7,65.44,-121.1,-241.2,-49.78,89.86,85,-246.1,9.762,1214,-141.5,-391,-152.4,-26.87,97.66,-3.412,-49.33,69.79,-43.97,-9.825,56.19,0.4476,-0.02344,0.8757,0.1411,-0.6993,0.314,0.5417,-0.4723,0.4953,0.229,-0.6379,0.3641,-0.4578,-0.4934,-0.4464,-0.7613,-0.1856,-0.3536,-0.5675,-0.3579,-0.3923,0.7364,-0.1177,0.6622,0.6107,-0.05945,0.7872,0.5683,-0.4916,0.2782,0.4885,-0.589,0.4469,0.0094,-0.4751,0.04828,-0.6225,-0.4494,-0.4016,-0.4761,-0.6386,-0.5105,-0.07727,-0.2205,-0.2276
4.66,3.447,-0.496,2.511,12.33,2.714,5.998,-6,14.11,2.107,20.56,2.102,20.42,-0.1552,2.594,-47.83,-39.25,-0.6334,3.179,-3.372,5.89,47.93,35.19,30.48,15.44,2.653,-3.716,4.137,-3.491,32.49,35.41,-25.86,19.08,4.269,-5.869,-1.262,4.543,-72.88,-15.16,1.059,-24.15,-9.377,-9.169,-23.16,-15.3,-9.381,18.21,-4.6,-20.49,-112.2,3.152,-4.443,-113.4,17.22,-4.645,-167.2,3.228,-22.54,-78.94,-2.98,-1.309,-81.51,0.4304,-0.8319,-86.83,30.94,-0.7966,-87.14,-1.525,1.894,-86.65,-27.41,-2.791,-85.37,16.01,1.855,-87.19,-19.33,4.142,-81.31,-0.6089,-1.997,-174.8,58.59,-167.5,-237.8,183.6,106.9,-324.2,243.7,-135.7,-208,449.7,104.5,-278.3,20.02,-120.1,-86.42,379.4,9.766,-185.6,498.5,-104,-242.2,66.4,-9.766,-259.8,91.3,-146.5,-273,21.49,69.32,146,-203.1,1.93,953.5,-151.8,-446.8,-194.4,25.86,-14.17,-20.02,-163.1,-99.61,-9.705,-97.6,-18.07,0.4473,-0.02466,0.8756,0.1406,-0.7011,0.315,0.5395,-0.4733,0.4984,0.2274,-0.6411,0.3666,-0.4573,-0.492,-0.4473,-0.761,-0.1861,-0.3496,-0.566,-0.3581,-0.3874,0.7365,-0.119,0.6618,0.6113,-0.06031,0.7866,0.5662,-0.4939,0.2838,0.5009,-0.5803,0.4377,0.01465,-0.4628,0.0434,-0.6224,-0.4488,-0.4019,-0.4727,-0.6417,-0.5137,-0.07843,-0.2212,-0.2276
4.67,3.516,-0.5297,2.541,12.42,2.748,6.01,-6.15,14.47,1.841,20.68,1.822,20.53,-0.263,2.701,-47.59,-39.19,-0.8076,3.093,-3.58,5.822,47.99,34.47,29.62,15.36,2.996,-3.735,4.647,-3.503,29.82,36.42,-26.13,19.95,4.074,-5.87,-1.978,4.478,-72.7,-15.18,0.9926,-24.21,-9.49,-9.469,-23.17,-15.55,-9.697,18.03,-4.447,-21.09,-112,3.123,-4.625,-113.3,17.55,-4.844,-167.7,3.136,-22.93,-78.8,-2.916,-1.413,-81.41,0.5597,-0.9075,-87.3,30.22,-0.7597,-87.5,0.4111,1.501,-86.04,-25.75,-3.362,-85.3,16.06,1.788,-87.18,-20.29,4.249,-81.27,-0.6995,-1.927,-148.9,64.94,-143.6,-212.4,179.2,115.2,-313,259.8,-146,-190.4,466.8,102.5,-262.7,13.67,-129.4,-72.77,384.3,7.324,-194.8,509.3,-99.12,-239.2,35.65,-28.81,-240.2,112.8,-137.2,-218.7,68.35,117.7,186.5,-185.1,-24.43,625.4,-287.5,-548.3,-175.3,35.65,53.69,-53.23,-98.66,-134.3,18.53,-70.84,-29.26,0.4471,-0.02576,0.8755,0.1405,-0.7027,0.3159,0.5379,-0.4738,0.5014,0.2265,-0.644,0.3693,-0.4568,-0.4907,-0.4485,-0.7606,-0.1868,-0.3459,-0.5645,-0.3582,-0.3831,0.7367,-0.1205,0.6613,0.6121,-0.06147,0.7859,0.5645,-0.4958,0.2895,0.5119,-0.5727,0.4283,0.01856,-0.4504,0.0379,-0.6225,-0.4479,-0.4022,-0.4691,-0.6448,-0.5169,-0.07904,-0.222,-0.2279
4.68,3.597,-0.5886,2.548,12.54,2.803,6.008,-6.314,14.82,1.63,20.78,1.58,20.62,-0.3976,2.805,-47.31,-39.12,-0.9448,3.006,-3.762,5.762,48.07,33.81,28.7,15.26,3.352,-3.743,5.032,-3.65,27.25,37.49,-26.48,20.87,3.969,-5.965,-2.593,4.53,-72.54,-15.2,0.9261,-24.33,-9.565,-9.751,-23.23,-15.79,-9.995,17.79,-4.33,-21.63,-111.9,3.077,-4.788,-113.1,17.85,-5.024,-168.2,3.053,-23.28,-78.65,-2.829,-1.539,-81.28,0.7243,-0.983,-87.6,29.49,-0.6199,-87.73,2.252,1.164,-85.46,-24.25,-3.862,-85.34,16.13,1.671,-87.29,-21.28,4.396,-81.21,-0.7902,-1.918,-130.4,64.94,-129.9,-193.4,175.3,130.4,-314.5,285.6,-151.9,-175.3,483.9,113.3,-233.4,7.812,-129.9,-67.87,375.5,1.958,-192.9,521.5,-107.9,-242.2,42.97,-39.07,-210.5,114.8,-157.7,-168.5,66.89,72.75,148.5,-215.3,35.63,447.3,-434.1,-566.4,-190.9,-7.292,-9.775,-44.47,-21.49,-23.45,10.29,-8.79,4.921,0.4469,-0.0268,0.8754,0.141,-0.7042,0.3169,0.5367,-0.4738,0.5046,0.226,-0.6462,0.3722,-0.4564,-0.4895,-0.4497,-0.7601,-0.1878,-0.3425,-0.5633,-0.3583,-0.3793,0.737,-0.1222,0.6607,0.6131,-0.06275,0.7849,0.5628,-0.4976,0.2954,0.5215,-0.5655,0.419,0.02197,-0.4393,0.03259,-0.6228,-0.4467,-0.4028,-0.4648,-0.6485,-0.5197,-0.07917,-0.2227,-0.2283
4.69,3.626,-0.6626,2.541,12.7,2.83,6.006,-6.501,15.12,1.508,20.85,1.41,20.68,-0.5336,2.878,-47,-39.07,-1.073,2.925,-3.959,5.731,48.18,33.23,27.8,15.17,3.692,-3.718,5.318,-3.841,24.76,38.59,-27.02,21.83,4.016,-6.084,-3.001,4.598,-72.38,-15.21,0.8498,-24.49,-9.588,-9.979,-23.32,-15.99,-10.24,17.49,-4.246,-22.12,-111.7,3.028,-4.927,-113,18.09,-5.176,-168.7,2.965,-23.59,-78.51,-2.698,-1.653,-81.14,0.882,-1.03,-87.75,28.77,-0.3979,-87.85,4.022,0.8387,-85,-23.01,-4.38,-85.41,16.19,1.536,-87.43,-22.32,4.559,-81.15,-0.8828,-1.924,-142.6,49.81,-127.9,-186,167.5,134.3,-308.6,313,-132.8,-164.6,493.7,117.7,-214.8,10.74,-124.5,-50.29,374.5,-11.72,-193.4,525.4,-100.6,-250,78.62,-65.91,-147.5,125.5,-161.1,-127.5,42,76.65,166,-274.9,67.89,353.5,-623.6,-577.6,-206,-18.1,-66.4,-44.93,-43.98,13.22,-4.853,-10.21,-1.968,0.4467,-0.02789,0.8753,0.142,-0.7053,0.3177,0.536,-0.4734,0.5078,0.2259,-0.648,0.3754,-0.456,-0.4886,-0.4508,-0.7594,-0.1888,-0.3395,-0.562,-0.3584,-0.3759,0.7375,-0.1238,0.6598,0.6141,-0.06391,0.784,0.5607,-0.4995,0.301,0.53,-0.5591,0.4094,0.02588,-0.4301,0.0282,-0.6231,-0.4455,-0.4034,-0.4602,-0.6524,-0.5225,-0.07917,-0.2235,-0.2289
4.7,3.505,-0.735,2.563,12.94,2.821,5.985,-6.694,15.35,1.453,20.9,1.3,20.73,-0.6499,2.893,-46.69,-39.03,-1.194,2.853,-4.147,5.726,48.32,32.71,26.96,15.14,4.03,-3.716,5.513,-3.956,22.36,39.72,-27.78,22.81,4.332,-6.113,-3.209,4.615,-72.23,-15.23,0.7536,-24.66,-9.578,-10.16,-23.44,-16.16,-10.44,17.15,-4.191,-22.55,-111.5,2.983,-5.023,-112.9,18.27,-5.283,-169.1,2.893,-23.85,-78.36,-2.478,-1.761,-81,0.979,-1.07,-87.8,28.06,-0.1133,-87.88,5.705,0.5123,-84.67,-22.07,-5.083,-85.41,16.25,1.455,-87.48,-23.38,4.642,-81.08,-0.9735,-1.917,-159.7,44.92,-101.6,-179.2,177.7,130.9,-308.6,338.4,-121.6,-159.2,521.5,118.2,-198.3,21.98,-105.5,-51.28,375,-1.958,-193.9,541,-105.5,-241.7,129.4,-85.94,-96.18,135.3,-206.1,-157.2,28.83,62.97,269.1,-348.6,43.96,493.8,-748.6,-531.7,-195.3,0,-74.23,-65.97,-28.84,30.3,-87.35,-28.83,24.43,0.4464,-0.02911,0.8752,0.1433,-0.7062,0.3185,0.5355,-0.4728,0.5109,0.2262,-0.6494,0.3787,-0.4558,-0.4878,-0.4519,-0.7587,-0.1899,-0.3371,-0.5609,-0.3584,-0.373,0.7386,-0.1255,0.6583,0.6147,-0.06495,0.7834,0.5581,-0.5015,0.3066,0.5376,-0.5533,0.3997,0.03162,-0.4234,0.02478,-0.6231,-0.4447,-0.4036,-0.4556,-0.6558,-0.526,-0.07929,-0.2242,-0.2294
4.71,3.284,-0.7918,2.631,13.23,2.785,5.921,-6.909,15.51,1.473,20.91,1.244,20.74,-0.7886,2.862,-46.36,-39.01,-1.285,2.798,-4.342,5.734,48.51,32.26,26.18,15.14,4.35,-3.675,5.672,-3.987,20.11,40.84,-28.63,23.77,4.948,-6.098,-3.227,4.557,-72.07,-15.24,0.6483,-24.86,-9.507,-10.32,-23.58,-16.3,-10.61,16.77,-4.165,-22.94,-111.4,2.946,-5.083,-112.8,18.4,-5.35,-169.4,2.817,-24.04,-78.16,-2.206,-1.857,-80.87,1.027,-1.113,-87.8,27.36,0.1715,-87.87,7.25,0.1725,-84.49,-21.36,-6.027,-85.32,16.3,1.356,-87.42,-24.45,4.655,-81,-1.082,-1.934,-172.4,34.18,-119.6,-152.8,186.5,139.2,-305.7,354.5,-104,-135.3,548.8,120.1,-199.2,25.39,-92.77,-50.29,374.5,0,-203.1,542,-105.5,-197.2,176.8,-82.03,-79.59,138.2,-118.6,-230.5,41.52,75.67,385.2,-454.1,-21.51,752,-652.8,-582.1,-195.8,35.65,38.58,-82.01,39.08,-23.93,-25.44,-52.23,-12.17,0.4462,-0.0304,0.8751,0.145,-0.7068,0.319,0.5354,-0.4722,0.5137,0.2268,-0.6503,0.3822,-0.4558,-0.4871,-0.4528,-0.7579,-0.191,-0.3353,-0.5599,-0.3586,-0.3708,0.7399,-0.1274,0.6564,0.6149,-0.06598,0.7831,0.555,-0.5038,0.3117,0.5443,-0.5482,0.3904,0.0398,-0.4185,0.02246,-0.623,-0.4439,-0.404,-0.4512,-0.6585,-0.53,-0.07923,-0.225,-0.2302
4.72,3.074,-0.8299,2.726,13.46,2.721,5.871,-7.112,15.64,1.515,20.87,1.203,20.71,-0.9201,2.803,-46.01,-39.03,-1.377,2.733,-4.542,5.757,48.72,31.89,25.4,15.14,4.544,-3.655,5.867,-3.963,17.99,41.93,-29.39,24.69,5.777,-6.103,-3.239,4.49,-71.89,-15.22,0.5314,-25.07,-9.408,-10.44,-23.73,-16.4,-10.74,16.35,-4.14,-23.29,-111.2,2.898,-5.12,-112.7,18.47,-5.392,-169.7,2.767,-24.18,-77.95,-1.96,-1.933,-80.76,1.06,-1.155,-87.87,26.64,0.3221,-87.91,8.653,-0.07804,-84.4,-20.7,-7.085,-85.2,16.32,1.298,-87.33,-25.51,4.66,-80.91,-1.218,-1.981,-140.1,32.23,-110.8,-135.8,191.9,126,-274.9,371.6,-94.73,-127.4,554.7,141.6,-201.2,21.48,-85.94,-43.44,385.3,-8.303,-212.9,535.2,-99.12,-144.5,192.9,-101.6,-108.4,123,-44.43,-199.7,80.07,1.46,415.1,-536.1,-139.1,1059,-538.6,-744.6,-163.1,-46.86,-12.18,-36.63,109.4,-39.57,-18.53,16.55,35.61,0.4463,-0.03186,0.8749,0.147,-0.7073,0.3195,0.5354,-0.4716,0.516,0.2278,-0.651,0.3856,-0.456,-0.4866,-0.4538,-0.7571,-0.1922,-0.3339,-0.5591,-0.3588,-0.3689,0.741,-0.1293,0.6547,0.615,-0.0669,0.7829,0.5519,-0.5068,0.3161,0.5504,-0.5431,0.3823,0.04926,-0.4142,0.02075,-0.6232,-0.443,-0.4047,-0.4469,-0.661,-0.5341,-0.07892,-0.2261,-0.2311
4.73,3.002,-0.8319,2.818,13.55,2.672,5.836,-7.307,15.71,1.591,20.78,1.169,20.63,-1.079,2.741,-45.66,-39.06,-1.477,2.685,-4.747,5.759,48.96,31.54,24.6,15.07,4.673,-3.667,6.143,-3.91,16.06,42.99,-29.87,25.58,6.653,-6.071,-3.376,4.416,-71.7,-15.16,0.4387,-25.26,-9.281,-10.54,-23.87,-16.46,-10.85,15.91,-4.109,-23.58,-111.1,2.852,-5.128,-112.6,18.5,-5.401,-169.9,2.71,-24.25,-77.74,-1.824,-1.99,-80.64,1.119,-1.215,-88.02,25.91,0.3509,-88.04,9.852,-0.2145,-84.33,-19.97,-8.106,-85.04,16.31,1.263,-87.21,-26.58,4.649,-80.8,-1.387,-2.008,-79.58,39.06,-117.2,-118.7,205.6,125,-247.1,366.7,-84.48,-122.6,573.2,154.8,-194.3,21.48,-76.17,-43.94,387.7,-15.13,-209.5,533.2,-99.61,-116.2,182.6,-69.82,-126,86.42,-69.83,-203.1,146,0,340.8,-566.9,-184.1,1097,-467.3,-846.6,-116.2,-113.8,-24.89,28.78,-7.798,22.97,-32.64,7.756,13.15,0.4465,-0.03327,0.8745,0.149,-0.7077,0.3196,0.5357,-0.471,0.518,0.2291,-0.6515,0.3889,-0.4564,-0.4861,-0.4549,-0.7564,-0.1933,-0.3331,-0.5583,-0.3593,-0.3677,0.7415,-0.1311,0.6537,0.6153,-0.068,0.7825,0.5489,-0.5102,0.3201,0.5556,-0.5378,0.3762,0.05853,-0.4092,0.01904,-0.6233,-0.4423,-0.4054,-0.4427,-0.6633,-0.5383,-0.0788,-0.2274,-0.2321
4.74,3.044,-0.7898,2.874,13.56,2.619,5.838,-7.493,15.73,1.71,20.66,1.163,20.52,-1.255,2.68,-45.37,-39.12,-1.613,2.621,-4.946,5.764,49.29,31.27,23.85,14.96,4.809,-3.693,6.51,-3.839,14.48,44.08,-30.01,26.5,7.311,-6.01,-3.618,4.336,-71.5,-15.1,0.358,-25.39,-9.115,-10.63,-23.96,-16.48,-10.95,15.43,-4.046,-23.83,-111,2.798,-5.117,-112.4,18.46,-5.39,-170,2.672,-24.24,-77.56,-1.755,-2.024,-80.51,1.224,-1.298,-88.29,25.27,0.316,-88.28,10.79,-0.336,-84.27,-19.15,-8.919,-84.86,16.3,1.224,-87.06,-27.69,4.617,-80.68,-1.567,-2.028,-48.35,50.29,-139.2,-118.7,208.5,141.1,-230.5,336.9,-65.91,-123.5,580.6,188.5,-193.4,12.21,-51.76,-42.98,386.7,-6.84,-198.2,541.5,-96.67,-104,135.7,-40.05,-99.13,65.91,-77.64,-205.1,173.4,75.67,238.3,-531.2,-175.8,1082,-412.1,-929.6,-118.7,-8.777,-91.8,-16.61,-13.15,-29.33,-13.23,-47.83,25.41,0.4469,-0.03461,0.8741,0.1509,-0.708,0.3193,0.5363,-0.4702,0.5196,0.2311,-0.6518,0.3921,-0.4571,-0.4854,-0.4562,-0.7557,-0.1944,-0.333,-0.5575,-0.3601,-0.367,0.7417,-0.1325,0.6531,0.6159,-0.06928,0.7819,0.5452,-0.5138,0.323,0.5604,-0.5331,0.372,0.06611,-0.4034,0.01734,-0.623,-0.4419,-0.406,-0.4383,-0.6655,-0.5427,-0.07874,-0.2288,-0.2332
4.75,3.031,-0.7437,2.962,13.59,2.572,5.808,-7.652,15.7,1.874,20.52,1.193,20.38,-1.446,2.611,-45.14,-39.15,-1.769,2.562,-5.146,5.752,49.69,31.03,23.23,14.9,4.854,-3.702,7.049,-3.756,13.27,45.21,-29.85,27.4,7.557,-5.992,-3.97,4.256,-71.32,-15.03,0.2808,-25.49,-8.904,-10.7,-24.02,-16.42,-11.02,14.9,-3.944,-24.01,-110.8,2.735,-5.084,-112.3,18.37,-5.352,-170.1,2.632,-24.16,-77.35,-1.654,-2.064,-80.4,1.306,-1.39,-88.76,24.74,0.0909,-88.71,11.47,-0.5075,-84.26,-18.3,-9.397,-84.69,16.31,1.159,-86.91,-28.8,4.587,-80.55,-1.77,-2.093,-53.72,55.17,-139.7,-109.4,183.6,158.2,-219.7,298.3,-73.73,-105.5,575.7,219.7,-154.3,-5.378,-58.11,-43.44,374.5,-4.883,-197.7,538.1,-95.21,-106.9,58.6,-21,-51.76,65.91,-88.37,-156.2,251.5,78.62,235.8,-414.6,-120.1,870.6,-483.4,-1102,-189.9,44.9,-56.62,-39.01,-28.84,-50.77,-52.79,2.973,32.21,0.4473,-0.03589,0.8736,0.1528,-0.7083,0.3185,0.5374,-0.469,0.5209,0.2338,-0.6519,0.3951,-0.4582,-0.4847,-0.4579,-0.7552,-0.1954,-0.3336,-0.5567,-0.361,-0.3668,0.742,-0.1341,0.6523,0.6164,-0.07056,0.7814,0.5414,-0.5177,0.3245,0.5652,-0.5287,0.3696,0.07099,-0.3969,0.01611,-0.6227,-0.4412,-0.4065,-0.4339,-0.6677,-0.5471,-0.07831,-0.2304,-0.2345
4.76,2.938,-0.7255,3.048,13.67,2.543,5.773,-7.781,15.66,2.061,20.34,1.257,20.2,-1.634,2.543,-44.96,-39.14,-1.957,2.493,-5.338,5.705,50.19,30.81,22.71,14.88,4.776,-3.707,7.653,-3.668,12.37,46.37,-29.55,28.3,7.474,-5.937,-4.344,4.189,-71.14,-14.96,0.1983,-25.55,-8.653,-10.76,-24.04,-16.29,-11.09,14.3,-3.8,-24.11,-110.7,2.646,-5.03,-112.1,18.25,-5.292,-170.2,2.608,-23.99,-77.16,-1.512,-2.131,-80.3,1.348,-1.48,-89.31,24.24,-0.2791,-89.2,11.87,-0.6455,-84.31,-17.57,-9.517,-84.51,16.33,1.096,-86.75,-29.95,4.553,-80.41,-2.014,-2.128,-71.28,46.39,-141.6,-92.76,163.6,172.9,-202.6,298.3,-88.37,-72.74,571.3,201.7,-138.2,-21,-45.41,-32.73,372.6,6.345,-173.3,541.5,-101.1,-84.47,-4.393,-19.53,-67.37,69.82,-67.87,-125,245.6,70.31,211.5,-284.7,-69.32,586,-555.6,-1192,-195.8,92.77,-4.864,69.38,-187.5,-0.4835,-73.23,-108.8,9.752,0.4478,-0.03717,0.8732,0.1547,-0.7087,0.3172,0.5393,-0.4671,0.5223,0.2373,-0.6518,0.3979,-0.4597,-0.4837,-0.4601,-0.7548,-0.1963,-0.3347,-0.5561,-0.3623,-0.3673,0.7425,-0.1358,0.6513,0.6165,-0.07178,0.7812,0.5383,-0.5219,0.3251,0.5693,-0.5251,0.369,0.07288,-0.3912,0.01575,-0.6227,-0.4403,-0.4073,-0.4293,-0.6699,-0.5515,-0.07813,-0.2324,-0.2357
4.77,2.852,-0.7323,3.102,13.75,2.514,5.763,-7.888,15.6,2.274,20.15,1.365,20.02,-1.819,2.496,-44.83,-39.1,-2.127,2.424,-5.471,5.638,50.76,30.67,22.24,14.85,4.621,-3.671,8.238,-3.493,11.74,47.54,-29.36,29.18,7.204,-5.833,-4.589,4.071,-70.99,-14.9,0.1108,-25.59,-8.37,-10.8,-24.05,-16.11,-11.13,13.66,-3.664,-24.11,-110.5,2.53,-4.986,-111.9,18.07,-5.241,-170.2,2.575,-23.77,-77.01,-1.377,-2.202,-80.21,1.392,-1.547,-89.84,23.79,-0.6912,-89.69,12.04,-0.7915,-84.47,-17.19,-9.44,-84.26,16.33,1.04,-86.46,-31.12,4.393,-80.26,-2.28,-2.223,-54.68,31.73,-128.9,-63.95,151.9,171.9,-192.9,334.5,-95.21,-31.24,588.9,195.3,-163.6,-44.44,-43.45,-21.98,348.6,-5.367,-127.9,534.7,-92.28,-76.18,-32.71,-13.67,-95.22,64.94,-57.12,-77.15,270,60.05,207,-188.5,1.93,415.9,-612.9,-1247,-211.4,119.6,-108.9,-40.49,-3.446,-83.49,1.029,-101.1,-89.38,0.4481,-0.03839,0.8728,0.1567,-0.7089,0.3156,0.5418,-0.4645,0.5237,0.2416,-0.651,0.4006,-0.4615,-0.4823,-0.4629,-0.7547,-0.1972,-0.3365,-0.5554,-0.3635,-0.3685,0.7431,-0.1372,0.6503,0.6167,-0.07276,0.7809,0.5361,-0.5257,0.3253,0.5726,-0.5225,0.3695,0.07312,-0.388,0.01672,-0.623,-0.4391,-0.4084,-0.4247,-0.6713,-0.5567,-0.07746,-0.2344,-0.2373
4.78,2.817,-0.7437,3.107,13.77,2.47,5.79,-7.962,15.5,2.481,19.92,1.504,19.79,-1.974,2.457,-44.74,-39.02,-2.284,2.368,-5.571,5.546,51.38,30.58,21.79,14.76,4.458,-3.609,8.696,-3.385,11.39,48.69,-29.36,30.06,6.965,-5.804,-4.645,4.03,-70.86,-14.81,0.02028,-25.61,-8.06,-10.8,-24.06,-15.88,-11.12,12.98,-3.536,-23.99,-110.3,2.39,-4.931,-111.7,17.84,-5.176,-170.1,2.526,-23.45,-76.93,-1.27,-2.258,-80.13,1.462,-1.596,-90.25,23.37,-1.032,-90.04,11.98,-0.9014,-84.72,-17.24,-9.336,-84.08,16.31,0.9599,-86.25,-32.3,4.262,-80.09,-2.558,-2.371,-29.3,15.62,-136.7,-52.26,137.7,180.2,-200.2,386.7,-64.94,-18.55,600.6,191.9,-163.1,-61.03,-20.99,-0.99,309.1,-27.34,-106.9,515.1,-80.08,-81.55,-13.67,-22.45,-129.9,93.75,-33.7,-41.01,262.2,52.72,179.7,-182.1,40.04,325.7,-590.8,-1241,-157.7,45.91,-47.84,-101.6,192.4,-107.4,6.764,55.72,41.51,0.4487,-0.03955,0.8724,0.1587,-0.7089,0.3139,0.5448,-0.4616,0.5249,0.2465,-0.6497,0.403,-0.4637,-0.4806,-0.4663,-0.7546,-0.198,-0.3389,-0.5547,-0.365,-0.3705,0.7436,-0.1381,0.6496,0.6171,-0.07355,0.7805,0.5344,-0.5291,0.3257,0.5744,-0.5215,0.3709,0.073,-0.3882,0.0188,-0.6239,-0.4375,-0.41,-0.4196,-0.6731,-0.5616,-0.07636,-0.2366,-0.239
4.79,2.827,-0.7859,3.041,13.77,2.44,5.854,-7.996,15.35,2.686,19.62,1.651,19.5,-2.121,2.426,-44.71,-38.89,-2.38,2.377,-5.636,5.474,52.05,30.51,21.32,14.64,4.337,-3.484,8.978,-3.358,11.26,49.85,-29.58,30.94,6.915,-5.741,-4.477,4.029,-70.76,-14.71,-0.05552,-25.6,-7.74,-10.77,-24.05,-15.59,-11.09,12.31,-3.451,-23.79,-110.1,2.223,-4.84,-111.4,17.52,-5.073,-169.9,2.413,-23.06,-76.91,-1.186,-2.31,-80.04,1.557,-1.61,-90.43,22.98,-1.214,-90.2,11.72,-0.9555,-85.01,-17.72,-9.334,-83.96,16.27,0.831,-86.08,-33.5,4.128,-79.93,-2.861,-2.489,-16.13,14.65,-154.3,-31.75,126.5,165.5,-210,430.2,-32.72,-1.965,628.9,191.4,-137.2,-77.15,-10.25,-11.24,261.2,-41.99,-94.74,477.5,-56.16,-87.88,33.69,-14.16,-145,126.5,-79.58,-23.95,263.7,46.37,158.2,-301.8,82.51,370.2,-499.5,-1126,-100.6,4.389,55.68,58.12,-68.37,94.21,-137.2,-28.31,96.18,0.4494,-0.04053,0.8719,0.1605,-0.7088,0.3118,0.548,-0.4587,0.5257,0.2515,-0.6478,0.4054,-0.4661,-0.479,-0.4701,-0.7544,-0.1989,-0.3422,-0.5536,-0.3663,-0.3735,0.744,-0.1386,0.649,0.6177,-0.07416,0.7799,0.5335,-0.5316,0.3267,0.5745,-0.522,0.3726,0.07355,-0.3919,0.02161,-0.6249,-0.4355,-0.4121,-0.4143,-0.675,-0.5664,-0.0755,-0.239,-0.2406
4.8,2.85,-0.8105,2.924,13.78,2.394,5.918,-7.995,15.15,2.901,19.29,1.851,19.17,-2.235,2.381,-44.75,-38.7,-2.447,2.48,-5.706,5.362,52.72,30.42,20.82,14.48,4.226,-3.344,9.146,-3.198,11.33,51.01,-29.92,31.74,7.061,-5.556,-4.209,3.892,-70.7,-14.62,-0.119,-25.56,-7.403,-10.69,-24.03,-15.26,-10.99,11.68,-3.378,-23.52,-109.8,2.045,-4.705,-111.1,17.14,-4.921,-169.7,2.213,-22.56,-76.93,-1.08,-2.338,-79.94,1.688,-1.617,-90.47,22.59,-1.329,-90.24,11.27,-0.9646,-85.29,-18.53,-9.475,-83.69,16.23,0.7335,-85.71,-34.72,3.887,-79.77,-3.242,-2.571,-30.76,10.25,-139.2,-33.2,99.12,146.5,-201.7,427.7,-9.771,-0.9658,645.5,215.3,-102.5,-65.44,-33.69,-36.63,225.1,-87.41,-65.93,414.1,-20.99,-107.4,95.21,-47.36,-98.15,162.1,-131.3,-63.48,241.2,104.5,107.5,-472.1,52.72,421.9,-445.3,-1016,-92.77,13.17,-94.73,62.45,-79.07,-13.22,-35.14,-213.8,-25.41,0.45,-0.04126,0.8716,0.1622,-0.7084,0.3096,0.5513,-0.4563,0.5256,0.2565,-0.6456,0.4072,-0.4686,-0.4776,-0.4738,-0.7541,-0.2001,-0.346,-0.5519,-0.368,-0.3775,0.7446,-0.1387,0.6483,0.6185,-0.07483,0.7791,0.534,-0.5333,0.3285,0.5731,-0.5239,0.375,0.07502,-0.3982,0.02448,-0.6255,-0.4337,-0.414,-0.4093,-0.676,-0.5719,-0.07489,-0.242,-0.2421
4.81,2.79,-0.8469,2.805,13.85,2.333,5.955,-7.946,14.91,3.117,18.93,2.087,18.81,-2.316,2.322,-44.84,-38.49,-2.491,2.745,-5.768,5.125,53.37,30.22,20.35,14.36,4.113,-3.129,9.271,-3.061,11.59,52.16,-30.28,32.5,7.305,-5.522,-3.916,3.767,-70.67,-14.52,-0.1895,-25.5,-7.049,-10.57,-23.99,-14.86,-10.85,11.09,-3.288,-23.18,-109.6,1.848,-4.545,-110.8,16.71,-4.743,-169.5,1.829,-21.88,-76.94,-0.9241,-2.362,-79.84,1.788,-1.606,-90.46,22.21,-1.408,-90.21,10.62,-0.9688,-85.53,-19.54,-9.71,-83.44,16.2,0.5701,-85.32,-35.9,3.632,-79.59,-3.636,-2.808,-51.27,27.83,-105.5,-49.8,66.4,115.2,-181.6,345.2,-3.414,-16.59,623.5,242.7,-80.57,-54.68,-34.67,-31.74,188,-85.93,-18.05,322.3,-5.369,-138.2,148.9,-67.87,-27.83,211.4,-170.4,-75.19,174.8,155.3,61,-587.9,14.17,392.5,-381.8,-939,-53.69,-1.958,-47.36,-82.01,117.7,-132.3,32.2,14.61,-3.4,0.4507,-0.04193,0.8712,0.1639,-0.7079,0.3071,0.5548,-0.4541,0.5246,0.2616,-0.6432,0.4086,-0.4711,-0.4763,-0.4776,-0.7536,-0.2015,-0.3501,-0.5485,-0.3706,-0.3828,0.7455,-0.1389,0.6473,0.6192,-0.07538,0.7785,0.5351,-0.5345,0.3307,0.5709,-0.527,0.378,0.07703,-0.4062,0.02722,-0.6255,-0.432,-0.416,-0.4046,-0.6768,-0.5773,-0.073,-0.2451,-0.2441
4.82,2.633,-0.8596,2.692,13.95,2.284,5.985,-7.86,14.65,3.356,18.52,2.349,18.4,-2.399,2.273,-44.97,-38.25,-2.553,3.271,-5.819,4.638,54,29.81,19.96,14.25,4.061,-2.886,9.457,-3.016,12.05,53.29,-30.71,33.25,7.651,-5.549,-3.781,3.714,-70.65,-14.41,-0.2374,-25.42,-6.676,-10.4,-23.95,-14.4,-10.67,10.52,-3.146,-22.76,-109.3,1.633,-4.355,-110.4,16.24,-4.535,-169.4,1.139,-20.91,-76.96,-0.7148,-2.383,-79.74,1.844,-1.613,-90.52,21.86,-1.473,-90.26,9.81,-0.9826,-85.68,-20.78,-10.13,-83.29,16.13,0.337,-85.03,-37.1,3.464,-79.4,-4.071,-3.038,-74.21,41.01,-74.21,-56.65,55.66,118.6,-148.9,249,-23.44,-26.84,594.2,268.6,-71.28,-58.59,-35.64,0.495,156.7,-70.8,36.14,275.4,-31.74,-136.2,194.3,-97.66,-35.64,219.7,-126,-62.01,141.6,159.7,28.85,-631.4,-14.17,1399,1428,-860.3,-90.34,-11.75,-7.32,-46.86,127.9,-0.9671,0.4411,-106,4.384,0.4515,-0.04242,0.8708,0.1655,-0.7071,0.3045,0.5587,-0.4518,0.5228,0.2672,-0.6408,0.4093,-0.4735,-0.4752,-0.4813,-0.753,-0.2033,-0.3545,-0.5422,-0.3747,-0.3897,0.7467,-0.139,0.6459,0.6195,-0.07599,0.7782,0.5365,-0.5352,0.3331,0.5685,-0.5303,0.3822,0.08008,-0.416,0.0293,-0.6254,-0.4301,-0.4185,-0.3995,-0.6782,-0.5821,-0.07117,-0.2485,-0.2461
4.83,2.489,-0.8463,2.578,14.04,2.211,6.028,-7.728,14.44,3.602,18.03,2.625,17.91,-2.47,2.2,-45.02,-37.93,-2.616,4.138,-5.846,3.804,54.59,29.08,19.54,14.07,4.003,-2.682,9.913,-2.894,12.66,54.41,-31.21,33.99,7.043,-5.583,-4.815,3.574,-70.6,-14.28,-0.3014,-25.37,-6.286,-10.21,-23.97,-13.89,-10.45,9.951,-2.949,-22.27,-108.9,1.375,-4.122,-110,15.78,-4.283,-169.5,0.07977,-19.61,-76.97,-0.4948,-2.397,-79.63,1.921,-1.64,-90.87,21.51,-1.67,-90.57,8.855,-1.008,-84.8,-22.18,-10.09,-83.05,16.01,0.1469,-84.62,-38.35,3.218,-79.24,-4.554,-3.333,-93.74,39.06,-48.83,-56.17,34.66,122.6,-131.3,164.6,-56.64,-26.38,546.4,253.4,-96.18,-81.06,-38.57,18.05,116.2,-54.69,77.62,271.5,-79.11,-109.4,223.6,-117.2,-9.268,191.4,2.922,-3.887,69.81,165.1,71.31,-723.2,53.72,2663,1614,881.8,-118.7,-38.08,-95.72,125.5,58.58,3.868,-56.17,24.95,161.6,0.4525,-0.04315,0.8703,0.1675,-0.706,0.302,0.5635,-0.4487,0.521,0.2733,-0.6382,0.4095,-0.476,-0.4744,-0.4854,-0.7522,-0.2052,-0.3587,-0.5324,-0.3806,-0.3988,0.7479,-0.1392,0.6445,0.6199,-0.07685,0.7777,0.5387,-0.5357,0.3358,0.5669,-0.5331,0.3881,0.07532,-0.4276,0.02381,-0.6257,-0.4281,-0.4214,-0.3944,-0.6791,-0.5874,-0.06873,-0.2523,-0.2481
4.84,2.394,-0.7758,2.594,14.06,2.086,5.991,-7.56,14.28,3.86,17.44,2.924,17.33,-2.524,2.113,-44.97,-37.55,-2.685,5.342,-5.827,2.685,55.12,28.1,19.1,13.86,3.929,-2.484,10.1,-2.664,13.41,55.57,-29.35,34.61,5.389,-5.465,-6.637,3.342,-70.53,-14.12,-0.3843,-25.42,-5.883,-9.97,-24.08,-13.33,-10.19,9.338,-2.703,-21.67,-108.5,1.068,-3.856,-109.5,15.32,-3.997,-169.7,-1.347,-18.03,-76.86,-0.3126,-2.376,-79.54,2.005,-1.694,-90.96,21.12,-1.795,-90.62,7.718,-1.023,-82.95,-21.35,-9.094,-82.73,15.88,-0.03399,-84.06,-39.64,2.833,-79.09,-5.183,-3.575,-50.77,53.22,-41.51,-47.87,13.67,120.6,-123.5,143.5,-97.65,0.4996,479.5,240.7,-89.84,-108.4,-56.15,34.18,106.9,-48.83,61.03,297.9,-104.5,-77.65,174.8,-40.54,-15.14,143.5,96.68,101.1,-45.89,175.8,-84.46,-360.4,-207,6827,-795,76.24,-181.6,-94.73,-24.89,315.4,53.23,-67.37,-114.7,160.7,438,0.4536,-0.04413,0.8697,0.17,-0.7046,0.2999,0.5694,-0.4442,0.5195,0.2802,-0.6352,0.4093,-0.4783,-0.4738,-0.4898,-0.7511,-0.2074,-0.3628,-0.5192,-0.3875,-0.41,0.7488,-0.1398,0.6432,0.6204,-0.07776,0.7772,0.5415,-0.536,0.3387,0.5633,-0.5378,0.3938,0.06067,-0.4215,0.00885,-0.6262,-0.4258,-0.4247,-0.3892,-0.6793,-0.5934,-0.06659,-0.2573,-0.2497
4.85,2.478,-0.6767,2.744,13.9,1.929,5.844,-7.34,14.13,4.139,16.78,3.242,16.67,-2.579,2.053,-44.8,-37.16,-2.713,6.802,-5.755,1.469,55.61,27.04,18.61,13.68,3.933,-2.231,9.627,-2.427,14.59,56.82,-23.18,35.02,3.472,-5.101,-6.298,3.096,-70.45,-13.95,-0.4605,-25.57,-5.476,-9.694,-24.31,-12.71,-9.894,8.67,-2.451,-20.97,-108,0.6938,-3.571,-108.9,14.8,-3.693,-169.9,-3.053,-16.31,-76.63,-0.2878,-2.302,-79.46,2.108,-1.73,-90.35,20.75,-1.569,-90,6.167,-1.112,-82.96,-16.78,-6.541,-82.41,15.79,-0.2517,-83.44,-41.01,2.36,-78.96,-6.099,-3.639,24.91,62.5,-83.98,-24.42,-10.74,132.3,-121.1,206,-110.4,43.93,438.5,201.7,-26.85,-128.9,-93.26,47.37,127,-13.67,12.22,358.4,-69.34,34.19,102.1,89.35,-76.17,48.34,203.1,90.82,-60.04,108.4,267.6,462.9,-829.1,-749,-2630,-1297,-237.8,-240.7,-20.49,790.5,-4.897,-19.02,-276.9,53.26,683.6,0.4548,-0.04511,0.869,0.1733,-0.7028,0.2985,0.5764,-0.4382,0.5186,0.2879,-0.6315,0.409,-0.4801,-0.4737,-0.4943,-0.7497,-0.21,-0.3672,-0.5036,-0.3945,-0.4226,0.7487,-0.1409,0.6429,0.621,-0.0785,0.7766,0.5446,-0.5356,0.3426,0.5554,-0.5478,0.3982,0.04346,-0.3833,0.006531,-0.627,-0.4229,-0.4281,-0.3836,-0.6793,-0.5999,-0.0658,-0.2649,-0.251
4.86,2.879,-0.5854,3.007,13.48,1.741,5.611,-7.1,13.95,4.455,16.05,3.602,15.94,-2.627,2.002,-44.54,-36.83,-2.663,8.347,-5.618,0.3226,56.08,26.07,18.03,13.5,3.82,-1.977,9.063,-2.071,16.33,58.27,-16.82,35.05,4.166,-4.445,-4.938,2.722,-70.39,-13.76,-0.542,-25.83,-5.046,-9.374,-24.65,-12.05,-9.549,7.945,-2.244,-20.16,-107.6,0.2591,-3.268,-108.4,14.19,-3.371,-170.2,-4.842,-14.57,-76.32,-0.4983,-2.181,-79.42,2.292,-1.72,-89.66,20.36,-1.379,-89.29,4.035,-1.192,-83.87,-12.63,-6.498,-81.99,15.78,-0.3945,-82.65,-42.47,1.714,-78.92,-7.48,-3.526,47.84,41.01,-135.7,-11.72,-4.888,127.4,-131.3,319.3,-82.52,74.2,438,187,10.74,-91.3,-75.19,81.53,193.9,25.39,-52.73,378.4,-34.66,128.9,13.18,160.6,-137.7,-27.84,196.3,178.7,87.41,-265.6,386.7,1009,-235.8,-1658,1049,1860,-231.9,-503.4,79.57,1541,-170.4,-82.04,-453.6,42.01,849.2,0.4561,-0.04608,0.8683,0.1773,-0.7005,0.2975,0.5843,-0.4312,0.518,0.2962,-0.6269,0.4088,-0.4812,-0.4742,-0.4986,-0.7478,-0.2131,-0.3719,-0.4872,-0.4012,-0.4353,0.7472,-0.1422,0.644,0.6222,-0.07874,0.7756,0.5487,-0.5349,0.3468,0.5447,-0.5603,0.4051,0.05017,-0.3494,0.01074,-0.6289,-0.4192,-0.4312,-0.3772,-0.6789,-0.6072,-0.06604,-0.2765,-0.2514
4.87,3.43,-0.5586,3.275,12.92,1.51,5.408,-6.841,13.64,4.789,15.32,4.006,15.21,-2.634,1.926,-44.23,-36.66,-2.533,9.823,-5.459,-0.648,56.53,25.31,17.54,13.43,3.725,-1.652,9.09,-1.775,18.13,59.89,-12.05,34.56,4.457,-3.577,-4.735,2.326,-70.33,-13.57,-0.6377,-26.15,-4.6,-8.996,-25.06,-11.36,-9.148,7.206,-2.098,-19.26,-107.4,-0.1742,-2.968,-108.1,13.45,-3.052,-170.6,-6.561,-12.88,-76.05,-0.8427,-2.019,-79.43,2.498,-1.608,-89.62,20.09,-1.312,-89.24,1.959,-1.046,-84.21,-9.964,-6.356,-81.66,15.91,-0.5246,-81.91,-43.97,1.005,-78.97,-9.439,-3.23,34.19,14.16,-47.37,-5.847,11.24,117.2,-142.6,429.7,-39.06,86.43,455.6,174.8,23.93,-28.32,-33.69,92.27,213.4,41.99,-83.98,426.3,-66.41,102.1,-62.5,168.5,-118.2,-58.1,137.2,136.7,86.92,-655.8,161.6,1237,-577.2,-838.9,715.4,1394,-89.35,-687.5,-59.55,1974,-440,-111.9,-583.5,-145,735.8,0.4575,-0.04712,0.8676,0.1817,-0.6977,0.2968,0.5924,-0.4242,0.5171,0.3045,-0.6215,0.4088,-0.4818,-0.4752,-0.5022,-0.7456,-0.2169,-0.3772,-0.4711,-0.4075,-0.4473,0.745,-0.1428,0.646,0.6237,-0.07807,0.7744,0.5535,-0.5327,0.3513,0.5364,-0.5684,0.4156,0.05249,-0.3275,0.01172,-0.6316,-0.4147,-0.4336,-0.37,-0.6786,-0.6145,-0.06726,-0.293,-0.2507
4.88,3.81,-0.5909,3.504,12.54,1.238,5.292,-6.579,13.17,5.216,14.66,4.524,14.56,-2.606,1.812,-43.9,-36.62,-2.358,11.13,-5.304,-1.347,56.92,24.83,17.18,13.63,3.362,-1.238,9.456,-1.614,19.14,61.84,-8.161,33.66,3.93,-2.592,-4.769,1.974,-70.3,-13.44,-0.7373,-26.51,-4.138,-8.566,-25.51,-10.64,-8.694,6.492,-1.987,-18.32,-107.3,-0.5832,-2.651,-107.9,12.58,-2.716,-170.9,-8.079,-11.3,-75.88,-1.076,-1.832,-79.49,2.652,-1.408,-89.99,19.85,-1.554,-89.57,0.7138,-0.9412,-84.62,-7.341,-5.498,-81.52,16.26,-0.6985,-81.3,-45.57,0.2802,-79.12,-11.92,-2.808,87.89,20.02,110.8,30.26,61.53,117.7,-129.4,503.9,-14.64,99.62,451.2,166.5,70.3,20.51,-16.6,131.4,150.4,82.03,-40.51,492.2,-103.5,63.47,-64.46,246.1,-29.79,-62.01,181.2,71.3,139.7,429.7,1052,1115,-288.5,-1516,404.3,383.4,92.77,-771.5,-268.6,1396,-182.2,-177.7,-386.3,-126.9,600.6,0.4584,-0.04804,0.8671,0.1864,-0.6946,0.2962,0.6003,-0.418,0.5152,0.3126,-0.6156,0.4087,-0.4823,-0.4765,-0.5053,-0.7431,-0.2212,-0.3835,-0.4566,-0.4131,-0.4583,0.7436,-0.1427,0.6474,0.6249,-0.07642,0.7735,0.5575,-0.5317,0.3539,0.533,-0.5715,0.4233,0.04871,-0.305,0.01447,-0.6339,-0.4102,-0.4342,-0.3613,-0.679,-0.6216,-0.06897,-0.3138,-0.2492
4.89,3.934,-0.6344,3.861,12.36,0.9382,5.18,-6.289,12.57,5.673,14.04,5.077,13.95,-2.545,1.677,-43.6,-36.65,-2.171,12.18,-5.158,-1.744,57.3,24.58,16.93,14.14,2.624,-0.7032,8.324,-1.541,19.49,64.17,-6.027,32.44,4.239,-1.634,-3.207,1.687,-70.24,-13.33,-0.828,-26.81,-3.693,-8.11,-25.91,-9.918,-8.217,5.853,-1.877,-17.37,-107.3,-0.966,-2.317,-107.8,11.6,-2.365,-171.1,-9.321,-9.905,-75.7,-1.13,-1.625,-79.65,2.729,-1.179,-88.86,19.64,-1.604,-88.52,0.1561,-0.3865,-85.25,-5.838,-4.957,-81.56,16.84,-0.9948,-80.85,-47.32,-0.307,-79.27,-14.87,-2.298,207.5,32.23,217.3,121.6,102,113.3,-53.22,544.9,3.908,174.3,443.9,176.8,127.4,44.92,-18.06,211.4,137.7,77.64,70.78,526.9,-118.2,120.6,-93.74,316.4,105.5,-143.1,308.6,415,310.6,257.3,125.5,879.9,45.39,1146,1919,60.56,324.2,-795.4,-113.3,1184,-58.58,-302.8,-437,-132.8,769.1,0.4591,-0.04895,0.8668,0.1907,-0.6913,0.2955,0.6074,-0.4132,0.5119,0.3203,-0.6098,0.4081,-0.483,-0.4777,-0.5083,-0.7403,-0.226,-0.3905,-0.4446,-0.4177,-0.468,0.7432,-0.1427,0.6475,0.6257,-0.07398,0.7731,0.5602,-0.5335,0.3537,0.5235,-0.5764,0.4245,0.04706,-0.2919,0.01959,-0.6357,-0.4052,-0.4334,-0.3515,-0.6805,-0.6279,-0.07105,-0.3383,-0.2477
4.9,3.862,-0.6765,4.362,12.3,0.5833,5.091,-5.981,11.87,6.164,13.48,5.67,13.41,-2.433,1.5,-43.33,-36.74,-1.984,12.97,-5.019,-1.932,57.63,24.52,16.88,14.9,1.943,-0.07881,8.095,-1.481,20.31,66.69,-3.155,30.75,1.443,-0.5829,-2.512,1.384,-70.13,-13.25,-0.9595,-27.02,-3.232,-7.641,-26.21,-9.16,-7.728,5.337,-1.731,-16.4,-107.2,-1.318,-2.003,-107.7,10.55,-2.037,-171.2,-10.3,-8.638,-75.48,-1.086,-1.412,-79.92,2.712,-0.9466,-88.81,19.52,-1.941,-88.24,-0.7823,-1.214,-85.66,-3.88,-2.832,-81.73,17.58,-1.383,-80.46,-49.1,-0.8484,-79.46,-18.33,-1.627,307.6,49.81,241.2,242.2,133.8,90.82,88.88,557.1,0,292,439.4,184.1,241.2,32.72,-34.18,300.3,94.23,63.96,172.9,504.4,-110.8,248.1,-170.9,216.3,251.5,-260.8,367.2,400.9,767.1,-688,261.2,1039,-489.7,-1411,-314.5,914.6,385.7,-723.6,-165.5,1525,-260.8,-245.6,-903.8,-265.7,846.6,0.4596,-0.05036,0.8665,0.1945,-0.6881,0.2943,0.6139,-0.4099,0.5069,0.3275,-0.6043,0.4067,-0.484,-0.4784,-0.5114,-0.7372,-0.2313,-0.3978,-0.435,-0.4218,-0.4768,0.7433,-0.143,0.647,0.6259,-0.07086,0.7733,0.5628,-0.5345,0.3532,0.5218,-0.5844,0.4237,0.03168,-0.2737,0.02557,-0.6364,-0.4004,-0.4314,-0.3414,-0.6822,-0.6338,-0.07398,-0.3668,-0.2459
4.91,3.781,-0.7281,4.803,12.25,0.2536,5.16,-5.709,11.08,6.791,13.04,6.401,12.97,-2.286,1.332,-43.19,-36.81,-1.854,13.5,-4.901,-1.978,57.93,24.61,17.2,15.87,1.044,0.5426,7.737,-1.297,21.73,69.24,-0.7645,28.37,-0.8375,0.627,-1.786,0.9917,-70,-13.26,-1.094,-27.08,-2.732,-7.122,-26.37,-8.397,-7.191,4.986,-1.537,-15.41,-107.2,-1.65,-1.717,-107.5,9.427,-1.74,-171.2,-11.04,-7.45,-75.42,-1.125,-1.216,-80.28,2.605,-0.7108,-88.72,19.66,-2.489,-87.88,-2.056,-1.922,-86.07,-2.759,-1.173,-81.85,18.44,-1.724,-79.92,-50.78,-1.549,-79.64,-22.39,-0.8411,392.6,21,286.6,382.8,150.9,61.03,259.3,553.2,-44.92,418.4,416,181.6,365.7,31.74,-29.29,439,50.78,-13.19,277.3,458,-46.88,436,-261.2,122.1,403.3,-354.5,480,841.8,792,-318.8,2201,649.4,-191.4,-557.6,-1875,1885,556.2,-745.1,-193.9,1627,-460.5,-371.1,-892.6,-514.6,929.2,0.4594,-0.05176,0.8664,0.1976,-0.6847,0.2921,0.6195,-0.4082,0.5004,0.3341,-0.5993,0.4041,-0.4853,-0.4787,-0.5147,-0.7338,-0.2368,-0.4056,-0.4275,-0.4256,-0.485,0.7431,-0.1423,0.6471,0.6255,-0.0672,0.7741,0.566,-0.5358,0.3499,0.5178,-0.5936,0.4248,0.01953,-0.2628,0.03162,-0.6369,-0.3958,-0.4281,-0.3316,-0.6832,-0.6398,-0.07734,-0.3998,-0.2443
4.92,3.833,-0.7344,5.123,12.14,-0.03667,5.336,-5.496,10.24,7.579,12.69,7.283,12.64,-2.12,1.175,-43.31,-36.76,-1.805,13.82,-4.804,-2.032,58.2,24.75,17.85,17.03,0.196,1.082,5.599,-1.062,23.45,71.83,0.7869,25.31,-1.016,1.865,0.218,0.503,-69.93,-13.35,-1.206,-26.95,-2.185,-6.542,-26.32,-7.645,-6.596,4.842,-1.293,-14.41,-107.1,-1.963,-1.428,-107.3,8.273,-1.442,-171.1,-11.58,-6.208,-75.51,-1.314,-1.02,-80.68,2.483,-0.5108,-86.82,20.2,-2.417,-86,-3.234,-1.577,-86.24,-2.455,-0.55,-81.97,19.48,-2,-79.29,-52.31,-2.378,-79.87,-26.99,-0.02222,462.9,-32.72,320.8,521,158.7,23.44,437.5,539.6,-78.62,548.8,392.6,185.1,493.7,41.99,0.9762,591.3,1.956,-80.08,384.3,441.9,66.41,630.8,-391.1,136.7,470.2,-401.8,334.5,767.1,583,-202.2,1906,-33.69,1363,-85.86,-1021,129.9,899.4,-641.1,-127.9,1361,-405.2,-365.7,-609.4,-640.2,474.6,0.4585,-0.05268,0.8668,0.1999,-0.6813,0.2885,0.6241,-0.4079,0.4928,0.3399,-0.5949,0.4002,-0.4867,-0.4789,-0.518,-0.7304,-0.2417,-0.414,-0.4213,-0.43,-0.4928,0.7423,-0.1405,0.6483,0.625,-0.06354,0.7749,0.5683,-0.5369,0.3438,0.502,-0.605,0.4247,0.01489,-0.2597,0.03412,-0.6369,-0.3916,-0.4229,-0.3223,-0.6836,-0.6457,-0.0802,-0.4364,-0.2425
4.93,4.045,-0.7329,5.281,11.94,-0.2705,5.569,-5.351,9.345,8.446,12.36,8.227,12.32,-1.939,1.024,-43.73,-36.59,-1.826,13.94,-4.736,-2.19,58.45,24.89,18.62,18.26,-0.2883,1.516,4.515,-0.8066,25.41,74.44,2.261,21.92,-1.016,2.801,0.9682,-0.03382,-69.93,-13.44,-1.3,-26.59,-1.587,-5.906,-26.04,-6.91,-5.947,4.935,-1.016,-13.39,-106.9,-2.259,-1.142,-107.1,7.084,-1.15,-171.1,-11.95,-4.823,-75.75,-1.6,-0.85,-81.07,2.424,-0.3431,-86.02,20.92,-2.387,-85.18,-4.477,-1.407,-86.2,-2.24,-0.3503,-82.04,20.66,-2.187,-78.59,-53.72,-3.282,-80.08,-31.83,0.5365,431.6,-102,292,645,127.9,-28.81,600.1,503.9,-130.4,717.8,385.3,108.9,587.9,74.71,57.13,738.8,-65.44,-116.7,516.6,444.8,100.6,843.2,-416,115.7,397.9,-330.6,144.5,234.4,-18.08,209.5,453.6,-20.01,431.2,-166.4,-486.3,425.8,1141,-394,-83.49,892.1,-241.2,-353.1,-298.4,-1070,222.2,0.4577,-0.05316,0.8673,0.2011,-0.6778,0.2835,0.6277,-0.4088,0.484,0.3446,-0.5913,0.3947,-0.4882,-0.4789,-0.5213,-0.7273,-0.246,-0.4232,-0.4157,-0.4357,-0.5003,0.7411,-0.1378,0.6503,0.6249,-0.06024,0.7754,0.5689,-0.5364,0.3376,0.492,-0.6124,0.4282,0.01331,-0.2578,0.03412,-0.637,-0.3875,-0.4163,-0.3134,-0.6835,-0.6514,-0.08045,-0.474,-0.241
4.94,4.191,-0.7989,5.177,11.91,-0.4124,5.891,-5.297,8.336,9.413,12.08,9.255,12.05,-1.749,0.8278,-44.46,-36.33,-1.931,13.9,-4.706,-2.429,58.69,25.01,19.43,19.48,-0.6141,1.898,3.394,-0.7101,27.45,76.98,3.479,18.29,-0.9573,3.003,1.796,-0.5054,-70.01,-13.56,-1.384,-25.98,-0.9405,-5.211,-25.5,-6.216,-5.241,5.285,-0.7118,-12.39,-106.7,-2.499,-0.8346,-106.8,5.836,-0.8379,-171.1,-12.17,-3.287,-76.14,-1.748,-0.768,-81.36,2.436,-0.1911,-85.08,21.78,-2.179,-84.22,-5.659,-1.4,-86.1,-2.223,-0.3677,-82.19,21.89,-2.389,-78,-55.01,-4.065,-80.22,-36.77,0.4725,273.9,-123.5,281.2,734.9,82.03,-150.4,785.1,444.8,-224.6,855.5,383.3,97.66,594.2,129.4,109.9,805.2,-122.6,-144,646.5,459.5,92.76,749,-324.7,26.36,369.6,-82.04,-10.75,176.3,-566.9,407.2,-439.5,-474.6,-113.3,187.4,24.48,-222.1,1125,-66.91,-61.53,535.6,-206,-339.4,509.2,-877.9,281.3,0.4567,-0.05329,0.868,0.2012,-0.6744,0.2767,0.6304,-0.4104,0.4746,0.3482,-0.5885,0.3878,-0.4901,-0.4788,-0.5243,-0.7243,-0.2494,-0.4334,-0.4104,-0.4428,-0.5075,0.7407,-0.1347,0.6516,0.6252,-0.05762,0.7755,0.5683,-0.5355,0.3307,0.482,-0.6206,0.4301,0.01325,-0.2576,0.03327,-0.6372,-0.3831,-0.4094,-0.3053,-0.6837,-0.6561,-0.0752,-0.5112,-0.2396
4.95,4.067,-0.9384,4.868,12.18,-0.4496,6.246,-5.329,7.167,10.48,11.85,10.36,11.84,-1.583,0.577,-45.47,-36.03,-2.048,13.78,-4.691,-2.695,58.93,25.16,20.06,20.72,-0.821,2.212,1.659,-0.8605,29.11,79.37,4.654,14.82,-1.165,2.472,3.424,-0.8202,-70.1,-13.7,-1.454,-25.11,-0.2406,-4.467,-24.7,-5.554,-4.488,5.894,-0.4397,-11.39,-106.5,-2.677,-0.4962,-106.6,4.49,-0.4971,-171.1,-12.31,-1.617,-76.61,-1.625,-0.8032,-81.51,2.445,-0.07394,-83.33,22.47,-1.588,-82.51,-6.626,-1.627,-86.07,-2.067,-0.3317,-82.47,23.13,-2.659,-77.51,-56.13,-4.793,-80.23,-41.39,-0.3634,93.26,-116.7,343.8,723.6,36.13,-146.5,831.6,370.6,-233.9,903.3,320.3,81.06,540,161.1,127.4,750,-119.6,-108.4,777.8,399.9,-19.53,477.5,-138.2,-22.45,381.8,177.7,-3.904,152.8,-843.3,92.27,-755.4,-1110,-85.93,196.4,228,-103.4,823.7,362.8,46.37,221.7,-139.2,-304.2,353.5,-919.4,-78.11,0.4556,-0.05322,0.8688,0.2001,-0.6711,0.2681,0.6322,-0.4126,0.4646,0.3503,-0.5864,0.3796,-0.4922,-0.4789,-0.5266,-0.7212,-0.2521,-0.4449,-0.4051,-0.4506,-0.5149,0.742,-0.132,0.6511,0.6254,-0.05597,0.7755,0.5688,-0.534,0.326,0.4695,-0.6319,0.427,0.013,-0.2563,0.03302,-0.6376,-0.3781,-0.4026,-0.2977,-0.684,-0.6601,-0.06403,-0.5449,-0.238
4.96,3.797,-1.092,4.503,12.58,-0.4124,6.567,-5.411,5.912,11.54,11.61,11.45,11.61,-1.469,0.2752,-46.69,-35.76,-2.135,13.68,-4.637,-2.98,59.16,25.45,20.41,21.93,-0.8725,2.441,0.2417,-1.197,30.41,81.53,5.886,11.56,-1.679,1.393,4.824,-1.133,-70.21,-13.82,-1.501,-24.04,0.4714,-3.714,-23.69,-4.929,-3.727,6.729,-0.224,-10.35,-106.3,-2.807,-0.1058,-106.3,3.105,-0.1059,-171,-12.44,0.1324,-77.06,-1.352,-0.9074,-81.59,2.451,-0.009297,-81.86,22.86,-0.9844,-81.08,-7.536,-1.964,-86.1,-1.811,-0.1233,-82.91,24.33,-2.993,-77.12,-57.06,-5.512,-80.31,-45.61,-1.73,30.76,-67.39,358.4,616.2,-38.57,-74.7,776.4,188,-236.8,883.8,230,42.97,466.8,145,95.7,619.6,-72.27,-41.5,741.7,393.1,-34.66,253.4,67.87,-128.4,391.6,324.2,36.62,106,-960.4,-229,-968.8,-1117,-96.68,-103.6,18.06,-101.1,569.8,592.8,83.96,-177.8,-15.14,-108.9,1068,-140.6,222.7,0.4548,-0.05298,0.8695,0.1981,-0.6681,0.2583,0.6335,-0.4151,0.4541,0.351,-0.5845,0.3703,-0.4943,-0.4796,-0.528,-0.7182,-0.2542,-0.4571,-0.4,-0.4586,-0.5229,0.744,-0.1298,0.6497,0.6255,-0.05506,0.7755,0.5706,-0.5319,0.3245,0.459,-0.642,0.4243,0.01154,-0.254,0.03363,-0.6387,-0.3726,-0.3964,-0.2906,-0.6842,-0.6636,-0.04828,-0.5747,-0.2343
4.97,3.531,-1.171,4.266,12.95,-0.3814,6.827,-5.504,4.676,12.53,11.36,12.45,11.36,-1.415,-0.02694,-48.02,-35.62,-2.116,13.57,-4.464,-3.327,59.39,25.99,20.55,23.13,-0.8398,2.625,-0.2326,-1.455,31.51,83.55,7.097,9.127,-2.159,0.3902,5.258,-1.618,-70.29,-13.9,-1.545,-22.82,1.162,-3.011,-22.53,-4.334,-3.019,7.718,-0.1061,-9.261,-106.3,-2.928,0.2846,-106.2,1.747,0.2844,-170.7,-12.54,1.927,-77.42,-1.083,-1.008,-81.72,2.453,-0.02065,-81.47,23,-0.7635,-80.64,-8.491,-2.296,-86.18,-1.602,0.0251,-83.34,25.51,-3.342,-76.59,-57.84,-6.392,-80.58,-48.88,-2.922,123.5,-4.393,358.4,538.1,-116.2,-61.03,623,19.53,-140.1,822.8,174.3,-37.6,372.6,99.12,24.41,510.3,-26.86,1.958,554.7,294.4,39.55,143.6,203.1,-85.94,439.9,295.4,127.9,102,-676.3,-356,-629.9,-745.6,-91.33,-255.9,29.23,226.6,440.4,626.4,61.53,-550.3,-30.29,79.62,652.3,25.34,462.9,0.4541,-0.05286,0.87,0.1951,-0.6655,0.2475,0.6345,-0.4173,0.4434,0.3508,-0.5824,0.3602,-0.4959,-0.4809,-0.5288,-0.7154,-0.2555,-0.4694,-0.3955,-0.4662,-0.5315,0.7459,-0.1281,0.6483,0.6256,-0.05445,0.7755,0.5732,-0.5297,0.3252,0.4538,-0.648,0.4258,0.01062,-0.2521,0.03449,-0.6405,-0.3664,-0.3906,-0.2841,-0.6837,-0.6673,-0.03394,-0.5974,-0.2291
4.98,3.364,-1.153,4.262,13.2,-0.3772,6.918,-5.522,3.515,13.45,11.1,13.39,11.09,-1.379,-0.3131,-49.37,-35.6,-1.993,13.4,-4.165,-3.732,59.61,26.83,20.46,24.24,-0.8241,2.77,0.2293,-1.486,32.34,85.36,8.056,7.776,-2.426,-0.4264,4.667,-2.187,-70.35,-13.98,-1.586,-21.56,1.789,-2.336,-21.33,-3.729,-2.34,8.774,-0.0607,-8.065,-106.3,-3.071,0.6817,-106.2,0.444,0.6806,-170.3,-12.57,3.732,-77.59,-0.9252,-1.068,-81.88,2.438,-0.0988,-82.17,22.89,-1.028,-81.2,-9.422,-2.432,-86.21,-1.563,0.1451,-83.59,26.59,-3.625,-75.73,-58.51,-7.528,-80.8,-50.98,-3.961,267.1,-3.909,350.1,470.2,-181.1,-78.61,530.8,-71.77,-103.5,753.9,149.9,-74.22,296.4,108.9,-2.929,439,-16.11,45.41,446.8,206.1,87.4,148.4,216.3,-73.25,416,86.92,125,305.2,-429.7,-237.8,-126.5,-703.6,-16.6,-58.46,-148,98.68,261.2,542,20.02,-883.8,-275.4,96.71,-675.8,739.3,1082,0.4535,-0.0528,0.8705,0.1917,-0.6632,0.2368,0.636,-0.4186,0.4327,0.3503,-0.5797,0.3496,-0.4967,-0.4829,-0.529,-0.7128,-0.2562,-0.4816,-0.3921,-0.4734,-0.5406,0.7469,-0.1274,0.6474,0.6255,-0.05408,0.7757,0.5763,-0.5282,0.3275,0.4535,-0.6492,0.4318,0.009705,-0.2517,0.03497,-0.6434,-0.3596,-0.386,-0.2785,-0.6821,-0.6717,-0.02216,-0.6115,-0.2246
4.99,3.345,-1.083,4.342,13.26,-0.3578,6.974,-5.444,2.481,14.34,10.8,14.28,10.79,-1.353,-0.5425,-50.62,-35.64,-1.738,13.07,-3.785,-4.21,59.78,27.9,20.25,25.16,-0.8129,2.862,1.177,-1.441,32.94,86.83,8.859,7.628,-2.448,-0.4411,3.56,-2.451,-70.38,-14.04,-1.606,-20.36,2.356,-1.652,-20.2,-3.085,-1.653,9.821,-0.1083,-6.763,-106.3,-3.246,1.062,-106.3,-0.7654,1.061,-169.6,-12.43,5.512,-77.69,-0.9308,-1.106,-82.06,2.406,-0.2065,-83.42,22.63,-1.528,-82.3,-10.29,-2.395,-86.23,-1.584,0.1844,-83.79,27.48,-3.844,-74.96,-59.03,-8.53,-80.7,-51.71,-4.403,362.3,-28.81,299.8,432.1,-256.3,-79.1,419.9,-136.2,-71.29,679.2,52.24,-80.08,268.6,168.5,12.21,393.1,-41.02,62.5,410.7,147.9,120.6,219.7,171.9,-56.64,336.4,-93.25,105.5,398.9,-239.8,-131.8,427.2,-594.2,-276.4,37.08,-112.8,-18.6,111.3,292,-76.17,-1199,-470.2,77.12,-1269,160.7,914.6,0.453,-0.05274,0.8708,0.1883,-0.6607,0.2267,0.6383,-0.4191,0.4218,0.3498,-0.5761,0.3388,-0.4969,-0.4854,-0.529,-0.7106,-0.2561,-0.4935,-0.3905,-0.4803,-0.5497,0.747,-0.127,0.6475,0.6253,-0.05384,0.776,0.5787,-0.5275,0.3303,0.4558,-0.6474,0.4402,0.0094,-0.2518,0.03522,-0.6474,-0.3528,-0.3828,-0.2741,-0.6805,-0.6754,-0.01831,-0.6163,-0.224
5,3.451,-1.024,4.347,13.23,-0.3019,7.083,-5.19,1.559,15.18,10.51,15.13,10.48,-1.294,-0.7023,-51.69,-35.63,-1.375,12.49,-3.356,-4.703,59.87,29.05,19.94,25.88,-0.8252,2.884,1.748,-1.476,33.38,87.81,9.605,7.897,-2.478,-0.07562,2.873,-2.132,-70.4,-14.1,-1.605,-19.3,2.834,-0.9446,-19.21,-2.355,-0.9441,10.8,-0.1943,-5.353,-106.3,-3.451,1.402,-106.3,-1.893,1.401,-168.8,-12.09,7.198,-77.82,-1.027,-1.146,-82.21,2.408,-0.3065,-84.21,22.3,-1.874,-82.97,-11.06,-2.402,-86.24,-1.584,0.1964,-84.03,28.2,-4.023,-74.8,-59.27,-8.809,-80.15,-51.67,-4.618,311,-72.75,232.9,405.8,-329.1,-105.5,460,-51.77,-34.67,650.4,-19.54,-123.5,254.4,220.2,24.91,402.8,-84.47,74.7,425.3,98.16,110.8,308.1,92.78,-13.67,293.9,-232.9,112.8,443.4,43.46,-214.3,630.4,-295.4,-162.6,39.09,38.1,-19.98,144.5,54.22,-81.04,-1042,-607.9,49.32,-1458,-356.4,422.4,0.4526,-0.05262,0.871,0.1853,-0.6578,0.2179,0.6413,-0.4194,0.4104,0.3499,-0.5715,0.328,-0.497,-0.4876,-0.5295,-0.7086,-0.2553,-0.505,-0.3913,-0.4868,-0.5581,0.7466,-0.1263,0.6482,0.6254,-0.05377,0.7761,0.5809,-0.5273,0.3333,0.4563,-0.6472,0.4463,0.009339,-0.2518,0.0354,-0.6522,-0.3465,-0.3805,-0.2719,-0.6805,-0.6764,-0.01947,-0.6158,-0.2272
5.01,3.534,-1.013,4.314,13.21,-0.2154,7.197,-4.82,0.7099,16,10.19,15.96,10.16,-1.18,-0.7996,-52.55,-35.52,-0.9585,11.68,-2.85,-5.158,59.85,30.22,19.6,26.46,-0.8308,2.842,1.834,-1.458,33.79,88.22,10.35,8.251,-2.587,0.3923,2.719,-1.601,-70.41,-14.14,-1.589,-18.42,3.227,-0.1957,-18.4,-1.593,-0.1954,11.7,-0.3236,-3.818,-106.2,-3.685,1.697,-106.2,-2.976,1.696,-167.7,-11.58,8.763,-77.95,-1.097,-1.204,-82.31,2.416,-0.3753,-84.42,21.96,-1.976,-83.12,-11.8,-2.482,-86.28,-1.571,0.2291,-84.16,28.79,-4.071,-74.87,-59.08,-8.824,-79.4,-51.08,-4.823,197.8,-98.15,189,351.6,-375,-82.52,459.5,-43.46,-49.31,622.1,-72.75,-158.2,251,239.3,36.14,399.4,-145,66.9,457,44.91,97.16,384.3,-21,0.9809,291,-270,90.81,320.3,240.7,-140.6,444.3,180.2,-159.7,-49.44,54.63,81.47,256.4,-183.6,-52.75,-715.8,-680.7,45.37,-66.47,-262.7,1144,0.4523,-0.05243,0.8712,0.1828,-0.6542,0.2107,0.6444,-0.4198,0.3988,0.3508,-0.5658,0.3172,-0.4971,-0.4892,-0.5305,-0.7065,-0.2542,-0.516,-0.3941,-0.4926,-0.5659,0.7463,-0.1258,0.6488,0.6255,-0.05371,0.7762,0.5825,-0.5273,0.3363,0.4543,-0.6492,0.4499,0.009155,-0.2517,0.03577,-0.6569,-0.3411,-0.3785,-0.2725,-0.6802,-0.6763,-0.02222,-0.6116,-0.2322
5.02,3.56,-0.9858,4.351,13.21,-0.1145,7.213,-4.385,-0.1044,16.79,9.845,16.76,9.811,-1.064,-0.8343,-53.24,-35.18,-0.5249,10.66,-2.259,-5.502,59.72,31.25,19.36,27.01,-0.8742,2.764,1.905,-1.244,34.25,88.19,11.01,9.026,-2.581,0.8045,2.57,-1.1,-70.45,-14.16,-1.543,-17.73,3.572,0.5692,-17.77,-0.8134,0.568,12.49,-0.4646,-2.179,-105.9,-3.95,1.952,-105.9,-4.055,1.952,-166.5,-10.93,10.17,-78.01,-1.12,-1.255,-82.41,2.412,-0.4548,-84.62,21.72,-2.123,-83.27,-12.51,-2.457,-86.3,-1.619,0.2521,-84.07,29.35,-3.985,-74.79,-58.49,-8.931,-78.63,-49.68,-5.096,123,-91.31,144,302.7,-342.3,-59.58,437,-46.38,-41.51,577.1,-115.2,-166,228.5,226.1,32.72,370.1,-182.1,62.5,460.4,-18.06,82.03,409.7,-116.7,-14.16,260.3,-257.3,108.4,334,368.6,-127,128.4,233.4,-135.7,-101.2,-76.21,94.69,331.1,-292,-14.64,-509.8,-568.4,167,-1536,-759.3,-180.2,0.4522,-0.05194,0.8713,0.1812,-0.6503,0.2049,0.6477,-0.4201,0.3869,0.3525,-0.5591,0.3064,-0.4975,-0.4903,-0.5323,-0.704,-0.2533,-0.5267,-0.3989,-0.4976,-0.5728,0.7462,-0.1257,0.649,0.6254,-0.05371,0.7763,0.5828,-0.5281,0.3377,0.452,-0.6507,0.4538,0.008972,-0.252,0.03601,-0.661,-0.3367,-0.3762,-0.2755,-0.6786,-0.6762,-0.02503,-0.6017,-0.2379
5.03,3.58,-0.9248,4.504,13.15,-0.01962,7.115,-3.932,-0.9221,17.54,9.475,17.52,9.437,-0.9822,-0.8595,-53.79,-34.76,-0.09527,9.461,-1.57,-5.721,59.48,32.24,19.24,27.61,-0.8893,2.687,1.736,-0.5747,34.66,87.96,11.42,9.716,-2.529,0.9568,2.613,-0.9498,-70.54,-14.14,-1.479,-17.22,3.91,1.317,-17.31,-0.02123,1.313,13.2,-0.5895,-0.45,-105.6,-4.203,2.196,-105.6,-5.124,2.199,-165.2,-10.16,11.41,-77.99,-1.163,-1.281,-82.55,2.382,-0.5466,-84.6,21.57,-2.164,-83.22,-13.07,-2.457,-86.33,-1.761,0.2139,-83.5,29.95,-3.649,-74.21,-57.63,-9.353,-77.98,-48.13,-5.468,124,-58.59,107.9,271,-287.6,-55.17,426.3,-57.61,-39.06,517.6,-151.9,-169.4,225.6,217.3,46.88,338.4,-189.9,52.25,463.4,-93.75,85.94,353.5,-141.6,-20.02,209,-216.8,91.32,326.7,204.6,-302.2,87.38,79.11,107.4,-89.2,-49.27,96.68,351.6,-269.1,-21.49,-268.1,-654.3,-6.366,-1356,-707.5,96.72,0.4525,-0.05121,0.8712,0.1807,-0.6462,0.2002,0.6509,-0.4205,0.375,0.3551,-0.5517,0.2955,-0.4983,-0.4907,-0.5344,-0.7011,-0.2525,-0.5369,-0.4053,-0.5018,-0.5785,0.7459,-0.1259,0.6493,0.6253,-0.05359,0.7765,0.5815,-0.5295,0.3378,0.4493,-0.6526,0.4562,0.009217,-0.2533,0.03614,-0.6638,-0.3331,-0.3733,-0.2811,-0.6749,-0.6771,-0.02637,-0.5906,-0.243
5.04,3.648,-0.8209,4.7,13.03,0.06346,6.967,-3.476,-1.729,18.27,9.113,18.25,9.072,-0.9461,-0.8781,-54.2,-34.23,0.2933,8.12,-0.8038,-5.815,59.14,33.09,19.18,28.28,-0.8196,2.64,1.269,0.2339,35.06,87.63,11.71,10.24,-2.525,0.8969,2.916,-1.037,-70.64,-14.12,-1.395,-16.86,4.244,2.024,-16.98,0.7703,2.019,13.85,-0.6677,1.324,-105.1,-4.451,2.433,-105.2,-6.178,2.44,-163.8,-9.266,12.48,-77.92,-1.251,-1.273,-82.68,2.352,-0.6482,-84.28,21.49,-2.016,-82.9,-13.54,-2.54,-86.33,-1.965,0.1517,-82.77,30.65,-3.255,-73.5,-56.57,-9.818,-77.51,-46.59,-5.855,137.2,-28.32,94.73,231.9,-203.1,-68.84,402.3,-108.4,-35.65,462.4,-174.3,-147.5,220.7,191.4,61.53,303.2,-175.8,25.88,490.7,-180.7,59.07,274.9,-124.5,-12.2,148.9,-138.2,91.32,132.8,-108.4,-108.4,81.08,2.447,-52.23,39.42,94.72,-17.52,346.2,-166,-11.24,-128.4,-755.3,-62.54,-1292,-608,-87.41,0.4528,-0.0503,0.8712,0.181,-0.642,0.1964,0.654,-0.4207,0.3629,0.3583,-0.544,0.2844,-0.4995,-0.4908,-0.5369,-0.698,-0.2519,-0.5466,-0.413,-0.5055,-0.5829,0.7453,-0.1262,0.6498,0.6251,-0.05353,0.7768,0.5792,-0.5309,0.3375,0.4458,-0.6555,0.4568,0.009583,-0.255,0.03613,-0.6647,-0.3305,-0.3692,-0.2882,-0.6702,-0.6781,-0.02643,-0.5795,-0.2468
5.05,3.787,-0.703,4.882,12.89,0.154,6.812,-2.995,-2.518,18.98,8.758,18.96,8.713,-0.9375,-0.9045,-54.45,-33.65,0.6197,6.74,-0.009582,-5.834,58.71,33.78,19.05,28.98,-0.7906,2.614,0.9406,0.827,35.43,87.17,12.03,10.57,-2.497,0.8019,3.117,-1.139,-70.72,-14.1,-1.302,-16.64,4.577,2.696,-16.78,1.586,2.688,14.43,-0.6594,3.112,-104.6,-4.694,2.676,-104.8,-7.209,2.688,-162.5,-8.339,13.46,-77.84,-1.368,-1.259,-82.79,2.362,-0.7618,-84.06,21.38,-1.976,-82.68,-14.02,-2.549,-86.33,-2.13,0.1353,-82.25,31.39,-3.002,-72.99,-55.32,-10.17,-77.2,-45.04,-6.222,137.7,-10.25,105.5,178.7,-146.5,-80.08,371.6,-183.1,-50.29,410.2,-210.4,-135.2,199.2,144.5,54.68,257.8,-153.3,2.441,510.7,-272,43.45,180.2,-103.5,15.63,141.1,-44.91,56.64,31.23,-275.4,-47.36,-125,-174.8,-102.5,71.16,-14.23,-63.48,315,-1.958,34.19,-109.4,-773.5,25.87,-1241,-444.8,-15.12,0.453,-0.04938,0.8711,0.1821,-0.6379,0.1935,0.6573,-0.4206,0.3509,0.3624,-0.5363,0.2731,-0.501,-0.4905,-0.5396,-0.6948,-0.2513,-0.5559,-0.421,-0.5088,-0.5863,0.7446,-0.1267,0.6505,0.6252,-0.05378,0.7768,0.5775,-0.5324,0.3372,0.4424,-0.6579,0.4582,0.009583,-0.2564,0.03613,-0.6636,-0.3288,-0.3643,-0.2957,-0.6655,-0.6786,-0.02582,-0.5684,-0.2498
5.06,3.929,-0.6516,5.043,12.81,0.262,6.673,-2.486,-3.254,19.68,8.412,19.66,8.361,-0.9419,-0.9433,-54.55,-33.08,0.8605,5.384,0.7592,-5.805,58.22,34.28,18.8,29.67,-0.811,2.635,0.5904,1.166,35.68,86.53,12.37,10.7,-2.498,0.7972,3.413,-1.186,-70.76,-14.1,-1.214,-16.53,4.913,3.33,-16.68,2.432,3.321,14.97,-0.5367,4.862,-104.1,-4.944,2.923,-104.3,-8.193,2.942,-161.3,-7.412,14.34,-77.73,-1.448,-1.273,-82.84,2.416,-0.8381,-83.77,21.2,-1.938,-82.38,-14.46,-2.58,-86.35,-2.246,0.1266,-81.96,32.15,-2.892,-72.72,-53.89,-10.38,-76.97,-43.49,-6.485,117.2,7.811,111.8,128.9,-105.5,-105.5,329.6,-249,-68.36,353.5,-246.1,-139.7,190.9,106,45.9,205.6,-131.8,-3.904,499,-353.5,37.6,94.74,-102.1,5.864,183.1,45.41,48.33,32.7,-231.5,-136.2,-215.3,-397,19.03,25.39,-67.94,-25.36,238.3,186.6,55.16,-214.9,-704.1,103.6,-1131,-327.6,16.1,0.4531,-0.04865,0.8711,0.1838,-0.6337,0.1912,0.6611,-0.4196,0.3392,0.3673,-0.529,0.2617,-0.5027,-0.4901,-0.5425,-0.6917,-0.2503,-0.5648,-0.4289,-0.5119,-0.5886,0.744,-0.1274,0.651,0.6255,-0.05402,0.7765,0.5757,-0.5343,0.3372,0.4389,-0.6604,0.459,0.009583,-0.2574,0.03626,-0.6612,-0.3276,-0.359,-0.3037,-0.6609,-0.6783,-0.02564,-0.5571,-0.2524
5.07,3.958,-0.6313,5.126,12.82,0.3588,6.629,-1.933,-3.913,20.36,8.084,20.34,8.024,-0.9423,-0.9952,-54.49,-32.53,1.041,4.122,1.483,-5.799,57.7,34.6,18.48,30.38,-0.8482,2.668,0.2197,1.336,35.77,85.69,12.66,10.71,-2.499,0.8849,3.762,-1.151,-70.74,-14.1,-1.146,-16.53,5.25,3.912,-16.66,3.322,3.901,15.45,-0.3087,6.554,-103.5,-5.199,3.161,-103.7,-9.106,3.188,-160.2,-6.538,15.19,-77.66,-1.444,-1.303,-82.86,2.444,-0.8947,-83.4,20.92,-1.889,-82.01,-14.82,-2.635,-86.35,-2.338,0.09712,-81.81,32.89,-2.87,-72.7,-52.29,-10.37,-76.8,-41.89,-6.575,93.26,9.278,88.87,105,-83.99,-124.5,287.6,-274.9,-73.25,325.7,-275.4,-142.1,187.5,81.54,34.67,160.6,-144.5,-20.99,494.6,-383.8,42.48,51.25,-84.96,5.374,199.7,98.13,39.54,73.22,-148.9,-135.8,-154.3,-393,-70.32,11.36,-13.16,-10.3,153.8,333.5,90.81,-345.2,-616.7,160.1,-1013,-296.4,108.4,0.4531,-0.04828,0.871,0.1862,-0.6298,0.1896,0.6656,-0.4179,0.3283,0.3727,-0.5222,0.2505,-0.5045,-0.4895,-0.5455,-0.6888,-0.249,-0.5732,-0.436,-0.515,-0.5903,0.7439,-0.128,0.6509,0.6257,-0.05432,0.7764,0.5741,-0.5363,0.338,0.4353,-0.6631,0.4592,0.009766,-0.2582,0.03626,-0.6584,-0.3264,-0.3538,-0.3125,-0.6566,-0.6769,-0.02661,-0.5454,-0.2548
5.08,3.924,-0.6326,5.177,12.89,0.4296,6.641,-1.3,-4.451,20.98,7.748,20.97,7.676,-0.9252,-1.059,-54.31,-32.01,1.207,3.01,2.138,-5.82,57.19,34.75,18.11,31.02,-0.9284,2.659,0.139,1.531,35.77,84.59,12.94,10.61,-2.407,1.037,3.858,-1.109,-70.67,-14.12,-1.098,-16.59,5.565,4.433,-16.69,4.269,4.425,15.85,0.001747,8.165,-102.9,-5.477,3.402,-103.2,-9.92,3.438,-159.2,-5.741,15.99,-77.61,-1.395,-1.331,-82.86,2.455,-0.9248,-83.31,20.56,-1.968,-81.91,-15.19,-2.595,-86.35,-2.43,0.05892,-81.6,33.56,-2.755,-72.81,-50.53,-10.19,-76.69,-40.21,-6.486,70.33,-7.811,80.07,76.65,-75.2,-131.3,233.4,-270.5,-81.05,300.8,-314.9,-175.8,162.1,68.85,43.95,136.7,-156.7,-38.58,468.2,-413.6,44.43,59.09,-58.11,-20.02,193.9,117.7,32.23,106.5,-107,-78.11,-51.31,-294.4,-109.9,-25.06,0,35.2,82.52,456,64.46,-418.5,-530.3,157.7,-906.7,-345.2,140.6,0.453,-0.04822,0.8709,0.1887,-0.6261,0.1885,0.6709,-0.4151,0.318,0.3787,-0.5158,0.2398,-0.5062,-0.4889,-0.5486,-0.6864,-0.2472,-0.5809,-0.4421,-0.5182,-0.5913,0.7441,-0.1286,0.6506,0.6258,-0.05457,0.7763,0.5722,-0.5389,0.339,0.4329,-0.6644,0.4607,0.01001,-0.259,0.0362,-0.656,-0.3255,-0.349,-0.3223,-0.6523,-0.6746,-0.02887,-0.5332,-0.2572
5.09,3.874,-0.6338,5.179,12.96,0.4642,6.714,-0.5909,-4.898,21.59,7.432,21.57,7.347,-0.8494,-1.13,-54.07,-31.53,1.34,2.084,2.715,-5.856,56.77,34.77,17.7,31.58,-1.031,2.599,0.3306,1.797,35.7,83.22,13.18,10.42,-2.201,1.244,3.719,-1.166,-70.57,-14.15,-1.072,-16.68,5.839,4.937,-16.73,5.25,4.932,16.16,0.376,9.708,-102.4,-5.761,3.627,-102.7,-10.65,3.672,-158.5,-5.073,16.73,-77.58,-1.359,-1.341,-82.83,2.441,-0.9331,-83.49,20.12,-2.145,-82.08,-15.55,-2.439,-86.36,-2.528,0.008729,-81.26,34.12,-2.511,-72.93,-48.6,-9.97,-76.69,-38.48,-6.233,47.36,-29.78,62.51,54.68,-55.66,-135.7,187,-235.8,-56.15,278.3,-349.6,-175.8,131.8,62.99,60.55,98.62,-186.5,-72.26,431.1,-428.2,37.6,72.25,-32.71,-39.56,143.1,73.73,39.54,113.3,5.88,-76.18,77.15,-214.4,-94.75,-16.04,-24.94,33.66,37.59,554.2,50.29,-405.3,-448.2,159.2,-809.1,-371.1,138.1,0.4528,-0.0484,0.8708,0.1912,-0.6225,0.1878,0.6769,-0.4118,0.3083,0.3852,-0.5096,0.2298,-0.5078,-0.4883,-0.5517,-0.6842,-0.2451,-0.588,-0.4469,-0.5212,-0.5922,0.7443,-0.1288,0.6503,0.6256,-0.05475,0.7764,0.5701,-0.5418,0.3402,0.4317,-0.6643,0.4635,0.01038,-0.2598,0.0362,-0.6546,-0.3247,-0.3448,-0.3332,-0.6474,-0.6717,-0.03204,-0.5204,-0.2588
5.1,3.842,-0.6012,5.138,12.96,0.4533,6.834,0.218,-5.266,22.13,7.114,22.13,7.012,-0.7096,-1.214,-53.07,-31.08,1.466,1.328,3.214,-5.88,55.69,34.67,17.31,32.08,-1.132,2.502,0.6186,2.113,35.58,81.59,13.37,10.15,-1.942,1.449,3.503,-1.338,-70.46,-14.17,-1.07,-17.52,6.133,5.343,-17.5,6.35,5.345,16.39,0.8069,11.19,-101.8,-6.054,3.84,-102.2,-11.31,3.894,-157.8,-4.521,17.41,-77.58,-1.385,-1.323,-82.79,2.381,-0.9404,-83.75,19.67,-2.351,-82.35,-15.88,-2.235,-86.37,-2.65,-0.05238,-80.84,34.57,-2.19,-73.04,-46.52,-9.721,-76.81,-36.68,-5.876,10.24,-56.64,35.15,36.63,-26.37,-116.2,150.9,-190.4,-51.76,247.1,-371.1,-186.5,90.34,56.63,74.71,45.89,-201.7,-72.76,371.1,-439.5,50.3,73.75,-3.902,-30.28,54.2,10.26,29.29,76.66,84,2.92,149.9,-134.8,-86.42,-7.35,-2.907,35.2,0.4961,618.7,49.82,-395.9,-429.7,161.7,-777.3,-347.2,153.8,0.4525,-0.04883,0.8707,0.1934,-0.619,0.1875,0.6831,-0.4082,0.299,0.3921,-0.5035,0.2203,-0.5092,-0.4877,-0.5548,-0.6824,-0.2429,-0.5945,-0.4507,-0.524,-0.5929,0.7442,-0.1287,0.6505,0.6252,-0.055,0.7767,0.5678,-0.5448,0.3415,0.4308,-0.6636,0.4668,0.0108,-0.2609,0.03619,-0.6539,-0.3239,-0.3414,-0.345,-0.642,-0.6683,-0.03559,-0.5071,-0.2595
5.11,3.829,-0.5569,5.107,12.9,0.4228,6.949,1.04,-5.576,22.65,6.807,22.64,6.683,-0.5352,-1.305,-52.62,-30.65,1.556,0.7473,3.654,-5.876,55.28,34.5,16.97,32.5,-1.239,2.427,0.8918,2.451,35.46,79.68,13.53,9.79,-1.731,1.605,3.315,-1.589,-70.33,-14.2,-1.081,-17.8,6.352,5.787,-17.69,7.387,5.8,16.53,1.268,12.6,-101.2,-6.343,4.042,-101.6,-11.9,4.106,-157.3,-4.098,18.02,-77.57,-1.461,-1.293,-82.75,2.292,-0.9447,-83.98,19.23,-2.55,-82.58,-16.21,-2.062,-86.38,-2.8,-0.09275,-80.38,34.9,-1.872,-73.16,-44.29,-9.397,-77.01,-34.83,-5.467,-39.06,-76.66,-0.4932,15.15,-16.11,-122.1,123.5,-168,-27.35,210.5,-387.7,-189.5,53.22,41.99,94.73,-20.03,-217.8,-71.78,308.6,-440.9,54.68,46.38,3.412,2.431,-49.8,-39.05,15.14,-8.31,35.15,10.25,148.5,61.54,-28.79,-26.39,44.38,26.44,-25.41,635.2,40.05,-367.2,-430.2,138.7,-713.9,-247.6,163.1,0.4523,-0.04938,0.8706,0.1954,-0.6156,0.1874,0.6893,-0.4047,0.2899,0.3993,-0.4977,0.2116,-0.5106,-0.4871,-0.5578,-0.6807,-0.2407,-0.6003,-0.4534,-0.5264,-0.5936,0.7437,-0.1285,0.651,0.6246,-0.05524,0.7772,0.5655,-0.5478,0.3425,0.4299,-0.6631,0.4697,0.01105,-0.2622,0.03626,-0.6539,-0.323,-0.3391,-0.3577,-0.6363,-0.6641,-0.03931,-0.4934,-0.2596
5.12,3.838,-0.5435,5.108,12.82,0.415,7.021,1.866,-5.815,23.13,6.499,23.13,6.348,-0.3367,-1.404,-52.11,-30.21,1.613,0.3577,4.057,-5.83,54.89,34.29,16.71,32.82,-1.336,2.384,1.042,2.728,35.43,77.53,13.7,9.337,-1.604,1.757,3.238,-1.807,-70.22,-14.21,-1.098,-18.14,6.558,6.213,-17.94,8.412,6.24,16.61,1.751,13.97,-100.7,-6.635,4.243,-101.1,-12.43,4.316,-156.9,-3.813,18.53,-77.53,-1.564,-1.287,-82.71,2.197,-0.9439,-84.09,18.86,-2.689,-82.68,-16.54,-1.952,-86.39,-2.953,-0.1058,-80,35.14,-1.622,-73.37,-41.93,-8.989,-77.22,-32.93,-5.026,-81.56,-88.38,-20.51,0.4847,20.02,-131.3,118.7,-168.9,-31.74,167.5,-401.4,-176.8,-3.895,1.472,96.2,-90.32,-217.3,-52.25,230,-446.8,76.17,-9.261,-16.61,17.08,-108.9,-70.8,18.06,-50.8,-3.404,55.16,76.15,270.5,-16.1,5.011,59.53,9.223,-70.33,620.1,18.56,-339.4,-414,104,-660.1,-121.1,177.8,0.4521,-0.04993,0.8705,0.1973,-0.6122,0.1875,0.695,-0.4014,0.281,0.4068,-0.4918,0.2036,-0.512,-0.4865,-0.5608,-0.6792,-0.2386,-0.6056,-0.4553,-0.5282,-0.5945,0.7431,-0.1287,0.6516,0.6239,-0.05542,0.7777,0.563,-0.5506,0.3432,0.4286,-0.6633,0.472,0.01105,-0.2635,0.03632,-0.6545,-0.3219,-0.3377,-0.3711,-0.6303,-0.6589,-0.04334,-0.4792,-0.2594
5.13,3.867,-0.5346,5.115,12.71,0.4312,7.054,2.672,-5.986,23.58,6.184,23.58,6.001,-0.1399,-1.505,-51.59,-29.79,1.613,0.1238,4.418,-5.742,54.53,34.1,16.48,33.07,-1.412,2.367,1.188,2.977,35.45,75.16,13.91,8.805,-1.517,1.98,3.169,-1.963,-70.12,-14.22,-1.108,-18.52,6.751,6.616,-18.21,9.405,6.66,16.65,2.268,15.26,-100.2,-6.926,4.449,-100.7,-12.89,4.531,-156.5,-3.634,18.95,-77.47,-1.686,-1.296,-82.66,2.103,-0.9542,-84.19,18.53,-2.817,-82.78,-16.89,-1.844,-86.39,-3.086,-0.08184,-79.65,35.29,-1.432,-73.57,-39.44,-8.57,-77.36,-30.96,-4.55,-100.6,-88.38,-55.18,-49.8,35.64,-145.5,113.3,-199.7,-32.72,134.3,-414.1,-159.7,-62.49,-59.08,82.03,-156.2,-222.2,-53.71,151.8,-455.1,72.26,-79.11,-47.85,37.1,-136.2,-95.7,13.67,-54.19,-8.798,27.33,-65.92,181.2,78.15,12.7,-17.6,-16.14,-109.4,534.2,22.95,-308.1,-399.9,87.92,-602,-57.14,151.8,0.452,-0.05035,0.8704,0.1989,-0.609,0.1874,0.7001,-0.3983,0.272,0.4143,-0.4862,0.196,-0.5132,-0.486,-0.5636,-0.678,-0.2367,-0.6101,-0.4567,-0.5294,-0.5957,0.7423,-0.1291,0.6524,0.6233,-0.05573,0.7782,0.5605,-0.5534,0.3435,0.427,-0.6636,0.4743,0.01074,-0.2646,0.03644,-0.6555,-0.3204,-0.3373,-0.3851,-0.6238,-0.6531,-0.0481,-0.4643,-0.2597
5.14,3.915,-0.5261,5.142,12.59,0.4418,7.038,3.439,-6.091,24.01,5.867,24.02,5.645,0.05181,-1.61,-51.12,-29.4,1.575,0.02935,4.753,-5.61,54.25,33.98,16.27,33.21,-1.458,2.334,1.13,3.236,35.5,72.61,14.12,8.167,-1.506,2.298,3.307,-2.047,-70.05,-14.22,-1.12,-18.87,6.942,7.004,-18.44,10.36,7.068,16.66,2.8,16.49,-99.74,-7.222,4.66,-100.2,-13.29,4.751,-156.1,-3.562,19.27,-77.38,-1.807,-1.304,-82.6,2.029,-0.9646,-84.07,18.24,-2.845,-82.65,-17.23,-1.825,-86.4,-3.219,-0.05565,-79.28,35.37,-1.224,-73.75,-36.83,-8.151,-77.38,-28.99,-4.019,-98.16,-85.45,-89.35,-91.31,43.46,-151.9,95.71,-249.5,-28.32,95.22,-420.9,-150.9,-114.7,-96.19,66.41,-213.9,-225.1,-43.46,64.95,-457.5,78.12,-142.1,-58.6,51.26,-152.8,-88.87,0.4794,-102,23.92,49.32,-97.69,122.1,149.9,-15.03,-41.93,-10.3,-152.4,487.8,36.13,-298.8,-413.6,82.04,-549.4,-40.07,57.62,0.452,-0.05072,0.8703,0.2,-0.606,0.187,0.7048,-0.3955,0.2633,0.4218,-0.4809,0.1889,-0.5142,-0.4859,-0.5662,-0.6769,-0.235,-0.6141,-0.4577,-0.5298,-0.5971,0.7415,-0.1296,0.6531,0.6227,-0.05609,0.7786,0.5578,-0.556,0.3437,0.4246,-0.665,0.4755,0.01044,-0.2657,0.03662,-0.6567,-0.3193,-0.3374,-0.3995,-0.6167,-0.6466,-0.05377,-0.4492,-0.2604
5.15,3.972,-0.5259,5.18,12.48,0.4509,6.978,4.174,-6.118,24.41,5.56,24.41,5.29,0.2199,-1.721,-50.67,-29.06,1.542,0.03743,5.076,-5.457,53.99,33.95,16.01,33.26,-1.508,2.247,1.025,3.444,35.55,69.88,14.35,7.351,-1.521,2.741,3.519,-2.033,-69.99,-14.22,-1.139,-19.21,7.136,7.345,-18.67,11.28,7.432,16.67,3.326,17.65,-99.35,-7.517,4.873,-99.88,-13.61,4.971,-155.8,-3.565,19.51,-77.26,-1.921,-1.32,-82.52,1.97,-0.9765,-83.88,17.93,-2.865,-82.43,-17.59,-1.856,-86.42,-3.344,-0.0491,-78.96,35.36,-1.005,-73.97,-34.14,-7.723,-77.34,-27.09,-3.392,-113.8,-83.5,-108.4,-128.4,34.18,-154.3,61.52,-293.5,-18.07,68.38,-422.8,-151.9,-156.2,-127,58.59,-253.9,-228,-49.81,9.269,-449.2,81.54,-198.7,-65.91,72.76,-169.4,-65.91,24.4,-122.5,22.95,43.96,-105.5,140.2,63.98,0.3341,-9.335,-6.763,-203.6,459.9,72.25,-255.8,-320.3,114.8,-573.2,-20.04,-57.17,0.4519,-0.05109,0.8702,0.2007,-0.6033,0.1862,0.7092,-0.3928,0.2548,0.429,-0.4757,0.1822,-0.5149,-0.486,-0.5685,-0.6761,-0.2337,-0.6172,-0.4586,-0.5296,-0.5988,0.7407,-0.1304,0.6538,0.6223,-0.05658,0.7788,0.5553,-0.5586,0.3441,0.422,-0.6668,0.4762,0.01032,-0.2667,0.03681,-0.6583,-0.3185,-0.3378,-0.4139,-0.6093,-0.6393,-0.06049,-0.4345,-0.2615
5.16,4.03,-0.509,5.243,12.39,0.4381,6.883,4.873,-6.071,24.77,5.233,24.77,4.912,0.3547,-1.813,-50.22,-28.79,1.527,0.1182,5.394,-5.248,53.72,34,15.73,33.21,-1.539,2.094,1.027,3.716,35.62,67.02,14.64,6.207,-1.518,3.241,3.623,-2.076,-69.92,-14.22,-1.155,-19.56,7.334,7.635,-18.89,12.16,7.747,16.68,3.827,18.76,-99.03,-7.837,5.089,-99.58,-13.88,5.194,-155.4,-3.626,19.64,-77.1,-2.006,-1.316,-82.42,1.941,-0.989,-83.78,17.61,-2.903,-82.32,-17.97,-1.849,-86.42,-3.44,-0.03055,-78.54,35.27,-0.6805,-74.14,-31.4,-7.305,-77.3,-25.47,-2.672,-112.3,-74.71,-106,-161.1,16.61,-160.2,27.82,-314.9,2.437,45.89,-429.2,-145.5,-205.6,-149.4,54.68,-293.9,-238.8,-46.87,-66.9,-464.9,84.96,-231.9,-71.78,79.58,-181.6,-20.03,2.922,-152.8,-6.367,65.42,-173.8,83,90.34,3.007,-24.94,-13.22,-227,428.2,85.95,-130.4,-250,163.1,-600.1,-92.82,-106.5,0.4519,-0.05145,0.8701,0.201,-0.601,0.185,0.7134,-0.3899,0.2468,0.4359,-0.4708,0.1758,-0.5153,-0.4865,-0.5707,-0.6754,-0.2326,-0.6198,-0.4595,-0.5286,-0.6006,0.7401,-0.1314,0.6542,0.622,-0.05719,0.779,0.5529,-0.5611,0.3446,0.4195,-0.6683,0.4776,0.01007,-0.2675,0.03687,-0.6604,-0.3181,-0.3385,-0.4286,-0.6013,-0.6316,-0.06787,-0.422,-0.2623
5.17,4.073,-0.5079,5.322,12.34,0.4117,6.744,5.531,-5.951,25.1,4.914,25.09,4.533,0.4498,-1.906,-49.77,-28.58,1.563,0.2577,5.73,-5.01,53.43,34.15,15.42,33.05,-1.565,1.887,0.9702,4.002,35.66,64.04,14.93,4.612,-1.562,3.786,3.808,-2.209,-69.86,-14.24,-1.176,-19.91,7.54,7.862,-19.13,13.02,8,16.7,4.275,19.83,-98.78,-8.166,5.316,-99.34,-14.09,5.425,-155.1,-3.727,19.7,-76.9,-2.064,-1.308,-82.3,1.926,-0.9834,-83.59,17.29,-2.896,-82.12,-18.33,-1.902,-86.42,-3.521,-0.01637,-78.07,35.09,-0.2808,-74.27,-28.63,-6.896,-77.28,-24.28,-1.855,-125.5,-76.66,-114.7,-184.6,4.888,-165.5,-3.889,-327.1,11.71,17.09,-448.2,-151.9,-233.9,-164.1,45.9,-311,-233.9,-39.55,-99.6,-461.4,74.23,-237.3,-61.03,48.34,-177.7,0,-47.37,-152.8,-9.285,70.81,-137.7,20.01,114.3,17.04,-31.68,-15.68,-273,458.5,76.64,-50.27,-152.3,152.3,-617.6,-110.4,-133.8,0.4517,-0.05182,0.8701,0.201,-0.5992,0.1834,0.7173,-0.3871,0.2392,0.4422,-0.4659,0.1697,-0.5153,-0.4873,-0.5726,-0.6749,-0.232,-0.6218,-0.4605,-0.527,-0.6026,0.7395,-0.1326,0.6544,0.6219,-0.0578,0.779,0.5506,-0.5635,0.3454,0.4169,-0.6702,0.4782,0.009888,-0.2682,0.03693,-0.6631,-0.318,-0.3396,-0.4432,-0.5929,-0.6234,-0.07569,-0.4129,-0.2625
5.18,4.097,-0.5122,5.387,12.31,0.384,6.625,6.162,-5.785,25.39,4.59,25.39,4.144,0.535,-1.979,-49.36,-28.43,1.643,0.4206,6.052,-4.734,53.12,34.36,15.09,32.8,-1.585,1.612,0.8379,4.268,35.71,60.95,15.25,2.542,-1.652,4.341,4.06,-2.36,-69.79,-14.24,-1.195,-20.23,7.74,8.073,-19.34,13.84,8.24,16.75,4.656,20.85,-98.58,-8.498,5.53,-99.15,-14.26,5.644,-154.7,-3.853,19.67,-76.72,-2.098,-1.3,-82.18,1.915,-0.972,-83.32,16.96,-2.856,-81.83,-18.71,-2.014,-86.42,-3.596,-0.007638,-77.63,34.81,0.1687,-74.44,-25.84,-6.458,-77.31,-23.55,-0.9698,-148.9,-86.43,-135.7,-209.5,-9.277,-157.2,-30.76,-332.5,29.78,-13.19,-469.7,-162.6,-247.6,-145.5,48.34,-329.6,-236.8,-40.04,-134.3,-466.3,84.96,-235.8,-44.93,19.53,-184.6,18.07,-63.47,-157.2,8.798,50.31,-69.31,16.12,36.62,2.339,-16.53,-17.06,-251,459,126.9,-55.62,17.59,151.8,-559.5,-67.35,-59.59,0.4516,-0.05219,0.87,0.2006,-0.5976,0.1815,0.7211,-0.3845,0.2319,0.4479,-0.4611,0.1639,-0.515,-0.4884,-0.5744,-0.6745,-0.2315,-0.6232,-0.4617,-0.5249,-0.6045,0.7391,-0.1337,0.6545,0.6217,-0.05835,0.779,0.5483,-0.5658,0.3463,0.414,-0.6727,0.4785,0.009766,-0.2688,0.03699,-0.6665,-0.3183,-0.3409,-0.4576,-0.5844,-0.6144,-0.08369,-0.4073,-0.2621
5.19,4.092,-0.5476,5.424,12.27,0.3712,6.533,6.75,-5.594,25.66,4.281,25.66,3.76,0.6048,-2.055,-48.98,-28.32,1.752,0.5988,6.386,-4.414,52.81,34.61,14.84,32.53,-1.622,1.322,0.7141,4.601,35.83,57.76,15.61,0.0379,-1.748,4.92,4.317,-2.589,-69.73,-14.24,-1.214,-20.53,7.93,8.253,-19.53,14.61,8.448,16.82,4.978,21.83,-98.43,-8.821,5.753,-99.02,-14.39,5.869,-154.3,-3.981,19.57,-76.57,-2.142,-1.304,-82.07,1.869,-0.9377,-83.06,16.68,-2.814,-81.54,-19.12,-2.138,-86.44,-3.663,-0.004365,-77.1,34.47,0.6971,-74.53,-23.01,-6.01,-77.34,-23.22,0.01176,-175.3,-93.75,-147.9,-219.7,-30.76,-160.2,-49.33,-335,53.71,-37.1,-486.3,-175.8,-259.3,-148,49.32,-349.1,-239.7,-41.02,-157.7,-480.5,72.75,-227.1,-6.355,-1.962,-202.1,4.882,-78.62,-186.5,41.03,69.32,2.462,48.81,8.769,-29.4,-25.86,9.837,-237.8,473.2,162.6,-107.9,133.7,121.6,-364.7,-4.912,93.76,0.4516,-0.05255,0.87,0.1999,-0.5962,0.1794,0.7244,-0.3821,0.2252,0.453,-0.4563,0.1583,-0.5146,-0.4897,-0.5758,-0.6741,-0.2313,-0.6244,-0.463,-0.5226,-0.6063,0.7387,-0.1347,0.6547,0.6214,-0.05872,0.7792,0.5462,-0.5678,0.3471,0.4109,-0.6752,0.4788,0.009705,-0.2694,0.03711,-0.6693,-0.3194,-0.3422,-0.4722,-0.5753,-0.605,-0.09229,-0.4049,-0.2616
5.2,4.083,-0.5768,5.448,12.18,0.3472,6.481,7.306,-5.388,25.91,3.979,25.9,3.381,0.6648,-2.102,-48.63,-28.27,1.901,0.763,6.701,-4.075,52.5,34.87,14.67,32.25,-1.691,1.072,0.5727,5.121,36.05,54.48,15.98,-2.802,-1.796,5.564,4.565,-2.973,-69.68,-14.23,-1.228,-20.8,8.119,8.431,-19.69,15.34,8.657,16.9,5.23,22.78,-98.35,-9.132,5.951,-98.93,-14.49,6.069,-154,-4.106,19.41,-76.46,-2.21,-1.288,-81.98,1.796,-0.886,-82.81,16.44,-2.784,-81.27,-19.57,-2.217,-86.45,-3.757,-0.003274,-76.37,34.08,1.323,-74.43,-20.14,-5.561,-77.35,-23.19,1.155,-211.4,-88.87,-153.3,-234.4,-46.38,-161.1,-59.56,-338.9,60.54,-77.13,-510.8,-188,-268.1,-151.4,44.43,-362.3,-232.9,-49.31,-188,-483.9,61.04,-235.8,18.55,-1.471,-226.1,-16.12,-45.41,-194.3,141.1,21.96,92.31,137.2,-13.68,-70.82,9.335,17.06,-260.2,474.1,195.8,-159.7,215.8,61.97,-58.08,47.83,198.7,0.4516,-0.05286,0.8699,0.1991,-0.5948,0.1772,0.7274,-0.38,0.2186,0.4576,-0.4516,0.153,-0.514,-0.4911,-0.5771,-0.6739,-0.2312,-0.6253,-0.4643,-0.5201,-0.6078,0.7382,-0.1353,0.6551,0.6209,-0.05878,0.7795,0.544,-0.5698,0.3474,0.4076,-0.6776,0.4796,0.009644,-0.2701,0.03723,-0.6714,-0.3211,-0.3435,-0.4878,-0.5649,-0.5954,-0.1022,-0.4049,-0.2611
5.21,4.043,-0.596,5.49,12.09,0.3168,6.438,7.831,-5.173,26.15,3.715,26.14,3.041,0.7184,-2.138,-48.27,-28.25,2.065,0.9131,7.006,-3.733,52.14,35.13,14.61,31.95,-1.707,0.8175,0.5493,5.822,36.37,51.09,16.34,-5.821,-1.764,6.284,4.647,-3.448,-69.64,-14.23,-1.233,-21.09,8.298,8.593,-19.88,16.04,8.849,16.98,5.428,23.69,-98.32,-9.415,6.139,-98.89,-14.56,6.257,-153.7,-4.209,19.22,-76.38,-2.299,-1.255,-81.94,1.673,-0.8232,-82.72,16.26,-2.724,-81.18,-20.08,-2.221,-86.46,-3.909,-0.01528,-75.47,33.61,2.069,-74.15,-17.23,-5.103,-77.33,-23.3,2.459,-245.1,-91.31,-172.4,-252.9,-61.03,-152.8,-79.6,-357.4,81.05,-93.75,-515.1,-199.7,-282.7,-157.2,54.2,-370.1,-222.7,-46.39,-216.8,-489.7,51.76,-256.8,14.65,8.295,-266.1,-56.15,-36.62,-218.7,184.1,0.4761,185.1,264.2,-85.43,-106.9,44.99,135.7,-274.9,447.8,189.5,-198.3,269,-41.99,299.8,63.99,266.1,0.4516,-0.05304,0.8698,0.1983,-0.5935,0.1752,0.73,-0.3781,0.2124,0.4616,-0.4469,0.148,-0.5132,-0.4927,-0.5781,-0.6737,-0.2311,-0.6259,-0.4655,-0.5176,-0.609,0.7376,-0.1356,0.6556,0.62,-0.05854,0.7801,0.5413,-0.5715,0.3475,0.4047,-0.6793,0.4816,0.009644,-0.2714,0.03735,-0.6731,-0.3235,-0.3449,-0.5039,-0.5534,-0.5857,-0.1135,-0.4059,-0.2608
5.22,4.027,-0.5867,5.596,11.94,0.2795,6.375,8.332,-4.944,26.36,3.464,26.35,2.705,0.7682,-2.167,-47.91,-28.27,2.248,1.073,7.29,-3.405,51.75,35.39,14.63,31.6,-1.678,0.568,0.5255,6.479,36.84,47.6,16.68,-8.848,-1.689,7.182,4.661,-3.845,-69.61,-14.21,-1.23,-21.39,8.463,8.742,-20.08,16.7,9.029,17.07,5.574,24.55,-98.33,-9.676,6.324,-98.9,-14.59,6.443,-153.5,-4.301,19.01,-76.28,-2.424,-1.204,-81.94,1.535,-0.771,-82.69,16.15,-2.632,-81.17,-20.66,-2.172,-86.46,-4.142,-0.01637,-74.68,33.06,2.74,-73.91,-14.29,-4.651,-77.3,-23.38,3.93,-251,-92.29,-168.5,-288.1,-81.05,-156.7,-98.62,-376.5,98.63,-125.5,-535.7,-202.6,-291,-160.2,51.27,-388.2,-223.1,-47.85,-233.9,-481,49.8,-283.7,-21.96,30.28,-291.5,-87.89,-43.47,-269.5,180.2,59.07,281.2,482.4,-5.846,-118.6,100.5,94.69,-269,423.8,100.6,-203.6,369.6,-66.89,607.9,-31.28,229,0.4517,-0.05316,0.8697,0.1975,-0.5923,0.1734,0.7322,-0.3766,0.2064,0.4651,-0.4423,0.1433,-0.5123,-0.4943,-0.5788,-0.6736,-0.231,-0.6263,-0.4667,-0.5153,-0.6099,0.7368,-0.1359,0.6563,0.6191,-0.05811,0.7809,0.5393,-0.5724,0.3477,0.4017,-0.6807,0.4843,0.009461,-0.2734,0.03741,-0.674,-0.3268,-0.3463,-0.5194,-0.5417,-0.5755,-0.1262,-0.4067,-0.2605
5.23,4.044,-0.552,5.767,11.78,0.2246,6.296,8.82,-4.717,26.56,3.271,26.55,2.422,0.8093,-2.201,-47.53,-28.32,2.45,1.223,7.552,-3.089,51.3,35.62,14.72,31.17,-1.723,0.3912,0.5818,6.951,37.45,44.03,17.06,-11.77,-1.594,8.215,4.558,-4.086,-69.59,-14.21,-1.223,-21.73,8.622,8.863,-20.31,17.33,9.183,17.17,5.678,25.37,-98.38,-9.899,6.507,-98.93,-14.59,6.624,-153.3,-4.364,18.79,-76.16,-2.575,-1.13,-81.99,1.403,-0.7224,-82.79,16.1,-2.643,-81.27,-21.33,-2.059,-86.45,-4.417,0.01746,-74.19,32.45,3.188,-73.79,-11.34,-4.236,-77.29,-23.33,5.448,-223.1,-93.26,-158.2,-302.3,-92.77,-157.7,-108.4,-403.8,108.4,-142.1,-546.4,-202.2,-288.6,-164.1,62.01,-391.6,-218.8,-48.34,-238.3,-463.4,38.09,-298.8,-86.43,25.89,-311,-122.1,-74.22,-291.5,103,154.3,194.3,476.5,-24.43,-36.08,44.99,49.34,-264.6,312.5,46.89,-225.1,432.6,-59.07,845.2,-121.6,228.1,0.4517,-0.05323,0.8696,0.1969,-0.5912,0.1718,0.734,-0.3754,0.2006,0.4682,-0.4379,0.1388,-0.5115,-0.4959,-0.5793,-0.6737,-0.2308,-0.6264,-0.4679,-0.5132,-0.6105,0.7358,-0.1361,0.6571,0.6183,-0.05744,0.7816,0.5383,-0.573,0.3476,0.3987,-0.6817,0.4879,0.008912,-0.2756,0.03742,-0.6736,-0.3308,-0.348,-0.5338,-0.53,-0.5645,-0.1394,-0.4063,-0.2599
5.24,4.066,-0.5228,5.936,11.61,0.1721,6.217,9.295,-4.476,26.73,3.094,26.72,2.159,0.8488,-2.218,-47.14,-28.35,2.651,1.361,7.781,-2.805,50.81,35.82,14.87,30.69,-1.805,0.3054,0.4753,7.225,38.19,40.41,17.45,-14.51,-1.56,9.323,4.597,-4.248,-69.59,-14.2,-1.215,-22.09,8.769,8.967,-20.58,17.95,9.319,17.29,5.753,26.14,-98.43,-10.11,6.658,-98.96,-14.55,6.772,-153.1,-4.414,18.55,-76.07,-2.727,-1.057,-82.07,1.276,-0.6701,-82.74,16.13,-2.64,-81.22,-22.03,-1.998,-86.44,-4.724,0.07638,-73.96,31.82,3.406,-73.81,-8.382,-3.849,-77.37,-23.1,6.989,-178.7,-87.4,-158.2,-310.6,-92.29,-171.9,-108.9,-415,104.5,-163.1,-572.3,-204.6,-283.2,-153.3,76.66,-391.1,-222.2,-57.13,-242.7,-447.3,37.11,-315.9,-157.7,11.73,-298.3,-152.8,-75.2,-210.5,33.2,83.51,31.23,211.9,130.9,15.03,-32.29,6.763,-322.3,286.6,22.95,-269,450.2,-2.418,1238,-236.8,104,0.4518,-0.05317,0.8696,0.1965,-0.5901,0.1707,0.7356,-0.3744,0.1951,0.4708,-0.4337,0.1345,-0.5107,-0.4974,-0.5797,-0.6739,-0.2305,-0.6264,-0.469,-0.5113,-0.6108,0.7349,-0.1362,0.658,0.6175,-0.05658,0.7823,0.5375,-0.5734,0.3468,0.3948,-0.6835,0.4911,0.008118,-0.2782,0.03748,-0.672,-0.3354,-0.3501,-0.547,-0.5186,-0.5529,-0.1525,-0.4046,-0.2585
5.25,4.083,-0.5031,6.051,11.47,0.1243,6.184,9.749,-4.248,26.87,2.969,26.86,1.945,0.8754,-2.246,-46.75,-28.34,2.839,1.5,7.984,-2.554,50.27,35.96,15.06,30.12,-1.857,0.2416,-4.78E-04,7.427,39.02,36.79,17.9,-16.89,-1.706,10.39,4.961,-4.476,-69.61,-14.2,-1.208,-22.48,8.909,9.042,-20.87,18.53,9.425,17.42,5.818,26.85,-98.46,-10.28,6.79,-98.98,-14.49,6.902,-153,-4.452,18.33,-76.06,-2.856,-0.9919,-82.16,1.168,-0.6153,-82.33,16.23,-2.498,-80.77,-22.76,-2.142,-86.41,-5.03,0.1539,-73.84,31.12,3.543,-73.86,-5.492,-3.467,-77.61,-22.57,8.511,-167,-88.38,-163.1,-295.4,-75.2,-191.4,-100.6,-422.4,110.8,-169,-590.3,-203.6,-268.6,-152.8,101.1,-397.5,-233.4,-59.57,-239.3,-436.5,20.99,-313,-199.7,33.69,-301.3,-168.5,-86.43,-178.2,22.95,95.7,-59.08,95.67,161.6,-29.73,-104.5,-18.14,-342.3,272.4,23.94,-187.5,433.6,56.17,1720,-265.7,-87.41,0.4519,-0.05304,0.8696,0.1963,-0.5892,0.1698,0.737,-0.3735,0.19,0.4732,-0.43,0.1304,-0.51,-0.4986,-0.58,-0.6743,-0.2301,-0.6262,-0.4699,-0.5095,-0.611,0.7341,-0.1359,0.6588,0.6168,-0.05567,0.7829,0.5367,-0.5736,0.3459,0.3893,-0.6873,0.4922,0.007141,-0.2806,0.03748,-0.6701,-0.3403,-0.3526,-0.5594,-0.5074,-0.5409,-0.165,-0.4008,-0.2556
5.26,4.146,-0.4863,6.117,11.35,0.07415,6.199,10.18,-4.01,27.01,2.868,27,1.766,0.9169,-2.261,-46.43,-28.32,2.99,1.623,8.154,-2.335,49.79,36.07,15.21,29.4,-1.873,0.1548,-0.5412,7.638,39.93,33.24,18.4,-18.66,-1.821,11.22,5.367,-4.887,-69.65,-14.2,-1.203,-22.82,9.018,9.117,-21.12,19.07,9.531,17.55,5.887,27.5,-98.48,-10.43,6.893,-98.98,-14.41,7,-152.9,-4.474,18.09,-76.1,-2.972,-0.924,-82.27,1.121,-0.5602,-81.86,16.35,-2.298,-80.28,-23.55,-2.322,-86.4,-5.334,0.1768,-73.73,30.33,3.687,-73.92,-2.761,-3.02,-78.14,-21.59,9.91,-182.6,-96.2,-161.6,-282.2,-57.62,-196.8,-90.32,-417,105.5,-162.1,-597.7,-202.2,-260.2,-140.6,99.61,-392.1,-237.8,-73.24,-250,-424.3,19.53,-304.2,-211.9,69.35,-306.6,-168.5,-91.8,-145,-10.26,55.16,-141.1,56.65,116.2,-33.07,-85.39,-13.22,-373.6,267.1,0,-7.848,397,41.99,1925,-291,-260.7,0.4519,-0.05286,0.8697,0.1961,-0.5883,0.1692,0.7382,-0.3729,0.1854,0.4753,-0.4266,0.1265,-0.5094,-0.4996,-0.5804,-0.6748,-0.2297,-0.6258,-0.4709,-0.5079,-0.611,0.7336,-0.1351,0.6596,0.6165,-0.05469,0.7832,0.5358,-0.5735,0.3451,0.3834,-0.6914,0.4934,0.006653,-0.2832,0.03748,-0.6685,-0.3455,-0.3555,-0.571,-0.497,-0.5287,-0.1758,-0.3938,-0.2501
5.27,4.242,-0.4911,6.159,11.26,0.02273,6.257,10.59,-3.779,27.12,2.787,27.11,1.617,0.9627,-2.272,-46.11,-28.25,3.112,1.748,8.288,-2.131,49.31,36.13,15.28,28.52,-1.887,0.1359,-0.932,7.753,40.83,29.81,18.91,-19.74,-1.82,11.77,5.611,-5.499,-69.68,-14.2,-1.197,-23.16,9.108,9.179,-21.38,19.56,9.622,17.7,5.948,28.07,-98.46,-10.56,6.968,-98.93,-14.31,7.07,-152.8,-4.498,17.85,-76.19,-3.059,-0.8557,-82.39,1.137,-0.4895,-81.55,16.45,-2.123,-79.97,-24.35,-2.42,-86.39,-5.647,0.1495,-73.75,29.45,3.703,-74.06,-0.2345,-2.52,-79.01,-20.11,11.09,-194.8,-99.12,-156.7,-267.1,-55.66,-199.2,-69.82,-407.2,100.1,-153.3,-605,-187,-260.2,-142.1,121.1,-382.8,-242.7,-67.88,-245.1,-403.8,18.07,-307.1,-220.2,41.01,-293,-157.7,-137.2,-160.2,27.32,22.47,-239.2,-110.4,67.39,19.04,-117.7,-14.6,-376,228,-55.16,168.9,362.8,-45.37,1847,-271,-460.4,0.4519,-0.05268,0.8697,0.1959,-0.5875,0.1688,0.7393,-0.3723,0.1813,0.4771,-0.4237,0.1229,-0.509,-0.5002,-0.5809,-0.6753,-0.2294,-0.6252,-0.4719,-0.5062,-0.611,0.7332,-0.1342,0.6602,0.6167,-0.05353,0.7832,0.5351,-0.5731,0.3446,0.3781,-0.6946,0.4955,0.006592,-0.2858,0.03742,-0.6674,-0.3502,-0.3596,-0.5814,-0.4879,-0.5163,-0.1839,-0.3836,-0.2413
5.28,4.342,-0.4908,6.137,11.22,-0.03856,6.378,10.93,-3.568,27.23,2.743,27.22,1.508,1.006,-2.292,-45.86,-28.11,3.184,1.858,8.396,-1.946,48.88,36.13,15.25,27.53,-1.884,0.2353,-1.327,7.658,41.66,26.6,19.4,-20.2,-1.776,11.99,5.827,-6.271,-69.74,-14.21,-1.196,-23.45,9.19,9.246,-21.59,19.97,9.716,17.86,6.008,28.58,-98.39,-10.67,7.017,-98.84,-14.21,7.113,-152.8,-4.511,17.61,-76.36,-3.1,-0.7831,-82.54,1.204,-0.4235,-81.27,16.5,-1.933,-79.69,-25.13,-2.511,-86.38,-5.949,0.08839,-74.04,28.55,3.471,-74.4,2.033,-1.94,-80.3,-18.27,12.02,-205.6,-113.3,-147.5,-251,-32.72,-205.6,-56.65,-403.8,95.71,-148.9,-608.9,-195.8,-248.5,-158.2,127,-377,-246.1,-73.73,-244.6,-390.6,4.396,-300.8,-195.8,3.412,-279.8,-134.3,-149.9,-201.2,52.75,35.64,-179.7,-141.6,53.72,-25.72,-73.76,-2.92,-339.4,153.3,-40.05,392.5,466.8,-137.7,1662,-201.1,-593.7,0.4519,-0.05243,0.8698,0.1958,-0.5867,0.1686,0.7401,-0.372,0.1777,0.4785,-0.4214,0.1195,-0.5089,-0.5004,-0.5816,-0.6759,-0.2293,-0.6244,-0.4729,-0.5046,-0.6109,0.7332,-0.1326,0.6606,0.6173,-0.05231,0.7829,0.5348,-0.5725,0.3449,0.3731,-0.6976,0.4976,0.006836,-0.2883,0.03729,-0.6661,-0.3544,-0.3648,-0.5901,-0.4812,-0.5034,-0.1887,-0.3712,-0.2289
5.29,4.409,-0.4978,6.04,11.23,-0.09675,6.568,11.23,-3.378,27.34,2.724,27.32,1.445,1.059,-2.31,-45.74,-27.92,3.221,1.953,8.48,-1.767,48.54,36.1,15.16,26.51,-1.9,0.4659,-1.589,7.287,42.5,23.63,19.92,-20.33,-1.637,11.94,5.919,-7.127,-69.82,-14.22,-1.195,-23.63,9.241,9.33,-21.7,20.32,9.825,18.04,6.062,29.01,-98.27,-10.75,7.033,-98.7,-14.1,7.124,-152.7,-4.52,17.35,-76.62,-3.092,-0.7162,-82.7,1.286,-0.3559,-81.14,16.51,-1.802,-79.56,-25.96,-2.543,-86.38,-6.268,-0.02291,-74.64,27.66,2.968,-74.99,4.083,-1.352,-81.92,-16.28,12.62,-202.6,-104.5,-131.3,-236.3,-15.63,-213.4,-50.31,-410.2,78.12,-147.9,-624,-184.6,-236.3,-190.4,124.5,-373.5,-256.4,-82.52,-239.7,-383.8,-9.765,-298.8,-157.2,-24.91,-261.7,-126.5,-146,-230,8.312,44.91,-72.23,-19.07,-16.6,11.36,9.794,-4.919,-236.3,21.47,56.15,584.4,615.7,-221.7,1415,150.3,-691.9,0.4518,-0.05213,0.87,0.1956,-0.5859,0.1683,0.7407,-0.3718,0.1746,0.4797,-0.4195,0.1163,-0.5091,-0.5002,-0.5823,-0.6766,-0.2294,-0.6234,-0.474,-0.5028,-0.6107,0.7336,-0.1306,0.6607,0.6179,-0.05103,0.7825,0.5351,-0.5718,0.3457,0.3684,-0.7,0.5007,0.007507,-0.2911,0.03717,-0.6639,-0.3583,-0.3706,-0.5969,-0.4768,-0.49,-0.19,-0.3582,-0.2135
5.3,4.467,-0.5362,5.881,11.25,-0.143,6.784,11.44,-3.228,27.44,2.728,27.42,1.408,1.088,-2.337,-45.73,-27.69,3.211,2.027,8.533,-1.609,48.29,36.04,15.08,25.53,-1.93,0.7972,-1.729,6.639,43.4,20.88,20.5,-20.39,-1.494,11.83,5.904,-7.951,-69.92,-14.22,-1.193,-23.73,9.29,9.419,-21.75,20.57,9.933,18.22,6.114,29.34,-98.15,-10.79,7.033,-98.56,-14,7.12,-152.6,-4.519,17.11,-76.93,-3.066,-0.6608,-82.85,1.381,-0.2681,-81.12,16.52,-1.698,-79.55,-26.85,-2.532,-86.38,-6.568,-0.1091,-75.53,26.84,2.271,-75.8,5.98,-0.8699,-83.69,-14.39,12.99,-193.8,-103,-134.8,-227.5,-18.07,-210,-42.5,-415.5,64.45,-148.4,-638.7,-174.8,-230.5,-224.1,111.3,-370.1,-256.8,-79.59,-239.3,-382.3,-15.62,-288.1,-105.5,-34.18,-243.7,-122.6,-127,-237.3,-2.918,-8.792,-75.69,69.32,21.01,-2.339,38.56,9.223,-128.9,-117.2,175.8,570.8,769,-285.7,1099,661.1,-839.3,0.4519,-0.0517,0.8702,0.1953,-0.5852,0.168,0.7411,-0.3718,0.1721,0.4805,-0.4182,0.1135,-0.5093,-0.4997,-0.5829,-0.6772,-0.2297,-0.6224,-0.4749,-0.5013,-0.6105,0.7341,-0.1283,0.6607,0.6187,-0.04963,0.782,0.5352,-0.5711,0.3463,0.364,-0.7019,0.5045,0.007996,-0.2936,0.03711,-0.6606,-0.3622,-0.3762,-0.6015,-0.4739,-0.4767,-0.1892,-0.3462,-0.1969
5.31,4.532,-0.5813,5.676,11.29,-0.1999,7.034,11.56,-3.098,27.54,2.764,27.52,1.417,1.095,-2.374,-45.8,-27.51,3.164,2.084,8.586,-1.46,48.12,36.02,15,24.55,-1.902,1.155,-1.965,5.82,44.3,18.26,21.08,-20.62,-1.481,11.93,5.965,-8.485,-70.04,-14.23,-1.2,-23.77,9.339,9.494,-21.74,20.74,10.02,18.39,6.166,29.6,-98.08,-10.81,7.025,-98.47,-13.88,7.109,-152.5,-4.511,16.86,-77.3,-3.035,-0.6028,-83,1.488,-0.1701,-81,16.55,-1.497,-79.44,-27.72,-2.609,-86.39,-6.866,-0.1364,-76.6,26.03,1.502,-76.76,7.783,-0.5491,-85.26,-12.78,13.31,-174.3,-82.03,-108.4,-214.4,-24.41,-209,-30.76,-430.2,28.81,-145.5,-646,-156.2,-227,-256.8,79.59,-369.6,-268.1,-70.32,-248.5,-388.7,-16.11,-297.8,-68.86,-68.37,-206.1,-93.25,-133.8,-300.8,-6.853,21.96,-62.54,222.6,31.71,-6.013,39.02,-71.32,-18.08,-273,221.2,418,794,-240.7,844.8,1055,-861.9,0.4518,-0.05127,0.8704,0.1951,-0.5846,0.1675,0.7412,-0.3718,0.1703,0.481,-0.4175,0.1111,-0.5096,-0.4994,-0.5833,-0.6779,-0.2302,-0.6212,-0.476,-0.4998,-0.6102,0.7347,-0.1257,0.6608,0.6195,-0.04816,0.7815,0.5354,-0.5699,0.3473,0.3595,-0.7044,0.5076,0.007996,-0.2962,0.03723,-0.6564,-0.3665,-0.3813,-0.6045,-0.4717,-0.4637,-0.1887,-0.3361,-0.182
5.32,4.558,-0.6241,5.473,11.36,-0.2544,7.292,11.58,-2.977,27.64,2.822,27.63,1.449,1.085,-2.422,-45.96,-27.42,3.074,2.118,8.611,-1.352,48.05,36.07,14.94,23.65,-1.905,1.46,-2.13,5.096,45.26,15.83,21.75,-21.14,-1.467,12.32,5.964,-8.67,-70.16,-14.24,-1.218,-23.73,9.395,9.569,-21.68,20.8,10.1,18.54,6.222,29.74,-98.1,-10.79,7.027,-98.48,-13.74,7.107,-152.5,-4.478,16.64,-77.67,-2.983,-0.5594,-83.17,1.574,-0.08659,-80.97,16.57,-1.363,-79.42,-28.66,-2.662,-86.41,-7.139,-0.1484,-77.57,25.26,0.849,-77.64,9.432,-0.3719,-86.36,-11.63,13.74,-164.5,-49.81,-116.7,-190.4,-13.18,-225.1,-13.66,-430.7,9.771,-123.5,-648.4,-143.6,-215.3,-274.4,66.89,-347.2,-265.1,-53.23,-238.3,-389.2,-7.819,-291.5,-19.53,-59.58,-160.7,-32.72,-128.4,-297.8,-27.32,-95.7,-88.38,214.4,-102.5,12.7,28.77,-26.9,83.51,-375,88.4,208.9,694.9,-123.1,681.1,1154,-904.8,0.4517,-0.0509,0.8707,0.195,-0.5841,0.1668,0.7413,-0.3717,0.1692,0.4813,-0.4174,0.1094,-0.5096,-0.4995,-0.5831,-0.6786,-0.2308,-0.6198,-0.477,-0.4986,-0.6097,0.7355,-0.1231,0.6607,0.6202,-0.04669,0.7811,0.5362,-0.5686,0.3485,0.3549,-0.7066,0.5113,0.007935,-0.2984,0.03748,-0.6521,-0.3711,-0.3857,-0.6066,-0.4693,-0.4522,-0.1903,-0.329,-0.1712
5.33,4.476,-0.6809,5.265,11.5,-0.3337,7.564,11.5,-2.863,27.77,2.926,27.75,1.525,1.086,-2.498,-46.19,-27.45,2.959,2.124,8.623,-1.28,48.08,36.18,14.91,22.9,-1.904,1.739,-2.387,4.519,46.22,13.7,22.46,-21.93,-1.485,12.92,6.051,-8.443,-70.27,-14.28,-1.272,-23.62,9.454,9.634,-21.57,20.78,10.17,18.66,6.276,29.79,-98.25,-10.74,7.035,-98.61,-13.58,7.111,-152.5,-4.416,16.43,-78.06,-2.881,-0.5335,-83.34,1.601,-4.32E-04,-80.85,16.57,-1.195,-79.3,-29.61,-2.739,-86.45,-7.391,-0.1408,-78.37,24.56,0.3238,-78.39,10.86,-0.2271,-86.9,-10.98,14.34,-143.1,-6.344,-108.4,-170.4,-11.24,-236.3,0.4905,-431.6,-10.25,-73.24,-657.7,-151.4,-204.1,-278.8,62.5,-326.2,-269.5,-60.06,-221.2,-403.3,-14.16,-271.5,10.26,-103,-80.57,0.9764,-140.6,-275.4,-39.08,-89.86,-99.61,84.94,-46.38,9.354,8.722,15.06,69.84,-418.5,-140.6,164,666,-131.8,886.7,955.6,-874,0.4514,-0.05078,0.8711,0.1951,-0.5838,0.1661,0.7413,-0.3715,0.169,0.4814,-0.4178,0.1083,-0.5092,-0.5,-0.5824,-0.6792,-0.2316,-0.6183,-0.4779,-0.4978,-0.609,0.7365,-0.1205,0.6604,0.6205,-0.04517,0.781,0.5368,-0.5674,0.3497,0.3499,-0.7091,0.5146,0.007752,-0.3005,0.03784,-0.6477,-0.3757,-0.3893,-0.6084,-0.467,-0.4422,-0.1945,-0.3251,-0.165
5.34,4.243,-0.7099,5.016,11.72,-0.4419,7.864,11.33,-2.784,27.89,3.085,27.87,1.636,1.084,-2.616,-46.48,-27.61,2.847,2.085,8.626,-1.236,48.19,36.35,14.95,22.31,-1.896,1.892,-2.746,4.165,47.18,11.94,23.18,-22.78,-1.544,13.56,6.245,-7.93,-70.38,-14.33,-1.359,-23.47,9.519,9.678,-21.44,20.68,10.21,18.72,6.318,29.74,-98.51,-10.65,7.06,-98.87,-13.41,7.133,-152.6,-4.306,16.26,-78.49,-2.709,-0.5217,-83.52,1.545,0.05243,-80.64,16.56,-1.027,-79.07,-30.59,-2.872,-86.51,-7.658,-0.1222,-78.94,23.92,0.01099,-78.94,11.99,-0.0584,-86.99,-10.7,15.01,-110.9,2.442,-88.38,-141.6,-4.888,-216.3,20,-409.2,-17.09,-27.34,-655.8,-154.3,-179.7,-264.6,61.03,-299.8,-276.4,-62.99,-202.6,-403.8,6.342,-231,34.18,-159.2,-19.05,10.26,-115.2,-255.4,-23.92,-87.89,-23.46,24.4,-124.5,-27.73,18.98,68.4,-37.59,-369.1,-313,112.3,718.8,-198.7,1209,661.1,-1121,0.4511,-0.05084,0.8716,0.1956,-0.5835,0.1655,0.7414,-0.3712,0.1697,0.4812,-0.4184,0.108,-0.5087,-0.5011,-0.5809,-0.6799,-0.2326,-0.6168,-0.4787,-0.4975,-0.6078,0.7379,-0.1177,0.6595,0.6202,-0.04382,0.7814,0.5373,-0.5665,0.3509,0.3443,-0.7121,0.5176,0.007507,-0.3027,0.03839,-0.6436,-0.3805,-0.3917,-0.6101,-0.4652,-0.434,-0.2001,-0.3234,-0.163
5.35,3.855,-0.7322,4.762,11.93,-0.5381,8.169,11.04,-2.712,27.96,3.227,27.94,1.714,1.024,-2.737,-46.86,-27.87,2.742,2.007,8.646,-1.235,48.43,36.58,15.08,21.92,-1.893,1.897,-3.139,4.171,48.16,10.59,23.89,-23.43,-1.596,13.93,6.454,-7.34,-70.52,-14.32,-1.443,-23.26,9.606,9.703,-21.28,20.48,10.22,18.7,6.33,29.61,-98.91,-10.53,7.103,-99.25,-13.22,7.174,-152.7,-4.145,16.11,-78.94,-2.497,-0.5252,-83.72,1.371,0.09275,-80.42,16.52,-0.8667,-78.83,-31.6,-3,-86.56,-7.978,-0.09166,-79.14,23.35,0.002747,-79.16,12.77,0.2255,-86.72,-10.55,15.53,-92.78,-48.34,-124,-111.8,-0.981,-217.3,44.42,-389.2,-27.35,4.396,-652.8,-155.3,-148,-242.7,46.38,-259.3,-280.3,-73.24,-166.5,-399.9,18.07,-159.7,45.89,-148.4,6.834,-3.905,-45.41,-245.1,-23.92,-163.6,116.2,18.57,-179.2,-74.83,43,136.2,-118.7,-286.6,-397,67.91,821.3,-231,1253,481.4,-1115,0.4511,-0.05085,0.8719,0.1966,-0.5834,0.165,0.7412,-0.3709,0.1713,0.4809,-0.4192,0.1087,-0.5077,-0.5027,-0.5788,-0.6805,-0.2338,-0.615,-0.4794,-0.4978,-0.6061,0.7396,-0.1149,0.6585,0.6191,-0.04242,0.7824,0.5379,-0.5656,0.3521,0.3383,-0.7151,0.5206,0.007141,-0.3053,0.039,-0.64,-0.3858,-0.3929,-0.6125,-0.4638,-0.428,-0.2054,-0.3221,-0.1642
5.36,3.467,-0.7381,4.576,12.05,-0.6457,8.447,10.66,-2.652,27.99,3.374,27.98,1.781,0.9625,-2.868,-47.25,-28.24,2.685,1.897,8.666,-1.267,48.75,36.79,15.25,21.66,-1.923,1.736,-3.463,4.556,49.14,9.602,24.54,-23.8,-1.607,13.96,6.597,-6.824,-70.63,-14.3,-1.541,-23.01,9.695,9.711,-21.1,20.2,10.2,18.58,6.287,29.39,-99.38,-10.38,7.152,-99.72,-13.01,7.221,-152.9,-3.932,16,-79.34,-2.353,-0.5257,-83.93,1.127,0.1223,-80.28,16.46,-0.7755,-78.67,-32.64,-3.055,-86.62,-8.37,-0.03492,-78.93,22.84,0.3147,-79.02,13.24,0.6217,-86.21,-10.41,15.84,-83.02,-107.9,-149.4,-112.8,10.74,-195.8,53.22,-376,-21.97,15.62,-642.6,-160.2,-124.5,-216.8,31.74,-231.9,-287.6,-71.28,-129.9,-399.9,18.56,-64.45,33.69,-81.05,11.23,-32.72,11.71,-188.5,-42,-150.4,203.2,53.7,-126,-22.05,48.36,81.47,-135.3,-220.7,-261.7,-15.58,788.6,-277.9,1171,402.3,-1138,0.4513,-0.05109,0.8721,0.1981,-0.5834,0.1648,0.7411,-0.3707,0.1738,0.4804,-0.42,0.1105,-0.5066,-0.5047,-0.5763,-0.681,-0.2351,-0.6132,-0.4799,-0.4987,-0.6039,0.7408,-0.1124,0.6578,0.6175,-0.04102,0.7838,0.5392,-0.5646,0.3537,0.3324,-0.7176,0.5243,0.00647,-0.3085,0.03961,-0.6368,-0.3917,-0.3926,-0.6159,-0.4624,-0.4242,-0.2095,-0.3202,-0.1676
5.37,3.213,-0.6889,4.514,12.03,-0.7323,8.588,10.19,-2.636,28,3.507,27.99,1.876,0.8274,-2.966,-47.67,-28.64,2.671,1.751,8.682,-1.324,49.17,36.97,15.42,21.46,-1.904,1.465,-3.749,5.149,50.15,8.947,25.2,-23.84,-1.588,13.76,6.695,-6.4,-70.75,-14.26,-1.609,-22.74,9.796,9.693,-20.92,19.84,10.16,18.36,6.197,29.08,-99.9,-10.2,7.184,-100.2,-12.82,7.252,-153.2,-3.694,15.91,-79.61,-2.327,-0.5054,-84.13,0.8984,0.1127,-80.19,16.4,-0.6857,-78.6,-33.71,-3.033,-86.67,-8.779,0.05674,-78.52,22.38,0.7769,-78.67,13.43,1.047,-85.6,-10.22,15.96,-74.72,-145.5,-169.9,-132.3,10.74,-157.2,38.57,-388.2,3.414,17.59,-616.7,-166.5,-106.4,-200.2,35.15,-214.8,-285.6,-83.49,-93.25,-391.1,37.11,11.25,-13.67,10.26,-46.87,-151.4,0.4794,-187.5,-168,-91.79,85,2.447,-38.55,113.9,-4.438,-64.87,-91.78,-242.7,-119.6,-32.19,697.3,-216.3,801.7,359.4,-1111,0.4516,-0.05109,0.8722,0.2,-0.5835,0.1647,0.7407,-0.3706,0.1771,0.4796,-0.4208,0.1135,-0.5055,-0.5066,-0.5735,-0.6814,-0.2366,-0.6112,-0.4803,-0.5002,-0.6014,0.7412,-0.1106,0.6578,0.616,-0.03992,0.7852,0.5409,-0.5633,0.3555,0.3264,-0.7196,0.5285,0.005494,-0.3118,0.04029,-0.6339,-0.3977,-0.3916,-0.6195,-0.4613,-0.4223,-0.2124,-0.3177,-0.1719
5.38,3.187,-0.5733,4.565,11.84,-0.793,8.571,9.65,-2.612,27.94,3.584,27.94,1.943,0.5969,-3.015,-48.18,-29,2.681,1.595,8.711,-1.399,49.7,37.08,15.56,21.18,-1.838,1.2,-4.079,5.916,51.22,8.578,25.97,-23.74,-1.597,13.44,6.807,-6.119,-70.93,-14.18,-1.629,-22.44,9.902,9.647,-20.73,19.41,10.08,18.04,6.085,28.7,-100.4,-10.02,7.2,-100.7,-12.61,7.266,-153.5,-3.433,15.82,-79.76,-2.432,-0.4498,-84.34,0.7624,0.0627,-80.07,16.4,-0.5742,-78.5,-34.78,-3.006,-86.72,-9.072,0.1713,-77.93,21.94,1.253,-78.15,13.36,1.483,-84.97,-10.16,16.02,-55.19,-136.2,-183.1,-154.3,2.444,-131.8,26.38,-390.6,12.21,4.396,-592.3,-174.8,-92.28,-182.6,37.6,-190.4,-261.7,-63.96,-62.97,-375.5,37.11,56.65,-43.95,50.77,-115.7,-232.9,-82.03,-193.4,-255.4,-23.93,-173.8,-10.23,113.3,145.7,-35.65,-354,-42,-279.3,43.96,11.72,585.4,-97.67,415,382.4,-1080,0.4522,-0.0506,0.8722,0.2021,-0.5839,0.1646,0.7403,-0.3705,0.1813,0.4788,-0.4215,0.1176,-0.5042,-0.5085,-0.5707,-0.6818,-0.2382,-0.6091,-0.4804,-0.502,-0.5984,0.7408,-0.1093,0.6586,0.6151,-0.03913,0.786,0.5429,-0.5616,0.3571,0.3203,-0.7217,0.5326,0.004395,-0.3141,0.0409,-0.6315,-0.4029,-0.3909,-0.623,-0.4605,-0.4222,-0.2147,-0.316,-0.1767
5.39,3.312,-0.4406,4.67,11.59,-0.7921,8.428,9.095,-2.594,27.81,3.622,27.81,1.999,0.2999,-3.022,-48.69,-29.27,2.74,1.439,8.73,-1.462,50.26,37.11,15.62,20.8,-1.692,0.9448,-4.281,6.844,52.35,8.406,26.95,-23.75,-1.508,13.12,6.835,-6.028,-71.16,-14.07,-1.61,-22.17,9.991,9.549,-20.58,18.96,9.948,17.63,5.945,28.25,-100.9,-9.83,7.189,-101.2,-12.4,7.253,-153.9,-3.175,15.71,-79.84,-2.58,-0.4166,-84.52,0.7318,-0.036,-80.07,16.43,-0.4695,-78.57,-35.88,-2.869,-86.81,-9.174,0.2466,-77.17,21.49,1.717,-77.45,13.09,1.913,-84.36,-10.39,16.13,-52.26,-114.7,-177.3,-157.7,-30.76,-106.9,15.63,-388.2,35.65,-2.931,-586.4,-182.1,-113.8,-168.5,60.06,-189,-233.9,-59.08,-48.81,-368.7,39.55,23.43,-57.62,28.81,-152.3,-209.5,-140.1,-249.5,-329.1,-41.52,-534.7,-89.84,-74.23,180.7,43,-237.8,3.418,-222.7,167,16.61,509.8,21.52,193.4,553.3,-976.1,0.4531,-0.04968,0.8721,0.2044,-0.5846,0.1649,0.74,-0.3705,0.1861,0.4779,-0.4223,0.1226,-0.5031,-0.5101,-0.5681,-0.682,-0.2401,-0.6068,-0.4803,-0.504,-0.5953,0.74,-0.1085,0.6596,0.615,-0.03882,0.7862,0.5445,-0.56,0.3584,0.3144,-0.723,0.5376,0.003906,-0.3149,0.04175,-0.6299,-0.4069,-0.3911,-0.6266,-0.4597,-0.4237,-0.2171,-0.3168,-0.1817
5.4,3.403,-0.3203,4.824,11.42,-0.7447,8.209,8.557,-2.557,27.63,3.636,27.62,2.066,-0.02461,-2.995,-49.15,-29.46,2.827,1.308,8.723,-1.529,50.82,37.04,15.62,20.38,-1.522,0.7314,-4.526,7.917,53.41,8.412,28.05,-23.95,-1.504,13,6.91,-6.11,-71.4,-13.98,-1.567,-21.99,10.05,9.393,-20.52,18.49,9.756,17.14,5.798,27.73,-101.3,-9.659,7.153,-101.6,-12.2,7.214,-154.4,-2.938,15.59,-79.86,-2.649,-0.421,-84.7,0.7426,-0.1638,-80.03,16.44,-0.3599,-78.6,-36.93,-2.766,-86.91,-9.112,0.3623,-76.27,21.04,2.15,-76.61,12.63,2.322,-83.79,-10.99,16.52,-68.83,-82.52,-127.9,-165.5,-66.4,-88.38,5.36,-375.5,62.5,3.897,-570.3,-182.6,-137.2,-164.6,73.73,-214.4,-203.1,-49.31,-68.36,-376,54.19,-85.45,-82.52,-25.89,-133.8,-123.5,-166.5,-262.2,-223.6,-87.41,-760.8,-141.6,-82.51,44.1,40.55,-81.47,-20.51,-191.4,246.6,2.389,500.5,75.19,244.7,636.3,-840.8,0.454,-0.04853,0.8721,0.2069,-0.5855,0.1657,0.7397,-0.3704,0.1916,0.4771,-0.4231,0.1284,-0.5021,-0.5113,-0.5658,-0.6823,-0.242,-0.6045,-0.48,-0.5059,-0.5921,0.7396,-0.1084,0.6601,0.6151,-0.03876,0.7863,0.5464,-0.5582,0.3601,0.3087,-0.7243,0.5421,0.003235,-0.3143,0.04273,-0.629,-0.4099,-0.3922,-0.6303,-0.4589,-0.4267,-0.2214,-0.3206,-0.1866
5.41,3.305,-0.2322,4.999,11.42,-0.6339,7.951,8.024,-2.509,27.41,3.655,27.41,2.168,-0.3668,-2.946,-49.57,-29.59,2.92,1.202,8.722,-1.585,51.41,36.91,15.57,20.02,-1.334,0.5293,-4.759,9.112,54.35,8.584,29.16,-24.29,-1.553,13.17,6.995,-6.303,-71.67,-13.91,-1.502,-21.86,10.09,9.194,-20.52,18.01,9.521,16.56,5.655,27.16,-101.7,-9.484,7.1,-102,-11.97,7.159,-154.9,-2.712,15.44,-79.86,-2.582,-0.4877,-84.88,0.6978,-0.3173,-80.01,16.35,-0.271,-78.64,-37.97,-2.683,-87.04,-9.022,0.5129,-75.26,20.58,2.573,-75.67,12.01,2.723,-83.25,-11.88,17.24,-80.09,-62.99,-76.16,-177.7,-92.77,-75.19,4.379,-338.4,74.71,0,-545.9,-177.7,-145.5,-156.7,77.15,-227.5,-166,-39.55,-99.6,-373,65.43,-184.6,-108.4,-74.21,-82.51,-84.47,-185.6,-177.2,-39.57,-141.6,-564.5,-46.86,-126.5,-38.42,111.9,66.86,-75.68,-105.9,272.5,-18.09,488.7,106,343.2,562.1,-783.7,0.4547,-0.04712,0.8721,0.2097,-0.5867,0.1672,0.7394,-0.3706,0.1978,0.4765,-0.4239,0.1351,-0.5011,-0.5123,-0.5637,-0.6827,-0.2436,-0.6019,-0.4796,-0.5078,-0.5888,0.74,-0.1088,0.6596,0.6148,-0.03882,0.7866,0.5486,-0.5564,0.3625,0.3032,-0.7256,0.5464,0.00238,-0.3134,0.04401,-0.6286,-0.4121,-0.3938,-0.6339,-0.4582,-0.4308,-0.2284,-0.327,-0.1913
5.42,3.097,-0.1906,5.159,11.48,-0.4733,7.709,7.478,-2.437,27.15,3.666,27.14,2.258,-0.7049,-2.89,-49.92,-29.73,3.01,1.115,8.695,-1.635,52.02,36.78,15.42,19.69,-1.172,0.3724,-4.9,10.32,55.21,8.905,30.27,-24.75,-1.597,13.81,7.011,-6.789,-71.94,-13.8,-1.429,-21.81,10.11,8.968,-20.59,17.49,9.26,15.9,5.5,26.54,-102.1,-9.292,7.038,-102.4,-11.71,7.094,-155.3,-2.489,15.24,-79.89,-2.428,-0.607,-85.08,0.6286,-0.4746,-80.11,16.13,-0.2519,-78.81,-39.05,-2.514,-87.18,-8.976,0.7191,-74.25,20.13,2.935,-74.74,11.24,3.091,-83.03,-13.01,18.52,-67.37,-42.97,-41.01,-183.6,-100.1,-62.01,-5.851,-299.3,109.9,-24.41,-503.9,-158.7,-134.8,-127.9,69.34,-220.2,-157.7,-25.39,-90.82,-331,79.11,-240.7,-133.3,-115.2,-89.35,-122.6,-137.2,-50.3,179.7,-97.67,-59.08,63.99,-127,-119.6,78.2,135.3,-129.4,-49.83,353,-29.35,493.2,86.39,740.7,-3399,-1409,0.4557,-0.04566,0.872,0.2129,-0.5879,0.1694,0.7389,-0.3708,0.2045,0.4759,-0.4247,0.1425,-0.5003,-0.5133,-0.5615,-0.6833,-0.2451,-0.5992,-0.4792,-0.5095,-0.5854,0.7409,-0.1093,0.6587,0.6143,-0.03882,0.7871,0.551,-0.555,0.3659,0.2978,-0.7264,0.5514,0.001038,-0.3129,0.04547,-0.6289,-0.4134,-0.3961,-0.637,-0.458,-0.4356,-0.239,-0.3358,-0.1932
5.43,2.926,-0.1827,5.29,11.51,-0.3069,7.532,6.987,-2.34,26.79,3.664,26.78,2.336,-1.011,-2.826,-50.14,-29.89,3.115,1.04,8.631,-1.672,52.55,36.69,15.16,19.32,-1.054,0.2793,-5.054,11.32,56,9.402,31.25,-24.53,-1.612,11.59,7.042,-7.945,-72.2,-13.67,-1.353,-21.87,10.09,8.691,-20.77,16.99,8.949,15.21,5.337,25.86,-102.5,-9.084,6.969,-102.8,-11.41,7.021,-155.8,-2.271,14.99,-79.97,-2.276,-0.724,-85.3,0.5971,-0.5985,-80.21,15.85,-0.2448,-78.98,-40.13,-2.311,-87.32,-9.041,0.9351,-73.48,19.69,3.172,-74.04,10.3,3.492,-83.7,-13.55,17.09,-28.82,-53.71,0.9675,-154.3,-74.22,-42,-15.63,-252.4,138.7,-28.31,-465.3,-135.7,-90.81,-78.61,49.8,-197.8,-182.6,-31.25,-50.79,-303.2,79.11,-230.5,-179.7,-134.3,-99.62,-140.1,-83.01,51.78,356.4,-112.8,314,54.71,-31.71,-56.13,48.81,141.6,-143.5,-15.12,367.2,-323.3,323.7,-283.2,3705,-2984,918.5,0.4569,-0.04425,0.8718,0.2164,-0.5893,0.1726,0.7384,-0.3712,0.2116,0.4752,-0.4257,0.1505,-0.4994,-0.5142,-0.5591,-0.6841,-0.2462,-0.5964,-0.479,-0.5109,-0.582,0.7418,-0.1094,0.6578,0.6142,-0.03851,0.7873,0.5532,-0.5537,0.3695,0.2922,-0.727,0.5565,-4.88E-04,-0.3132,0.04694,-0.6298,-0.414,-0.399,-0.6388,-0.46,-0.4399,-0.2246,-0.3411,-0.1907
5.44,2.976,-0.2018,5.284,11.45,-0.1555,7.464,6.578,-2.231,26.43,3.736,26.41,2.503,-1.242,-2.777,-50.25,-30.11,3.211,0.9769,8.496,-1.708,52.99,36.67,14.83,18.83,-0.9419,0.1891,-5.252,11.27,56.78,9.873,32.15,-23.27,-1.687,6.905,7.149,-8.693,-72.45,-13.59,-1.288,-22.04,10.01,8.386,-21.04,16.51,8.615,14.53,5.174,25.12,-102.9,-8.836,6.888,-103.2,-11.05,6.935,-156.2,-2.058,14.69,-80.16,-2.262,-0.8137,-85.48,0.6538,-0.6747,-80.21,15.57,-0.1818,-79.07,-41.19,-2.153,-87.47,-9.191,1.196,-73.76,19.27,3.072,-74.4,9.417,4.126,-84.98,-13,13.16,53.22,-57.62,64.93,-106,-38.57,-36.14,3.889,-213.9,129.4,11.22,-439.9,-117.2,-12.69,-55.66,42.97,-140.1,-203.1,-41.99,-4.896,-273.4,83.5,-153.3,-167,-136.7,-31.73,-167.5,-29.79,50.3,419,-47.36,536.6,16.62,9.762,-81.18,1.53,146.9,-145,-11.75,327.2,-93.27,-201.7,-315.4,3992,2895,-706.5,0.4577,-0.04291,0.8718,0.22,-0.5908,0.1766,0.7376,-0.3719,0.2188,0.4743,-0.4271,0.1586,-0.4985,-0.5151,-0.5564,-0.6852,-0.2472,-0.5932,-0.4792,-0.5118,-0.5785,0.742,-0.1088,0.6578,0.6146,-0.03809,0.7871,0.5545,-0.5528,0.3728,0.2863,-0.7279,0.5611,-0.002441,-0.3143,0.04852,-0.6321,-0.4136,-0.4027,-0.6375,-0.4684,-0.4385,-0.1881,-0.3374,-0.1848
5.45,3.212,-0.2169,5.111,11.25,-0.0157,7.48,6.211,-2.127,26,3.83,25.98,2.691,-1.405,-2.729,-50.28,-30.38,3.262,0.9042,8.316,-1.735,53.38,36.73,14.5,18.27,-0.8059,0.02541,-5.41,11.14,57.64,10.56,32.95,-17.79,-1.738,3.069,7.293,-7.793,-72.68,-13.5,-1.231,-22.27,9.863,8.06,-21.36,16.01,8.262,13.87,5.019,24.31,-103.4,-8.561,6.793,-103.7,-10.67,6.836,-156.6,-1.851,14.36,-80.4,-2.39,-0.8789,-85.56,0.7595,-0.7322,-80.14,15.33,-0.08432,-79.11,-42.29,-1.992,-87.6,-9.468,1.455,-74.02,18.81,3.031,-74.76,8.274,4.851,-84.12,-8.712,9.178,143.6,-83.5,124,37.6,27.35,-23.93,88.88,-149.9,96.19,84.46,-434.6,-81.54,98.15,-24.41,22.46,-24.4,-228,-48.34,93.73,-243.2,80.57,-66.89,-115.7,-41.01,106,-94.23,104,46.86,447.7,-71.77,595.7,-45.42,-58.57,-140,27.85,310,-57.11,-162.6,292.5,785.2,-906.8,-447.7,-2494,3591,2273,0.4585,-0.04169,0.8717,0.2234,-0.5923,0.1813,0.7364,-0.3731,0.2261,0.4731,-0.429,0.1668,-0.4976,-0.516,-0.5535,-0.6863,-0.2481,-0.59,-0.4795,-0.5124,-0.5752,0.7415,-0.1075,0.6588,0.6153,-0.03809,0.7866,0.5552,-0.5522,0.3755,0.28,-0.729,0.5656,-0.004517,-0.3164,0.04999,-0.6354,-0.4127,-0.4068,-0.6357,-0.4782,-0.4377,-0.1605,-0.2991,-0.1916
5.46,3.394,-0.2157,4.779,11.03,0.1226,7.543,5.898,-2,25.49,3.921,25.45,2.898,-1.468,-2.645,-50.27,-30.69,3.232,0.7962,8.1,-1.802,53.75,36.86,14.29,17.74,-0.5982,-0.1753,-5.447,10.64,58.64,11.37,33.56,-13.7,-1.74,3.162,7.414,-6.487,-72.88,-13.4,-1.172,-22.51,9.606,7.726,-21.69,15.45,7.904,13.26,4.879,23.44,-103.9,-8.271,6.655,-104.1,-10.26,6.693,-157,-1.634,14.01,-80.66,-2.514,-0.9391,-85.49,0.8164,-0.7937,-80.05,15.17,0.05402,-79.17,-43.45,-1.786,-87.71,-9.989,1.726,-74.52,18.34,2.899,-75.33,7.007,5.069,-83.04,-6.026,8.945,204.6,-69.82,84.97,251.5,78.62,-27.35,219.2,-82.53,56.15,209,-454.6,-28.81,228.5,-14.17,-26.86,108.9,-246.6,-62.01,216.8,-225.6,97.67,77.16,-40.05,109.4,125.5,90.82,160.6,124,542,-0.984,742.2,-152.3,-78.59,-215.5,-12.24,538.6,66.42,-357.9,-224.1,1476,-1872,-623.5,-1302,-1943,547.8,0.4594,-0.04059,0.8715,0.226,-0.5939,0.1867,0.7347,-0.3745,0.2338,0.4717,-0.4316,0.1749,-0.4966,-0.5168,-0.5505,-0.6877,-0.2487,-0.5866,-0.4803,-0.5126,-0.5719,0.741,-0.1061,0.6598,0.6157,-0.03888,0.7862,0.5554,-0.5515,0.3776,0.2731,-0.7299,0.5704,-0.006958,-0.3205,0.05127,-0.6396,-0.4109,-0.4118,-0.6307,-0.4878,-0.4397,-0.1634,-0.2754,-0.1977
5.47,3.402,-0.2582,4.469,10.93,0.3099,7.517,5.596,-1.883,24.93,4.011,24.9,3.145,-1.449,-2.496,-50.32,-31.06,3.086,0.6231,7.819,-1.908,54.23,37.04,14.19,17.31,-0.3814,-0.7237,-5.395,9.98,59.8,12.08,33.85,-10.49,-1.667,2.834,7.461,-6.147,-73.06,-13.28,-1.092,-22.65,9.25,7.448,-21.9,14.8,7.604,12.68,4.76,22.49,-104.4,-7.954,6.458,-104.6,-9.824,6.492,-157.3,-1.401,13.64,-80.82,-2.51,-1.048,-85.34,0.8281,-0.856,-79.97,15.07,0.1831,-79.28,-44.72,-1.519,-87.75,-10.94,2.009,-75.12,17.88,3.075,-75.93,5.829,4.462,-82.89,-4.128,7.757,216.3,-6.835,54.69,377,97.18,-65.43,385.3,-7.81,8.299,382.8,-434.6,41.02,334.5,10.26,-77.15,252.9,-264.2,-89.85,331.5,-230.5,115.7,324.7,76.66,214.4,107.4,256.3,222.2,220.2,642.1,-6.348,1208,-113.3,-135.2,-328.7,-30.76,847.7,189,-429.7,-1077,1069,-1765,-437.5,-735.8,-1804,567.4,0.4604,-0.03943,0.8712,0.2276,-0.5954,0.1922,0.7325,-0.3764,0.2419,0.4701,-0.4349,0.1831,-0.4953,-0.5173,-0.5474,-0.689,-0.249,-0.5831,-0.4812,-0.5127,-0.5686,0.7411,-0.1057,0.6598,0.6157,-0.0401,0.7861,0.5551,-0.5511,0.3789,0.2656,-0.7306,0.5758,-0.01001,-0.328,0.052,-0.6451,-0.4102,-0.4148,-0.6224,-0.4942,-0.4461,-0.1551,-0.2588,-0.1989
5.48,3.319,-0.314,4.311,10.92,0.514,7.365,5.24,-1.794,24.41,4.148,24.39,3.483,-1.347,-2.258,-50.48,-31.52,2.84,0.3687,7.478,-2.07,54.88,37.26,14.2,17.1,-0.1695,-1.748,-5.266,9.402,61.16,12.67,33.56,-7.916,-1.42,1.099,7.366,-5.654,-73.2,-13.18,-1.004,-22.62,8.832,7.262,-21.94,14.03,7.397,12.12,4.62,21.47,-105,-7.609,6.164,-105.2,-9.392,6.193,-157.6,-1.167,13.28,-80.8,-2.44,-1.178,-85.17,0.8108,-0.9272,-79.96,15.05,0.2859,-79.54,-46.1,-1.069,-87.69,-12.53,2.3,-75.6,17.54,3.784,-76.45,4.889,3.773,-82.61,-2.625,5.141,179.7,37.11,65.43,335.9,113.8,-41.51,525.9,63.48,-9.277,501,-372.1,75.68,358.9,54.2,-87.4,340.3,-260.7,-91.79,400.4,-249,127,536.6,184.1,144,88.86,247.6,303.2,251,749.5,-72.27,1880,-86.45,-142.6,-549.2,-80.49,1058,388.7,-666,-1208,488.3,-695.3,-4.432,-860.4,1312,771.9,0.4613,-0.03839,0.871,0.228,-0.5965,0.1972,0.7297,-0.3784,0.2503,0.468,-0.4386,0.1915,-0.4938,-0.5175,-0.5442,-0.6903,-0.2489,-0.5798,-0.4821,-0.5129,-0.5653,0.7415,-0.1065,0.6594,0.6155,-0.04151,0.7862,0.5547,-0.5507,0.3794,0.2575,-0.7308,0.5823,-0.01392,-0.3408,0.05194,-0.6499,-0.4132,-0.4129,-0.6146,-0.4987,-0.4522,-0.1347,-0.2443,-0.2045
5.49,3.31,-0.3091,4.345,10.82,0.676,7.131,4.759,-1.769,23.96,4.409,23.93,3.933,-1.238,-2,-50.68,-32.09,2.604,0.0638,7.103,-2.261,55.56,37.46,14.42,17.28,0.06795,-3.006,-5.114,8.19,62.72,13.49,32.49,-6.167,-0.8502,-0.1019,7.139,-3.962,-73.26,-13.13,-0.9369,-22.49,8.427,7.081,-21.89,13.15,7.194,11.6,4.375,20.36,-105.6,-7.222,5.807,-105.8,-8.983,5.833,-158,-0.9381,12.92,-80.64,-2.49,-1.275,-85.05,0.7441,-1.025,-80.01,15.19,0.3946,-80.01,-47.52,-0.4072,-87.62,-14.95,2.479,-76.78,17.56,4.558,-77.76,4.108,3.641,-82.1,-1.789,3.665,122.6,50.29,73.24,259.8,127.4,23.93,578.1,89.36,-27.35,546.9,-293.5,112.8,337.9,122.1,-56.15,345.7,-222.2,-74.22,427.7,-257.3,133.8,580.1,269.5,85.94,100.6,260.8,399.9,301.3,897,-46.88,2503,170.9,-106.4,-841.2,17.14,1169,1157,-519.6,-293,-136.7,-119.6,286.2,646.4,-536.6,466.3,0.4617,-0.03772,0.8708,0.2279,-0.5978,0.2014,0.7261,-0.3808,0.2593,0.4649,-0.4427,0.2003,-0.492,-0.5174,-0.5407,-0.6914,-0.248,-0.577,-0.4827,-0.5134,-0.5617,0.741,-0.1081,0.6596,0.615,-0.04285,0.7865,0.5545,-0.5498,0.3789,0.2491,-0.73,0.5896,-0.01758,-0.3604,0.05151,-0.6513,-0.4204,-0.4049,-0.6059,-0.5087,-0.4516,-0.1239,-0.2357,-0.2108
5.5,3.575,-0.2244,4.484,10.48,0.8039,6.812,4.153,-1.806,23.46,4.827,23.43,4.491,-1.196,-1.777,-50.91,-32.71,2.461,-0.2322,6.77,-2.465,56.18,37.62,14.89,17.91,0.325,-2.904,-4.837,7.387,64.52,15.23,30.54,-3.886,0.08689,-2.797,6.715,-3.021,-73.3,-13.12,-0.8938,-22.33,8.034,6.782,-21.82,12.16,6.87,11.14,3.985,19.15,-106.3,-6.777,5.424,-106.4,-8.575,5.447,-158.4,-0.7294,12.57,-80.35,-2.821,-1.333,-84.91,0.6646,-1.163,-80.2,15.57,0.4657,-80.78,-48.94,0.5611,-87.55,-18.23,2.527,-77.52,18.19,4.132,-78.63,2.998,4.143,-81.92,-0.6582,1.382,188.5,46.87,161.6,241.7,74.22,63.96,527.3,70.31,-22.94,523.4,-217.3,149.4,308.6,170.9,-22.46,307.1,-158.7,-26.37,413.6,-249,144,525.9,247.6,204.6,97.16,197.7,612.3,534.7,913.1,4.888,2521,522.5,-176.8,-713.9,316.5,1096,698.2,-592.8,892.1,912.1,-327.6,20.47,-648.9,1966,1454,0.4619,-0.03729,0.8707,0.227,-0.6001,0.2046,0.7218,-0.3833,0.2688,0.4604,-0.4472,0.2095,-0.4905,-0.5171,-0.5368,-0.6926,-0.2464,-0.5745,-0.4829,-0.5141,-0.5579,0.7388,-0.1101,0.6617,0.6143,-0.0445,0.7869,0.5543,-0.5487,0.3766,0.2409,-0.7281,0.598,-0.02081,-0.3867,0.05084,-0.6462,-0.4218,-0.3999,-0.6006,-0.5198,-0.4503,-0.1058,-0.2245,-0.216
5.51,4.303,-0.07198,4.536,9.851,0.9501,6.504,3.503,-1.837,22.94,5.412,22.91,5.167,-1.237,-1.618,-51.18,-33.28,2.43,-0.4763,6.428,-2.675,56.68,37.73,15.64,18.87,0.6717,-3.069,-4.583,7.046,66.78,17.58,28.06,-2.348,0.8957,-3.179,6.151,-2.681,-73.36,-13.2,-0.847,-22.15,7.626,6.35,-21.76,11.11,6.415,10.77,3.469,17.81,-106.9,-6.288,5.065,-107,-8.118,5.086,-158.9,-0.5085,12.19,-80.1,-3.526,-1.367,-84.73,0.6718,-1.35,-80.34,16.32,0.6078,-81.64,-50.45,1.662,-87.44,-22.15,2.768,-77.74,19.19,4.113,-78.97,1.651,3.844,-81.8,-0.5104,0.6914,391.1,43.95,192.4,327.6,-37.11,76.66,436,26.37,-14.64,510.3,-192.9,157.2,348.2,192.4,-18.56,314,-112.3,-23.93,436.5,-200.7,148.9,425.3,226.6,491.7,149.9,184.1,544.4,717.3,825.2,-9.776,2076,643,-197.8,-728,401.4,1016,658.2,-1087,736.4,2170,-161.1,1227,516.6,1314,1218,0.4613,-0.03668,0.8711,0.2254,-0.6033,0.2072,0.7169,-0.3859,0.2788,0.4543,-0.4525,0.2192,-0.4895,-0.5166,-0.5328,-0.6941,-0.2438,-0.5719,-0.4831,-0.5148,-0.554,0.7345,-0.1116,0.6661,0.6143,-0.04675,0.7868,0.5543,-0.5466,0.372,0.2319,-0.7259,0.6068,-0.02637,-0.4176,0.04993,-0.6476,-0.4182,-0.3942,-0.5935,-0.5263,-0.4565,-0.1003,-0.2227,-0.2182
5.52,5.071,0.01142,4.413,9.336,1.201,6.363,2.872,-1.841,22.39,6.099,22.36,5.917,-1.334,-1.49,-51.44,-33.81,2.479,-0.6677,6.03,-2.872,57.05,37.86,16.55,19.82,1.037,-3.5,-4.533,6.127,69.39,20.04,25.08,-0.7569,1.367,-2.652,5.642,-1.939,-73.43,-13.31,-0.7718,-22,7.199,5.844,-21.7,10.06,5.889,10.5,2.876,16.38,-107.4,-5.74,4.721,-107.6,-7.575,4.738,-159.4,-0.278,11.75,-80.03,-4.163,-1.478,-84.57,0.789,-1.551,-80.28,17.32,0.8269,-82.32,-52.04,2.59,-87.4,-26.66,3.271,-78.6,20.28,4.126,-79.93,0.2818,3.398,-81.91,-0.3567,0.7607,565.9,57.13,215.3,458,-159.7,71.29,452.1,35.16,-20.02,576.6,-205.6,152.3,421.4,185.6,-59.57,414.5,-98.63,-19.53,546.4,-119.6,137.2,235.8,293.5,698.7,231.4,226.1,209.5,917.5,652.9,3.904,1669,576.2,-188.5,-737,529.3,881.4,1173,-478.5,-158.2,1428,143.5,1170,-397.9,-100.1,201.2,0.4605,-0.03583,0.8715,0.2232,-0.6071,0.2095,0.712,-0.3886,0.2889,0.4471,-0.4584,0.2289,-0.489,-0.516,-0.5284,-0.6962,-0.2404,-0.5689,-0.4837,-0.515,-0.5499,0.7306,-0.1124,0.6702,0.6149,-0.04907,0.7861,0.5542,-0.5439,0.3655,0.2222,-0.7246,0.6147,-0.03443,-0.4525,0.04932,-0.6496,-0.4156,-0.3866,-0.5827,-0.5354,-0.4613,-0.1008,-0.2215,-0.2171
5.53,5.237,-0.0172,4.373,9.482,1.546,6.279,2.287,-1.808,21.83,6.84,21.8,6.707,-1.386,-1.357,-51.58,-34.43,2.514,-0.8213,5.501,-3.034,57.35,38.07,17.59,20.69,1.42,-3.61,-4.719,5.701,72.09,22.55,21.64,0.627,1.454,-2.658,5.273,-1.54,-73.41,-13.43,-0.6795,-21.87,6.735,5.347,-21.66,9.012,5.376,10.31,2.272,14.84,-108,-5.161,4.366,-108.1,-6.965,4.38,-159.7,-0.05868,11.21,-79.93,-4.164,-1.733,-84.46,0.9369,-1.789,-80.06,18.49,1.114,-82.76,-53.56,3.266,-87.53,-31.58,4.09,-79.02,21.33,3.928,-80.5,-1.175,3.521,-82,-0.4532,0.8757,441.9,55.17,229,504.9,-235.8,47.37,589.8,115.2,-58.59,690.9,-224.6,157.7,434.1,136.7,-89.35,481,-123.5,-54.69,652.4,-98.16,107.9,371.6,190.4,294.4,219.2,106.9,-47.85,964.8,387.7,-18.57,1160,434.6,-123,-496.1,676.2,536.6,584.4,894,493.7,490.2,295.9,232.4,202.6,180.2,-25.86,0.4597,-0.03522,0.8719,0.2208,-0.6108,0.2121,0.7068,-0.3913,0.299,0.4392,-0.4651,0.2386,-0.4887,-0.5151,-0.5239,-0.6987,-0.2363,-0.5658,-0.485,-0.5142,-0.546,0.7304,-0.1144,0.6702,0.6158,-0.05133,0.7853,0.5543,-0.5406,0.358,0.2126,-0.7243,0.6211,-0.0448,-0.4895,0.04938,-0.6463,-0.4149,-0.3786,-0.5756,-0.5447,-0.4647,-0.1015,-0.2225,-0.2162
5.54,5.099,-0.05239,4.464,10.02,1.968,6.19,1.598,-1.767,21.43,7.683,21.38,7.597,-1.504,-1.153,-51.62,-35.09,2.455,-0.9,4.917,-3.124,57.58,38.42,18.73,21.45,1.831,-3.555,-5.04,5.411,74.75,24.95,17.87,2.102,1.279,-2.518,4.857,-1.216,-73.38,-13.63,-0.5095,-21.81,6.309,4.895,-21.68,7.901,4.912,10.14,1.656,13.26,-108.6,-4.57,3.998,-108.7,-6.333,4.009,-160,0.0767,10.57,-79.84,-3.859,-2.018,-84.47,1.081,-2.052,-79.82,19.75,1.463,-83.19,-54.94,3.827,-87.77,-36.71,5.114,-79.44,22.29,3.564,-80.99,-2.616,3.496,-82.07,-0.4453,0.9848,90.81,89.35,315.9,423.3,-248.5,76.66,657.2,165.5,-52.74,718.3,-207.5,102.5,399.9,94.23,-93.26,469.7,-120.6,-69.34,713.9,-119.1,33.69,427.8,-28.32,-161.1,222.7,-155.3,-104,638.2,136.2,-9.268,633.8,291.5,-16.1,388.2,91.36,412.1,76.18,1339,745.6,-350.1,605.4,-454.1,127.5,-78.6,-228.5,0.4582,-0.03406,0.8724,0.2191,-0.6139,0.2151,0.701,-0.3942,0.3095,0.4309,-0.472,0.2484,-0.4883,-0.5142,-0.5192,-0.7014,-0.2318,-0.5625,-0.4865,-0.5124,-0.5427,0.732,-0.1167,0.6682,0.6167,-0.05316,0.7846,0.5545,-0.5365,0.3502,0.2042,-0.724,0.6266,-0.0564,-0.527,0.04932,-0.6459,-0.4108,-0.3743,-0.5682,-0.5528,-0.4692,-0.1023,-0.2225,-0.2154
5.55,5.111,-0.004516,4.458,10.46,2.358,6.197,0.7291,-1.722,21.17,8.626,21.11,8.576,-1.716,-0.9485,-51.55,-35.75,2.362,-0.8536,4.352,-3.102,57.63,38.88,19.92,21.87,2.229,-3.61,-5.351,4.864,77.29,26.85,14.27,3.531,1.03,-2.62,4.518,-0.5401,-73.41,-13.91,-0.3178,-21.92,5.981,4.438,-21.86,6.708,4.444,9.982,0.9807,11.67,-109.2,-3.967,3.627,-109.3,-5.686,3.636,-160.2,0.09358,9.806,-79.88,-3.712,-2.227,-84.53,1.218,-2.321,-79.65,21.05,1.807,-83.67,-56.16,4.346,-88.27,-41.51,6.235,-80.19,22.89,3.151,-81.79,-3.909,3.647,-82.11,-0.3508,1.021,-112.8,130.9,443.9,344.7,-171.4,121.6,588.4,158.2,3.414,669.9,-138.2,85.93,373.1,82.04,-77.64,426.3,-100.1,-42.48,618.6,-111.8,75.2,273.4,-208.5,-308.1,273.4,-295.4,-48.83,431.2,-277.3,-5.872,188.5,161.6,31.27,223.5,393.1,18.6,-171.9,1272,52.23,-818.4,765.6,-17.08,-8.235,-86.87,-81.51,0.4562,-0.03247,0.8733,0.2188,-0.6167,0.2184,0.6944,-0.3974,0.3206,0.4223,-0.4786,0.2585,-0.4877,-0.5134,-0.5141,-0.7041,-0.2269,-0.5591,-0.488,-0.5093,-0.5398,0.7328,-0.1176,0.6673,0.6176,-0.05475,0.7839,0.5551,-0.5318,0.3425,0.1974,-0.7236,0.6315,-0.06702,-0.5611,0.05011,-0.6495,-0.4053,-0.3737,-0.5603,-0.5624,-0.471,-0.1026,-0.2218,-0.215
5.56,5.34,0.1441,4.282,10.69,2.639,6.264,-0.2058,-1.635,20.91,9.591,20.83,9.562,-2.012,-0.7544,-51.54,-36.42,2.316,-0.6899,3.836,-3.015,57.67,39.46,21.19,21.87,2.621,-3.806,-5.513,4.551,79.79,28.04,10.85,4.691,0.5322,-2.814,4.253,-0.1305,-73.5,-14.21,-0.1189,-22.04,5.692,3.924,-22.05,5.487,3.923,9.824,0.2629,10.07,-109.9,-3.369,3.263,-110,-5.001,3.27,-160.4,0.02109,8.95,-80.03,-3.794,-2.294,-84.53,1.354,-2.541,-79.56,22.43,2.153,-84.36,-57.26,4.993,-89.11,-45.99,7.8,-80.62,23.04,2.985,-82.29,-4.953,3.849,-82.11,-0.2641,1.021,-48.83,111.3,502,330.6,-109.4,140.1,461.9,111.8,53.71,586.4,-89.35,97.17,392.1,125,-86.92,398.4,-107.9,-37.1,577.6,-53.22,59.07,34.19,-251,-134.3,357.9,-256.3,32.23,252.5,-440.9,16.12,-277.8,136.7,35.13,878.3,388.7,324.2,-138.2,1163,-415,-896.5,655.3,-22.97,-21.91,80.54,91.35,0.4541,-0.03058,0.8744,0.2191,-0.6198,0.2219,0.6874,-0.4009,0.3318,0.4133,-0.485,0.2688,-0.4869,-0.513,-0.5087,-0.707,-0.2222,-0.5552,-0.4894,-0.5052,-0.5373,0.7325,-0.1169,0.6679,0.6184,-0.05634,0.7831,0.5563,-0.5263,0.3348,0.1917,-0.7226,0.6365,-0.07892,-0.592,0.05182,-0.6533,-0.4019,-0.375,-0.5549,-0.5696,-0.4726,-0.1027,-0.2211,-0.2149
5.57,5.473,0.3203,4.089,10.96,2.801,6.274,-1.045,-1.472,20.57,10.54,20.46,10.52,-2.252,-0.5678,-51.31,-37.16,2.292,-0.478,3.278,-2.857,57.51,40.17,22.41,21.63,3.009,-3.88,-5.452,4.403,82.15,28.76,8.077,5.588,-0.4492,-2.801,3.87,-0.08431,-73.57,-14.49,0.05711,-22.36,5.354,3.359,-22.42,4.31,3.354,9.688,-0.4305,8.417,-110.7,-2.792,2.884,-110.8,-4.262,2.888,-160.5,-0.07287,7.975,-80.1,-3.798,-2.277,-84.43,1.481,-2.705,-79.59,23.74,2.459,-85.26,-58.27,5.782,-89.97,-49.75,9.777,-80.73,22.94,2.811,-82.42,-5.77,3.925,-82.12,-0.1892,1.104,164.1,102.5,483.9,391.6,-124.5,125,409.7,83.49,44.43,564.5,-35.64,130.9,413.6,131.8,-127,428.2,-132.3,-55.67,583.5,-4.406,37.11,-19.05,-212.4,144,439.5,-66.41,113.3,256.8,-450.2,-104.5,-767.1,176.7,70.32,661.1,417,142,24.91,750.5,-415,-767.5,714.3,-74.22,-29.26,-49.77,102.1,0.452,-0.02893,0.8753,0.2187,-0.6231,0.2254,0.6803,-0.4044,0.3427,0.4042,-0.4917,0.2792,-0.4856,-0.5128,-0.5031,-0.7101,-0.2177,-0.5506,-0.4914,-0.5001,-0.5349,0.7325,-0.1164,0.668,0.6192,-0.05811,0.7824,0.5583,-0.5202,0.328,0.187,-0.7209,0.6417,-0.0932,-0.6168,0.05194,-0.6559,-0.3992,-0.378,-0.5516,-0.5735,-0.4752,-0.1034,-0.2205,-0.2146
5.58,5.304,0.4326,3.986,11.5,2.926,6.125,-1.752,-1.248,20.14,11.41,20.02,11.4,-2.391,-0.3986,-51.2,-38.02,2.253,-0.2297,2.624,-2.608,57.47,41.06,23.48,21.22,3.44,-3.989,-5.464,4.643,84.23,29.25,5.837,6.341,-1.716,-2.729,3.686,-0.5492,-73.62,-14.72,0.2068,-22.53,4.926,2.822,-22.62,3.176,2.816,9.609,-1.072,6.705,-111.6,-2.253,2.51,-111.7,-3.5,2.513,-160.5,-0.1791,6.896,-80,-3.486,-2.292,-84.21,1.619,-2.84,-79.44,24.92,2.855,-85.79,-59.14,6.201,-90.82,-52.83,11.9,-80.29,22.66,2.856,-82.03,-6.538,3.94,-82.14,-0.1734,1.188,311.5,99.12,353,423.8,-182.1,59.58,446.8,101.6,41.01,581,31.25,163.1,443.9,141.1,-169.9,468.3,-157.2,-84.97,632.8,41.5,-6.828,164.1,-87.9,179.2,420.9,131.4,153.3,280.8,-388.2,-96.68,-1005,186,160.2,496.1,122.1,166,223.6,184.1,-265.2,-337.9,801.8,-154.3,32.64,-108.8,23.89,0.4503,-0.02759,0.8761,0.2169,-0.6266,0.2285,0.6735,-0.4077,0.3533,0.395,-0.499,0.2893,-0.4837,-0.5132,-0.4972,-0.7132,-0.2136,-0.5454,-0.4939,-0.494,-0.5326,0.7342,-0.1173,0.6659,0.62,-0.06024,0.7816,0.5609,-0.5139,0.3226,0.1827,-0.7204,0.6451,-0.1079,-0.6363,0.0509,-0.6573,-0.3979,-0.3814,-0.5508,-0.5746,-0.4795,-0.1041,-0.2205,-0.2142
5.59,4.847,0.4014,4.004,12.33,3.071,5.846,-2.402,-1.009,19.71,12.26,19.58,12.26,-2.423,-0.2424,-51.19,-38.97,2.123,0.03147,1.842,-2.301,57.54,42.09,24.37,20.74,3.824,-4.201,-5.604,5.216,85.98,29.61,4.284,7.005,-2.801,-2.665,3.603,-1.355,-73.64,-14.93,0.3144,-22.56,4.465,2.357,-22.66,2.064,2.352,9.593,-1.635,4.935,-112.5,-1.741,2.104,-112.6,-2.75,2.105,-160.4,-0.3137,5.752,-79.74,-2.859,-2.402,-83.96,1.782,-2.933,-79.08,25.93,3.296,-85.92,-59.87,6.314,-91.36,-55.09,13.57,-79.45,22.3,3.177,-81.27,-7.259,3.894,-82.15,-0.1793,1.204,317.9,118.7,281.2,398.9,-235.8,23.44,514.2,142.1,44.92,599.6,101.1,180.7,465.8,106.9,-200.2,498.5,-164.1,-94.73,705.1,28.31,-127.9,429.7,53.23,41.01,406.3,272,99.6,305.2,-235.3,-109.9,-1192,181.6,145,90.2,127,304.7,486.3,-284.2,-324.7,79.05,721.7,-259.7,89.85,53.26,-54.67,0.4488,-0.02667,0.8768,0.2141,-0.6299,0.2309,0.6669,-0.4108,0.3637,0.3857,-0.5069,0.299,-0.4814,-0.5136,-0.4911,-0.716,-0.2102,-0.5397,-0.4968,-0.4871,-0.5305,0.7375,-0.1199,0.6617,0.6209,-0.06232,0.7806,0.5639,-0.508,0.3183,0.1788,-0.7208,0.647,-0.1195,-0.6501,0.04865,-0.6585,-0.3978,-0.3841,-0.5517,-0.5735,-0.4851,-0.1042,-0.2205,-0.2142
5.6,4.255,0.2809,4.063,13.2,3.263,5.547,-3.053,-0.7416,19.22,13.01,19.09,13.01,-2.437,-0.08471,-51.23,-40.04,1.924,0.3471,0.9895,-1.929,57.61,43.23,25.14,20.27,4.186,-4.443,-5.829,5.732,87.41,29.91,3.478,7.652,-3.745,-2.668,3.606,-2.113,-73.6,-15.06,0.4065,-22.49,4.02,1.92,-22.59,0.9689,1.916,9.673,-2.128,3.129,-113.5,-1.268,1.686,-113.6,-2.01,1.686,-160.3,-0.4943,4.548,-79.42,-2.117,-2.58,-83.68,1.925,-3.004,-78.58,26.8,3.774,-85.58,-60.43,5.931,-91.43,-56.46,14.55,-78.63,21.93,3.523,-80.55,-7.913,3.896,-82.14,-0.134,1.199,196.8,141.6,227.5,324.7,-244.6,28.32,521,183.1,48.83,571.3,149.9,193.4,449.7,106,-197.8,518.1,-156.3,-105,632.3,38.09,-85.45,642.1,178.7,-158.7,372.1,325.7,93.26,292.5,-79.58,-88.87,-1086,180.2,106.9,-921.1,-116.1,661.1,532.2,-394.5,-430.7,476.6,319.8,-145.1,-60.58,-35.68,-40.08,0.4478,-0.02612,0.8772,0.2108,-0.6331,0.2327,0.6603,-0.4137,0.3737,0.3762,-0.5153,0.3081,-0.4784,-0.5143,-0.4849,-0.7186,-0.2074,-0.5334,-0.4997,-0.4795,-0.5287,0.7414,-0.1233,0.6567,0.6217,-0.0644,0.7798,0.567,-0.5025,0.3147,0.1757,-0.7225,0.6469,-0.1277,-0.658,0.04529,-0.659,-0.3986,-0.3861,-0.5529,-0.5725,-0.4899,-0.1042,-0.2202,-0.2142
5.61,3.771,0.1497,4.075,13.82,3.441,5.292,-3.738,-0.4789,18.69,13.71,18.55,13.71,-2.479,0.06575,-51.24,-41.17,1.655,0.6818,0.1489,-1.506,57.58,44.4,25.89,20.06,4.46,-4.54,-6.046,5.961,88.48,30.28,3.396,8.224,-4.329,-2.733,3.899,-2.643,-73.53,-15.15,0.4779,-22.42,3.608,1.447,-22.52,-0.1294,1.444,9.856,-2.537,1.3,-114.6,-0.8253,1.25,-114.6,-1.304,1.25,-160.2,-0.6999,3.312,-79.11,-1.588,-2.736,-83.36,1.968,-3.033,-78.04,27.55,4.204,-84.66,-60.75,4.9,-91.25,-56.86,14.75,-78.07,21.74,3.663,-80.07,-8.479,3.963,-82.14,-0.09262,1.195,122.6,150.9,136.2,274.4,-246.6,43.46,453.6,182.1,70.8,521.5,192.4,207,405.8,162.6,-148.4,501.5,-115.7,-93.26,578.6,42.47,-78.12,749,252.4,-317.4,363.3,288.6,125.5,385.7,24.41,-49.8,-703.6,317.4,32.7,-2409,113.7,327.1,321.3,-447.8,-389.2,832.5,-226.1,-134.3,-94.26,-16.16,144.5,0.4472,-0.02588,0.8773,0.2078,-0.6366,0.2343,0.6536,-0.4163,0.3836,0.3667,-0.5244,0.3162,-0.4751,-0.5151,-0.4786,-0.7209,-0.2051,-0.5268,-0.5025,-0.4715,-0.5268,0.744,-0.1265,0.6531,0.6218,-0.06635,0.7794,0.5699,-0.498,0.3112,0.1742,-0.7258,0.6445,-0.1305,-0.6602,0.04315,-0.6587,-0.399,-0.3875,-0.5535,-0.5725,-0.4933,-0.1042,-0.2198,-0.2142
5.62,3.719,0.09921,4.046,13.97,3.544,5.059,-4.42,-0.2398,18.15,14.43,18,14.43,-2.562,0.2017,-51.17,-42.28,1.354,0.9944,-0.6273,-1.037,57.39,45.49,26.63,20.02,4.686,-4.627,-6.424,6.027,89.16,30.74,3.03,8.661,-4.543,-2.61,4.527,-3.05,-73.44,-15.26,0.537,-22.42,3.214,0.9076,-22.49,-1.205,0.9064,10.14,-2.857,-0.5136,-115.6,-0.3978,0.7982,-115.6,-0.6368,0.7984,-160.2,-0.8886,2.053,-78.79,-1.541,-2.787,-83.01,1.964,-3.033,-77.27,28.22,4.705,-83.23,-60.75,3.455,-91.25,-57.2,14.76,-77.65,21.69,3.772,-79.68,-8.986,3.874,-82.14,-0.1399,1.229,113.3,144,113.8,258.3,-207.5,65.91,356.9,157.7,85.94,452.2,201.2,181.6,360.3,209.5,-97.17,472.2,-35.64,-64.94,522.5,45.91,-80.08,519,239.7,-307.1,352.1,209,148,422.4,-9.771,-54.21,-508.3,446.3,-97.67,-1443,243.2,228,135.8,-429.2,-185.5,674.3,-502.9,-148,-41.03,-45.37,45.9,0.4463,-0.02576,0.8775,0.2053,-0.6403,0.2361,0.6467,-0.4191,0.3927,0.3571,-0.5338,0.3234,-0.4719,-0.5157,-0.4725,-0.7227,-0.2033,-0.5199,-0.5053,-0.4636,-0.5246,0.7439,-0.1289,0.6526,0.6216,-0.06824,0.7793,0.5723,-0.494,0.3078,0.1737,-0.7301,0.6399,-0.1306,-0.6624,0.04273,-0.6568,-0.4002,-0.387,-0.5531,-0.5723,-0.4969,-0.1044,-0.2202,-0.2141
5.63,4.003,0.1217,4.035,13.73,3.538,4.874,-5.05,0,17.56,15.13,17.39,15.13,-2.619,0.2779,-51.03,-43.16,1.012,1.282,-1.337,-0.5462,57.1,46.27,27.38,20.1,4.87,-4.773,-6.824,5.886,89.41,31.26,1.912,9.078,-4.1,-2.401,5.293,-3.219,-73.31,-15.35,0.5558,-22.46,2.809,0.3311,-22.49,-2.24,0.3313,10.47,-3.072,-2.278,-116.4,0.01941,0.3487,-116.4,0.01921,0.3488,-160.1,-1.027,0.7852,-78.47,-1.862,-2.741,-82.69,1.929,-3.006,-76.48,28.87,5.218,-81.81,-60.32,2.086,-91.65,-57.83,14.55,-77.47,21.72,3.893,-79.53,-9.474,3.694,-82.16,-0.2089,1.259,179.2,126,132.3,254.9,-180.2,60.54,279.8,107.9,66.89,409.2,190.9,159.7,292,266.6,-41.5,432.6,41.02,-46.87,482.4,57.63,-89.85,275.9,213.4,-124.5,346.2,89.35,100.1,438.5,-39.08,21.49,-450.2,466.3,4.412,347.1,322.3,962.8,147.9,-47.33,-140.6,236.4,-261.7,-259.3,62.5,-50.8,-40.53,0.4456,-0.02606,0.8776,0.203,-0.6441,0.2382,0.6399,-0.4218,0.4013,0.3479,-0.5433,0.3296,-0.4691,-0.5158,-0.4668,-0.7245,-0.2014,-0.5127,-0.5081,-0.4559,-0.5219,0.7417,-0.1305,0.6546,0.6211,-0.06977,0.7794,0.5736,-0.4907,0.3038,0.1752,-0.7339,0.6344,-0.1267,-0.6671,0.04499,-0.6542,-0.4027,-0.3848,-0.5513,-0.5728,-0.5002,-0.1046,-0.2208,-0.214
5.64,4.328,0.1687,4.083,13.37,3.44,4.719,-5.55,0.293,16.87,15.77,16.69,15.77,-2.602,0.3075,-50.83,-43.93,0.6651,1.577,-1.987,-0.06776,56.76,46.86,28.17,20.16,5.016,-4.873,-7.189,5.335,89.32,31.74,1.9,9.526,-3.811,-2.296,5.818,-2.938,-73.15,-15.4,0.5343,-22.52,2.35,-0.2594,-22.5,-3.2,-0.2597,10.82,-3.198,-3.962,-117,0.4187,-0.09911,-117,0.7115,-0.09922,-160.1,-1.126,-0.4912,-78.14,-2.251,-2.641,-82.42,1.867,-2.949,-75.76,29.54,5.722,-80.77,-59.5,1.168,-91.43,-57.03,13.96,-77.78,21.75,3.835,-79.81,-9.927,3.58,-82.16,-0.2384,1.247,221.7,100.6,104.5,231.9,-185.1,34.67,237.8,56.63,55.66,404.3,200.7,124.5,231.9,285.6,13.18,405.3,118.2,-45.41,447.3,83.97,-123,104,129.9,31.73,308.6,-61.53,65.91,295.9,-131.4,38.09,-418.5,394,62.98,-1364,581,259.3,100.6,402.3,21.01,-153.8,90.86,-50.77,33.67,21.98,-11.72,0.4452,-0.0268,0.8776,0.2005,-0.648,0.2409,0.6334,-0.4245,0.4092,0.3394,-0.5525,0.335,-0.4671,-0.5152,-0.4622,-0.7263,-0.1994,-0.5052,-0.5109,-0.4483,-0.5187,0.7392,-0.1318,0.6569,0.6206,-0.0708,0.7796,0.5736,-0.4879,0.2993,0.1785,-0.7364,0.6292,-0.1229,-0.6624,0.0459,-0.6519,-0.4049,-0.3831,-0.5476,-0.5756,-0.5016,-0.1045,-0.2211,-0.2141
5.65,4.445,0.2102,4.142,13.14,3.289,4.632,-5.904,0.6237,16.09,16.34,15.91,16.34,-2.509,0.2628,-50.52,-44.42,0.3498,1.891,-2.527,0.4352,56.37,47.1,29.08,20.21,5.125,-4.96,-7.477,4.592,89.07,32.1,1.935,9.91,-3.502,-2.365,5.995,-2.4,-72.98,-15.4,0.479,-22.66,1.826,-0.8565,-22.58,-4.078,-0.8581,11.13,-3.268,-5.502,-117.3,0.8151,-0.5062,-117.3,1.438,-0.5064,-160.2,-1.182,-1.785,-77.87,-2.475,-2.535,-82.21,1.763,-2.879,-75.18,30.28,6.183,-80.26,-58.46,0.861,-90.96,-55.97,13.27,-78.34,21.72,3.696,-80.38,-10.31,3.635,-82.15,-0.27,1.226,183.6,68.36,83.5,210,-257.3,13.18,213.4,20.03,55.66,386.7,193.4,75.68,177.7,252,30.76,366.7,187.5,-22.95,413.1,121.6,-150.9,64.94,35.65,40.05,264.2,-144,49.31,236.3,-237.8,51.77,-534.7,448.7,65.41,-1093,709.4,512.6,14.17,517.6,-30.27,-251.9,285.6,103,44.85,102.5,15.12,0.4451,-0.02783,0.8774,0.1981,-0.6518,0.2443,0.6275,-0.4269,0.4167,0.3317,-0.561,0.3399,-0.4663,-0.5138,-0.4585,-0.7283,-0.1969,-0.4975,-0.5138,-0.4409,-0.5149,0.7376,-0.1329,0.6582,0.6198,-0.07141,0.7801,0.5727,-0.4851,0.2941,0.1829,-0.7371,0.6251,-0.1195,-0.6557,0.04566,-0.6504,-0.4068,-0.382,-0.5436,-0.5799,-0.5011,-0.1043,-0.2213,-0.2142
5.66,4.396,0.2188,4.179,13.04,3.141,4.612,-6.127,1.046,15.26,16.84,15.09,16.84,-2.364,0.2079,-50.02,-44.62,0.07719,2.231,-2.963,0.9484,55.84,47.04,30,20.21,5.166,-5.01,-7.663,3.902,88.64,32.34,2.034,10.26,-3.568,-2.436,6.058,-1.902,-72.81,-15.38,0.4143,-23,1.252,-1.436,-22.84,-4.874,-1.441,11.38,-3.3,-6.894,-117.3,1.182,-0.8859,-117.4,2.228,-0.8864,-160.2,-1.202,-3.116,-77.67,-2.546,-2.449,-82.05,1.646,-2.794,-74.74,31.05,6.546,-79.81,-57.23,0.55,-90.3,-54.69,12.71,-78.89,21.64,3.556,-80.92,-10.63,3.725,-82.16,-0.268,1.236,121.1,38.09,69.83,198.3,-236.8,19.04,190,17.58,19.53,351.6,198.7,59.57,119.1,188.5,43.95,325.2,228.5,-6.345,365.2,168,-157.7,125.5,-52.24,-19.04,224.6,-177.7,51.75,205.1,-347.6,-1.46,-560.5,534.2,41.97,-1212,465.3,309.6,-21.5,498,-3.92,-283.7,343.8,82.04,25.88,44.47,2.952,0.4452,-0.02893,0.8771,0.1964,-0.6552,0.2493,0.6223,-0.429,0.4238,0.3251,-0.5686,0.3443,-0.4664,-0.5116,-0.4561,-0.7307,-0.1939,-0.4897,-0.5169,-0.4334,-0.5108,0.737,-0.1336,0.6585,0.6189,-0.07166,0.7807,0.5715,-0.4827,0.2885,0.1888,-0.7375,0.6205,-0.1182,-0.6472,0.04395,-0.6493,-0.4085,-0.3817,-0.54,-0.5839,-0.5003,-0.1044,-0.2213,-0.2141
5.67,4.377,0.2247,4.228,12.88,2.981,4.607,-6.238,1.586,14.38,17.28,14.22,17.28,-2.204,0.1462,-49.31,-44.52,-0.116,2.603,-3.245,1.482,55.14,46.72,30.93,20.09,5.175,-5.029,-7.677,3.382,88,32.39,2.055,10.56,-3.824,-2.471,5.983,-1.548,-72.65,-15.34,0.3453,-23.55,0.6318,-2.023,-23.33,-5.602,-2.033,11.56,-3.321,-8.115,-117.1,1.517,-1.222,-117.1,3.103,-1.223,-160.2,-1.175,-4.499,-77.5,-2.655,-2.353,-81.92,1.523,-2.695,-74.52,31.83,6.797,-79.61,-55.79,0.3886,-89.62,-53.27,12.27,-79.28,21.42,3.463,-81.31,-10.9,3.782,-82.16,-0.2601,1.251,87.89,21.97,38.09,194.3,-163.6,38.58,167,60.54,-17.58,311.5,211.4,42.97,87.41,114.3,39.55,290,234.9,6.345,314.9,204.1,-162.6,175.8,-144.5,-65.42,197.3,-132.3,16.12,141.6,-401.4,-8.792,-505.8,546.4,11.69,-1295,178.7,251.9,-30.26,335.9,24.89,-268.1,418.9,55.69,42.94,32.71,-16.1,0.4454,-0.03003,0.8768,0.1958,-0.6582,0.2558,0.6178,-0.4308,0.4308,0.3194,-0.575,0.3483,-0.4674,-0.5088,-0.4549,-0.7336,-0.1901,-0.4819,-0.5205,-0.4256,-0.5063,0.7363,-0.1341,0.6591,0.6181,-0.0716,0.7813,0.5705,-0.4801,0.283,0.1965,-0.7371,0.6158,-0.1177,-0.6377,0.04181,-0.6489,-0.4099,-0.3825,-0.5373,-0.5868,-0.4998,-0.1045,-0.2213,-0.214
5.68,4.456,0.2235,4.296,12.62,2.836,4.595,-6.293,2.262,13.52,17.66,13.37,17.66,-2.052,0.1304,-48.42,-44.18,-0.2788,2.987,-3.405,1.996,54.31,46.18,31.79,19.83,5.099,-5.024,-7.576,3.127,87.09,32.25,1.926,10.84,-3.876,-2.476,5.803,-1.438,-72.52,-15.31,0.2946,-24.29,-0.01526,-2.584,-24,-6.301,-2.599,11.68,-3.328,-9.19,-116.7,1.799,-1.527,-116.7,4.06,-1.529,-160.2,-1.1,-5.909,-77.35,-2.875,-2.245,-81.83,1.388,-2.578,-74.46,32.55,6.905,-79.7,-54.17,0.5882,-89.08,-51.81,11.86,-79.42,21.04,3.466,-81.44,-11.15,3.797,-82.16,-0.2365,1.257,70.33,27.34,31.74,178.7,-59.57,73.24,154.3,131.8,-42.97,271.5,223.1,50.78,62.49,75.68,3.905,244.6,223.6,1.463,274.9,244.6,-168.5,158.2,-182.1,-58.6,147,-83.99,7.328,70.32,-390.1,-25.87,-479.5,498.1,107.4,-1142,40.09,246.6,19.51,171.4,6.328,-159.7,379.8,38.12,8.823,27.79,4.921,0.4456,-0.03089,0.8766,0.1961,-0.6607,0.2636,0.6137,-0.4323,0.4376,0.3146,-0.5806,0.352,-0.4688,-0.5057,-0.4547,-0.7369,-0.1857,-0.474,-0.5244,-0.4175,-0.5014,0.7349,-0.1343,0.6604,0.6172,-0.07117,0.782,0.5702,-0.4776,0.278,0.205,-0.7353,0.6117,-0.1166,-0.6278,0.04041,-0.6488,-0.4115,-0.3845,-0.5357,-0.5884,-0.5003,-0.1046,-0.2211,-0.2139
5.69,4.551,0.2135,4.367,12.32,2.72,4.624,-6.303,3.06,12.63,17.98,12.5,17.98,-1.89,0.1613,-47.5,-43.68,-0.4393,3.331,-3.466,2.499,53.48,45.54,32.58,19.49,4.956,-4.979,-7.464,3.111,85.94,32,1.701,11.09,-3.682,-2.478,5.659,-1.52,-72.39,-15.26,0.2526,-25.06,-0.6972,-3.115,-24.72,-6.991,-3.138,11.75,-3.322,-10.14,-116.1,2.027,-1.813,-116.2,5.084,-1.819,-160.2,-0.948,-7.353,-77.25,-3.125,-2.153,-81.8,1.238,-2.465,-74.47,33.2,6.923,-79.88,-52.37,0.9311,-88.71,-50.24,11.42,-79.36,20.55,3.513,-81.38,-11.39,3.807,-82.16,-0.2148,1.261,53.22,33.2,5.368,162.6,52.25,90.82,120.1,179.7,-57.61,244.1,251,51.75,33.19,24.91,9.278,206.5,201.7,9.282,223.6,271,-168,97.67,-164.1,20.51,87.4,-34.17,14.15,-11.21,-389.6,2.444,-462.9,455.6,231.5,-1061,53.25,234.4,66.42,61.98,-31.26,15.13,214.8,6.366,1.47,-1.034,0.4473,0.4459,-0.03168,0.8762,0.1965,-0.6629,0.2717,0.6099,-0.4337,0.4444,0.3106,-0.5855,0.3554,-0.4703,-0.5025,-0.4553,-0.7404,-0.1812,-0.466,-0.5288,-0.4093,-0.4962,0.7334,-0.1343,0.6619,0.6162,-0.0705,0.7827,0.5707,-0.4754,0.2736,0.2142,-0.7328,0.6074,-0.1142,-0.6173,0.0401,-0.649,-0.413,-0.3875,-0.5351,-0.589,-0.5014,-0.1046,-0.2209,-0.2139
5.7,4.568,0.1737,4.387,12.1,2.621,4.7,-6.261,3.961,11.73,18.25,11.61,18.25,-1.723,0.235,-46.67,-43.06,-0.5703,3.634,-3.472,2.983,52.74,44.83,33.27,19.1,4.724,-4.884,-7.255,3.205,84.52,31.69,1.359,11.32,-3.345,-2.448,5.566,-1.704,-72.29,-15.22,0.2229,-25.75,-1.416,-3.629,-25.35,-7.665,-3.661,11.81,-3.33,-11.02,-115.4,2.208,-2.078,-115.5,6.166,-2.088,-160.1,-0.7233,-8.818,-77.22,-3.294,-2.069,-81.78,1.096,-2.33,-74.59,33.78,6.8,-80.05,-50.4,1.254,-88.44,-48.61,10.92,-79.18,20.01,3.573,-81.2,-11.61,3.783,-82.16,-0.201,1.265,43.45,36.14,-14.64,112.8,148.9,88.87,80.09,225.1,-73.25,206.1,277.3,48.83,7.317,-16.6,-4.881,178.7,207.5,11.23,175.8,304.7,-163.6,44.92,-121.6,43.46,37.61,13.19,19.04,-38.55,-392.1,48.34,-459,408.2,213.9,-979.9,178.3,247.6,65.92,-15.6,-29.28,95.2,27.84,5.399,-2.941,-15.64,-30.78,0.4461,-0.03229,0.876,0.1962,-0.6652,0.2796,0.6062,-0.435,0.451,0.3068,-0.5898,0.3585,-0.4716,-0.4993,-0.4563,-0.7442,-0.1765,-0.458,-0.5339,-0.4008,-0.4906,0.7324,-0.134,0.6629,0.6153,-0.06958,0.7835,0.5714,-0.4737,0.2694,0.2244,-0.7298,0.6026,-0.1105,-0.6065,0.04053,-0.6493,-0.4143,-0.391,-0.5351,-0.5889,-0.5029,-0.1047,-0.2208,-0.214
5.71,4.505,0.1321,4.384,11.98,2.522,4.805,-6.206,4.92,10.83,18.47,10.72,18.47,-1.587,0.308,-46,-42.36,-0.6665,3.885,-3.438,3.467,52.16,44.07,33.84,18.71,4.475,-4.814,-6.976,3.334,82.84,31.39,0.9201,11.58,-2.997,-2.392,5.418,-1.903,-72.2,-15.18,0.1934,-26.28,-2.118,-4.152,-25.83,-8.308,-4.193,11.86,-3.345,-11.83,-114.6,2.36,-2.299,-114.8,7.275,-2.316,-160.1,-0.4242,-10.29,-77.22,-3.374,-1.99,-81.77,0.9637,-2.199,-74.81,34.26,6.591,-80.29,-48.27,1.641,-88.19,-46.93,10.44,-78.98,19.48,3.663,-80.99,-11.84,3.73,-82.14,-0.1655,1.265,21.47,15.62,-22.95,81.07,223.1,83.01,33.7,252.4,-67.38,176.8,308.1,63.97,-13.66,-39.55,-20.02,151.4,210,4.883,123,316.9,-160.2,21.48,-64.46,1.962,16.59,55.17,19.54,-39.05,-352.1,71.77,-463.8,395.5,100.6,-871.9,250,266.5,90.84,-128.9,-65.92,128,-123,-12.17,-85.88,16.55,50.82,0.4464,-0.0329,0.8757,0.1951,-0.6677,0.2864,0.6025,-0.4364,0.4572,0.3032,-0.5938,0.3616,-0.4729,-0.4964,-0.4575,-0.748,-0.1717,-0.45,-0.5393,-0.3923,-0.4847,0.732,-0.1335,0.6634,0.6144,-0.06867,0.7842,0.5721,-0.4726,0.2658,0.2355,-0.726,0.5974,-0.1068,-0.5952,0.0409,-0.6495,-0.4157,-0.3943,-0.535,-0.5885,-0.5047,-0.1047,-0.2205,-0.2141
5.72,4.454,0.1107,4.328,11.85,2.394,4.949,-6.132,5.961,9.942,18.63,9.837,18.63,-1.475,0.3693,-45.54,-41.6,-0.7004,4.096,-3.399,3.921,51.77,43.26,34.29,18.35,4.235,-4.742,-6.586,3.432,80.93,31.13,0.3884,11.8,-2.642,-2.286,5.105,-2.087,-72.1,-15.14,0.1528,-26.61,-2.796,-4.697,-26.1,-8.908,-4.748,11.93,-3.39,-12.62,-113.7,2.471,-2.471,-114,8.427,-2.495,-160,-0.04986,-11.74,-77.26,-3.467,-1.889,-81.74,0.8313,-2.065,-75.15,34.64,6.296,-80.69,-46.03,2.21,-87.92,-45.22,10.01,-78.8,18.98,3.742,-80.79,-12.08,3.673,-82.12,-0.1714,1.314,12.69,11.72,-51.75,50.77,254.4,89.84,-18.57,274.9,-72.75,140.1,331.5,76.66,-41.51,-59.56,-33.2,114.3,178.7,-1.958,79.12,336.4,-154.8,-8.773,-0.9809,-16.12,-21.48,83.99,8.789,-59.55,-303.2,83.99,-458.5,390.2,79.58,-783.8,207.5,260.7,83.51,-238.3,-95.2,181.6,-227.5,-51.25,-54.26,-47.31,55.2,0.4466,-0.03357,0.8755,0.1931,-0.6708,0.2919,0.5988,-0.4379,0.4631,0.2995,-0.5975,0.3645,-0.474,-0.494,-0.4587,-0.7519,-0.1669,-0.4419,-0.5451,-0.3839,-0.4785,0.7315,-0.1326,0.664,0.6136,-0.06781,0.7848,0.5722,-0.4721,0.2628,0.2472,-0.721,0.5927,-0.1035,-0.5835,0.04089,-0.6492,-0.4174,-0.3971,-0.5348,-0.5883,-0.5064,-0.1052,-0.2205,-0.2141
5.73,4.404,0.09994,4.244,11.71,2.276,5.092,-6.057,7.006,9.07,18.76,8.969,18.75,-1.377,0.4384,-45.33,-40.85,-0.7242,4.23,-3.396,4.354,51.61,42.5,34.66,18.04,4.02,-4.691,-6.122,3.43,78.85,30.88,-0.2284,11.97,-2.3,-2.192,4.679,-2.179,-72.02,-15.1,0.1196,-26.68,-3.438,-5.235,-26.12,-9.47,-5.298,12.02,-3.447,-13.41,-113,2.558,-2.616,-113.3,9.557,-2.65,-159.9,0.3858,-13.15,-77.32,-3.57,-1.79,-81.7,0.6901,-1.942,-75.59,34.93,5.941,-81.18,-43.7,2.85,-87.65,-43.51,9.621,-78.73,18.52,3.795,-80.7,-12.3,3.619,-82.13,-0.2187,1.354,-4.898,7.811,-72.27,18.06,249.5,86.42,-51.25,293.5,-90.33,101.5,341.8,80.57,-65.44,-56.63,-57.61,82.52,160.1,3.904,41.52,353.5,-138.2,-28.31,75.68,-10.75,-69.83,91.8,-8.31,-87.88,-273.9,82.53,-452.1,374,134.8,-660.8,213.9,315.4,83.51,-233.4,-72.25,163.6,-209,-61.49,18.09,-67.87,-26.84,0.4469,-0.03412,0.8752,0.1898,-0.6741,0.2957,0.595,-0.4396,0.4683,0.2957,-0.6012,0.3674,-0.4745,-0.4921,-0.4596,-0.7556,-0.1625,-0.434,-0.5511,-0.3759,-0.472,0.7311,-0.1317,0.6647,0.6126,-0.06708,0.7856,0.5719,-0.4721,0.2603,0.2595,-0.7149,0.588,-0.1005,-0.5717,0.04065,-0.6484,-0.4196,-0.3992,-0.5342,-0.5885,-0.5078,-0.1055,-0.221,-0.2141
5.74,4.381,0.09224,4.166,11.53,2.187,5.213,-5.983,8.08,8.22,18.82,8.121,18.81,-1.293,0.5313,-45.36,-40.09,-0.7414,4.302,-3.43,4.727,51.63,41.72,34.95,17.77,3.835,-4.654,-5.571,3.308,76.61,30.69,-0.947,12.17,-1.993,-2.121,4.144,-2.147,-71.96,-15.05,0.09768,-26.54,-4.036,-5.766,-25.93,-9.988,-5.84,12.14,-3.513,-14.18,-112.1,2.605,-2.736,-112.5,10.68,-2.782,-159.9,0.866,-14.5,-77.38,-3.697,-1.706,-81.67,0.5498,-1.839,-76.15,35.13,5.517,-81.74,-41.27,3.495,-87.37,-41.83,9.26,-78.79,18.12,3.803,-80.74,-12.51,3.566,-82.13,-0.2384,1.372,-24.91,21.48,-86.92,-7.816,225.1,95.7,-76.65,309.1,-90.82,63.98,353,90.34,-85.44,-76.18,-68.84,47.84,147.5,0,-3.924,355.5,-132.8,-64.94,110.8,18.06,-112.3,70.32,-8.789,-144,-247.1,87.41,-424.3,364.7,230,-459,175.8,287.6,-5.843,-146.5,-41.98,32.19,-100.1,-67.37,11.76,24.95,-19.06,0.4472,-0.03455,0.875,0.1856,-0.6777,0.2981,0.5911,-0.4415,0.473,0.2917,-0.6048,0.3701,-0.4745,-0.4909,-0.4604,-0.759,-0.1585,-0.4262,-0.557,-0.3685,-0.4654,0.7304,-0.1308,0.6655,0.6117,-0.06647,0.7863,0.5709,-0.4726,0.2583,0.2726,-0.708,0.5833,-0.0976,-0.5599,0.04023,-0.647,-0.4221,-0.4008,-0.5329,-0.5893,-0.5088,-0.1056,-0.2211,-0.214
5.75,4.378,0.07132,4.124,11.35,2.132,5.297,-5.931,9.139,7.423,18.85,7.323,18.85,-1.232,0.6194,-45.57,-39.34,-0.7622,4.324,-3.492,5.058,51.81,40.93,35.17,17.54,3.626,-4.612,-4.934,3.101,74.24,30.57,-1.714,12.39,-1.731,-2.107,3.557,-2.006,-71.91,-15.02,0.08328,-26.23,-4.578,-6.298,-25.57,-10.47,-6.385,12.27,-3.58,-14.95,-111.4,2.633,-2.822,-111.8,11.76,-2.88,-159.9,1.369,-15.77,-77.41,-3.841,-1.648,-81.66,0.4101,-1.749,-76.85,35.28,4.983,-82.3,-38.78,4.051,-87.1,-40.14,8.888,-78.96,17.76,3.77,-80.89,-12.75,3.558,-82.13,-0.2601,1.374,-50.77,20.02,-127.9,-41.99,170.9,97.66,-101.1,316.9,-106.9,28.81,365.2,89.84,-108.9,-61.53,-74.71,30.28,148.9,11.72,-37.11,364.3,-122.1,-95.72,116.7,15.14,-136.2,41.01,-33.7,-153.8,-225.6,90.33,-374,376.5,302.7,-347.1,161.6,257.3,-94.75,-61.51,-59.08,-61.99,-25.39,-19.5,17.06,32.19,-1.968,0.4475,-0.03485,0.8748,0.1807,-0.6815,0.2992,0.5869,-0.4439,0.4771,0.2876,-0.6084,0.3727,-0.474,-0.4903,-0.4607,-0.7621,-0.155,-0.4184,-0.5626,-0.3617,-0.4585,0.7297,-0.1302,0.6665,0.6108,-0.06586,0.787,0.5694,-0.4737,0.2562,0.2865,-0.7006,0.5781,-0.09455,-0.5479,0.03968,-0.6454,-0.4246,-0.402,-0.5312,-0.5909,-0.5093,-0.1056,-0.2213,-0.214
5.76,4.395,0.04277,4.078,11.15,2.111,5.363,-5.917,10.18,6.664,18.86,6.558,18.85,-1.192,0.73,-45.9,-38.58,-0.7944,4.279,-3.538,5.329,52.07,40.12,35.31,17.32,3.395,-4.554,-4.297,2.806,71.72,30.47,-2.563,12.62,-1.461,-2.149,2.956,-1.775,-71.89,-14.99,0.08188,-25.82,-5.073,-6.827,-25.11,-10.95,-6.927,12.41,-3.653,-15.69,-110.6,2.634,-2.895,-111.1,12.8,-2.966,-160,1.885,-16.96,-77.45,-3.999,-1.611,-81.65,0.2754,-1.673,-77.57,35.35,4.396,-82.75,-36.2,4.446,-86.76,-38.46,8.411,-79.23,17.43,3.682,-81.15,-12.98,3.606,-82.13,-0.2739,1.375,-60.53,17.58,-136.2,-78.13,116.2,80.08,-140.6,291,-98.15,-20.52,382.3,84.48,-150.4,-63.48,-71.78,4.892,163.6,7.324,-67.38,368.7,-118.7,-137.2,99.61,10.26,-151.9,12.69,-41.02,-148.9,-272,21.96,-337.9,315.4,314.5,-340.8,85.39,216.3,-172.9,10.74,-35.65,-75.18,-26.84,-9.751,13.68,-2.456,-15.66,0.4477,-0.03498,0.8746,0.1755,-0.6854,0.2995,0.5825,-0.4465,0.4809,0.2835,-0.6118,0.3751,-0.4731,-0.4901,-0.4607,-0.7647,-0.152,-0.4108,-0.568,-0.3557,-0.4516,0.7288,-0.1296,0.6675,0.6099,-0.06531,0.7877,0.5671,-0.4756,0.2543,0.3008,-0.6931,0.5719,-0.09082,-0.536,0.03857,-0.6436,-0.427,-0.4032,-0.5292,-0.593,-0.5091,-0.1056,-0.2214,-0.214
5.77,4.418,0.01594,4.049,10.96,2.094,5.414,-5.956,11.17,5.984,18.86,5.872,18.84,-1.164,0.8329,-46.27,-37.82,-0.8583,4.196,-3.583,5.565,52.33,39.28,35.4,17.12,3.199,-4.497,-3.793,2.522,69.06,30.37,-3.598,12.86,-1.128,-2.185,2.435,-1.527,-71.89,-14.96,0.07842,-25.4,-5.503,-7.328,-24.62,-11.41,-7.442,12.57,-3.707,-16.4,-109.9,2.621,-2.949,-110.4,13.78,-3.033,-160.2,2.383,-18.07,-77.49,-4.167,-1.58,-81.66,0.1363,-1.605,-78.15,35.35,3.925,-82.99,-33.56,4.618,-86.39,-36.9,7.785,-79.52,17.11,3.595,-81.42,-13.2,3.632,-82.13,-0.2759,1.36,-84.48,3.909,-140.6,-117.7,62.01,68.36,-173.8,255.4,-100.1,-58.58,402.8,90.34,-174.8,-50.29,-59.57,-28.33,185.5,8.787,-90.82,371.1,-106.9,-168.9,80.07,36.61,-154.8,11.72,-31.25,-161.6,-358.4,-98.14,-265.2,213.4,240.7,-299.7,0,171.4,-212.9,34.64,-1.936,-121.1,-34.64,-36.59,25.44,-1.034,-0.4473,0.4479,-0.03504,0.8745,0.1707,-0.6891,0.2994,0.5779,-0.4493,0.4842,0.2795,-0.6152,0.3773,-0.4718,-0.4904,-0.4605,-0.7668,-0.1497,-0.4035,-0.5729,-0.3504,-0.4447,0.7279,-0.1291,0.6686,0.609,-0.0647,0.7884,0.5642,-0.4777,0.2527,0.3153,-0.6861,0.5641,-0.08594,-0.5249,0.03711,-0.642,-0.4293,-0.4044,-0.527,-0.5951,-0.5091,-0.1055,-0.2214,-0.2141
5.78,4.443,0.003055,4.045,10.82,2.072,5.43,-6.016,12.14,5.379,18.85,5.254,18.83,-1.156,0.9428,-46.62,-37.02,-0.9095,4.088,-3.625,5.724,52.55,38.34,35.41,16.89,3.032,-4.447,-3.44,2.307,66.29,30.29,-4.87,13.13,-0.693,-2.203,2.059,-1.344,-71.9,-14.96,0.08169,-25.01,-5.888,-7.807,-24.18,-11.85,-7.936,12.72,-3.768,-17.07,-109.1,2.59,-2.986,-109.7,14.71,-3.084,-160.4,2.842,-19.09,-77.51,-4.309,-1.541,-81.68,0.0232,-1.545,-78.56,35.27,3.574,-83,-30.87,4.548,-86,-35.53,6.971,-79.74,16.78,3.53,-81.61,-13.46,3.633,-82.13,-0.27,1.338,-94.25,5.86,-142.6,-148,28.81,50.3,-226.1,200.7,-98.15,-104.5,413.1,90.82,-196.3,-35.65,-54.2,-51.77,217.3,16.61,-125,378.9,-110.8,-192.4,40.05,46.38,-157.7,19.53,-63.47,-238.8,-470.2,-155.3,-148.9,207.5,155.2,-231.9,-11.17,102.1,-209,-14.65,-1.464,-123.5,-24.94,2.418,3.97,9.825,3.4,0.4479,-0.03498,0.8746,0.1663,-0.6925,0.2993,0.5735,-0.4519,0.4872,0.2757,-0.6183,0.3794,-0.4703,-0.491,-0.4603,-0.7684,-0.1478,-0.3964,-0.577,-0.3459,-0.4378,0.7271,-0.1287,0.6695,0.6082,-0.06415,0.789,0.5618,-0.4796,0.2518,0.3297,-0.6799,0.5544,-0.07959,-0.5154,0.03534,-0.6405,-0.4314,-0.4057,-0.525,-0.5969,-0.5095,-0.1053,-0.2214,-0.2141
5.79,4.458,0.001859,4.04,10.71,2.035,5.426,-6.094,13.09,4.862,18.83,4.723,18.81,-1.159,1.039,-46.88,-36.17,-0.9479,3.989,-3.67,5.844,52.68,37.28,35.36,16.66,2.863,-4.399,-3.26,2.163,63.4,30.26,-6.461,13.44,-0.09021,-2.234,1.833,-1.236,-71.92,-14.98,0.08525,-24.73,-6.225,-8.24,-23.84,-12.26,-8.383,12.87,-3.826,-17.7,-108.3,2.547,-2.993,-109,15.62,-3.104,-160.8,3.236,-20.06,-77.53,-4.432,-1.49,-81.68,-0.08004,-1.485,-78.75,35.14,3.343,-82.79,-28.14,4.334,-85.59,-34.41,5.987,-79.87,16.45,3.489,-81.73,-13.75,3.63,-82.12,-0.2601,1.299,-113.8,7.327,-143.6,-172.3,12.2,48.83,-262.7,168.5,-105,-137.7,423.8,87.4,-216.3,-18.55,-44.43,-69.82,249.5,19.53,-144,395,-110.8,-216.3,19.53,14.16,-147,25.88,-93.26,-279.8,-538.1,-76.18,-19.08,149.9,69.82,-165,-7.345,155.2,-200.2,-77.17,23.42,-35.15,-56.13,-6.366,9.264,-9.308,1.968,0.4478,-0.03485,0.8747,0.1627,-0.6954,0.2995,0.5695,-0.4543,0.4901,0.272,-0.6212,0.3812,-0.4688,-0.4918,-0.46,-0.7697,-0.1464,-0.3895,-0.5804,-0.342,-0.431,0.7264,-0.1282,0.6703,0.6076,-0.06366,0.7896,0.5607,-0.4813,0.2516,0.3436,-0.6744,0.5431,-0.07196,-0.5079,0.03327,-0.6393,-0.4332,-0.4072,-0.5232,-0.5984,-0.5102,-0.105,-0.2213,-0.2142
5.8,4.414,-0.00166,4.01,10.66,1.989,5.449,-6.166,14,4.394,18.79,4.241,18.77,-1.153,1.129,-47.01,-35.28,-0.9686,3.885,-3.701,5.914,52.68,36.14,35.27,16.45,2.661,-4.353,-3.146,2.042,60.48,30.28,-8.305,13.79,0.6465,-2.266,1.632,-1.138,-71.94,-15.01,0.08497,-24.57,-6.551,-8.626,-23.63,-12.65,-8.784,13.02,-3.887,-18.28,-107.4,2.49,-2.986,-108.2,16.47,-3.111,-161.1,3.563,-20.95,-77.57,-4.506,-1.437,-81.69,-0.1935,-1.421,-78.86,34.96,3.129,-82.51,-25.41,4.108,-85.17,-33.55,4.895,-79.99,16.14,3.465,-81.84,-14.08,3.615,-82.11,-0.2522,1.246,-137.7,10.74,-155.3,-190.9,15.63,45.9,-293.9,161.1,-99.12,-167,434.6,84.96,-233.4,-12.69,-50.3,-93.76,276.4,24.41,-168.4,407.7,-106.4,-220.2,26.36,-4.883,-158.7,28.31,-99.6,-273.9,-542,26.85,79.61,21.96,61.05,-17.04,61.06,210.4,-192.9,-89.87,60.54,10.69,-83.97,-29.82,16.62,-11.25,-6.352,0.4476,-0.03473,0.8748,0.16,-0.6979,0.3004,0.5661,-0.4561,0.4931,0.2685,-0.6238,0.383,-0.4673,-0.4928,-0.4598,-0.7706,-0.1455,-0.3829,-0.5831,-0.3387,-0.4244,0.7261,-0.1276,0.6708,0.6068,-0.06311,0.7902,0.5606,-0.483,0.2518,0.3569,-0.6688,0.5311,-0.0636,-0.5024,0.03089,-0.6383,-0.435,-0.4086,-0.5212,-0.6,-0.5113,-0.1046,-0.2211,-0.2144
5.81,4.347,0.02098,3.955,10.61,1.943,5.481,-6.216,14.87,3.967,18.73,3.798,18.7,-1.147,1.237,-47.01,-34.39,-0.969,3.789,-3.745,5.944,52.56,34.93,35.16,16.26,2.496,-4.329,-2.957,1.92,57.55,30.35,-10.29,14.2,1.397,-2.319,1.356,-1.038,-71.98,-15.01,0.09656,-24.57,-6.868,-8.95,-23.58,-13.01,-9.121,13.15,-3.947,-18.81,-106.6,2.42,-2.98,-107.4,17.27,-3.118,-161.6,3.804,-21.79,-77.64,-4.558,-1.373,-81.7,-0.3072,-1.372,-79.06,34.74,2.879,-82.35,-22.71,3.927,-84.8,-32.86,3.797,-80.1,15.84,3.448,-81.94,-14.46,3.581,-82.1,-0.2227,1.154,-167.5,9.278,-172.9,-210,23.92,40.53,-324.7,159.2,-93.75,-192.4,438,71.29,-248.5,-11.24,-41.5,-103,305.2,31.74,-189.4,430.7,-115.7,-216.8,49.32,-22.45,-193.4,21.48,-94.72,-257.3,-467.8,124,116.2,-121.6,15.11,152.3,53.71,242.7,-173.9,-101.1,67.39,-1.934,-125.9,-28.77,3.382,-24.43,-19.5,0.4475,-0.03449,0.8749,0.1583,-0.6998,0.3021,0.5633,-0.4573,0.4961,0.2653,-0.6262,0.3846,-0.4658,-0.4937,-0.4597,-0.7713,-0.1449,-0.3766,-0.5849,-0.336,-0.418,0.7259,-0.1268,0.6712,0.6061,-0.06269,0.7908,0.5607,-0.4846,0.2526,0.3703,-0.6625,0.5194,-0.05512,-0.4982,0.02863,-0.6376,-0.4364,-0.41,-0.519,-0.6017,-0.5125,-0.1038,-0.2208,-0.2147
5.82,4.329,0.03075,3.912,10.54,1.905,5.483,-6.238,15.69,3.589,18.66,3.414,18.62,-1.111,1.331,-46.89,-33.51,-0.9611,3.703,-3.802,5.96,52.34,33.67,34.97,16.09,2.325,-4.285,-2.612,1.739,54.6,30.51,-12.35,14.66,2.156,-2.466,0.9606,-0.8921,-72.03,-15.03,0.1043,-24.69,-7.186,-9.201,-23.67,-13.34,-9.384,13.25,-4.012,-19.3,-105.7,2.346,-2.962,-106.6,18.02,-3.112,-162.1,3.965,-22.58,-77.68,-4.637,-1.32,-81.69,-0.3998,-1.322,-79.45,34.48,2.516,-82.37,-20.03,3.817,-84.47,-32.28,2.695,-80.27,15.59,3.397,-82.11,-14.87,3.609,-82.09,-0.1852,1.026,-189.4,15.14,-179.2,-226.1,48.83,53.23,-334.5,181.2,-89.35,-219.2,441.9,74.22,-264.6,-1.472,-48.34,-117.7,327.6,32.72,-220.7,454.6,-111.3,-231,63.97,-29.79,-204.1,18.55,-101.6,-229.5,-358.4,134.3,90.31,-221.2,-67.39,386.2,16.53,258.8,-161.6,-82.04,38.58,-20.47,-184.1,25.87,-17.06,-20.04,-18.07,0.4475,-0.03424,0.875,0.1572,-0.701,0.3045,0.5611,-0.458,0.499,0.2625,-0.6282,0.3863,-0.4644,-0.4946,-0.4596,-0.7717,-0.1447,-0.3708,-0.586,-0.3336,-0.4118,0.7255,-0.1262,0.6717,0.6054,-0.06232,0.7912,0.5609,-0.4864,0.2536,0.3841,-0.6552,0.5083,-0.04645,-0.4948,0.02661,-0.6368,-0.4377,-0.4113,-0.5166,-0.604,-0.5135,-0.1028,-0.2204,-0.215
5.83,4.348,0.04808,3.899,10.44,1.89,5.447,-6.239,16.48,3.263,18.58,3.074,18.53,-1.094,1.445,-46.68,-32.61,-0.9399,3.635,-3.848,5.938,52.05,32.38,34.7,15.96,2.167,-4.24,-2.205,1.544,51.58,30.77,-14.43,15.17,2.963,-2.647,0.5059,-0.7169,-72.09,-15.04,0.1313,-24.92,-7.49,-9.406,-23.87,-13.64,-9.598,13.3,-4.07,-19.72,-104.9,2.259,-2.937,-105.8,18.72,-3.099,-162.6,4.053,-23.31,-77.7,-4.74,-1.273,-81.7,-0.4818,-1.287,-79.92,34.15,2.108,-82.51,-17.35,3.789,-84.21,-31.71,1.603,-80.47,15.39,3.33,-82.32,-15.33,3.664,-82.08,-0.1419,0.8888,-189.4,24.42,-174.3,-227.5,87.9,57.61,-351.1,190.4,-74.71,-231,442.9,83.01,-270,-4.882,-52.73,-140.6,340.3,42.97,-254.4,477.5,-108.4,-260.2,61.52,-31.24,-205.1,8.787,-101.6,-215.8,-286.6,126.5,12.69,-285.1,-136.2,565.6,57.69,232.9,-168,-122.5,29.8,-41.97,-216.4,71.32,-28.82,-35.68,-7.784,0.4474,-0.03381,0.8751,0.1569,-0.7019,0.3075,0.5594,-0.4582,0.5019,0.2603,-0.6299,0.3879,-0.4632,-0.4955,-0.4598,-0.7719,-0.1446,-0.3653,-0.5865,-0.3316,-0.4061,0.7249,-0.1258,0.6724,0.6049,-0.06202,0.7917,0.5609,-0.4885,0.255,0.398,-0.6468,0.4976,-0.03754,-0.4915,0.02503,-0.636,-0.4388,-0.4123,-0.5139,-0.6066,-0.5143,-0.1017,-0.2199,-0.2153
5.84,4.37,0.05053,3.902,10.36,1.895,5.405,-6.227,17.2,2.99,18.51,2.793,18.45,-1.07,1.558,-46.36,-31.77,-0.9443,3.564,-3.895,5.918,51.72,31.11,34.37,15.85,2.013,-4.178,-1.758,1.404,48.52,31.1,-16.41,15.71,3.82,-2.789,-0.0124,-0.5902,-72.14,-15.06,0.164,-25.25,-7.789,-9.55,-24.19,-13.93,-9.75,13.29,-4.111,-20.08,-104.1,2.174,-2.915,-105,19.35,-3.088,-163.1,4.079,-23.98,-77.71,-4.841,-1.24,-81.7,-0.5585,-1.251,-80.44,33.77,1.684,-82.73,-14.68,3.822,-83.97,-31.05,0.4889,-80.6,15.21,3.264,-82.46,-15.84,3.687,-82.06,-0.1182,0.7587,-166.5,33.69,-169.4,-234.4,115.2,60.54,-339.8,199.7,-74.22,-242.2,429.2,109.4,-260.7,1.953,-51.76,-149.4,354,40.53,-275.4,504.4,-98.15,-267.6,59.09,-7.314,-213.4,-0.9764,-107.9,-163.1,-177.7,114.3,-114.8,-305.6,-135.2,619.7,125,197.8,-181.1,-187.5,52.23,-49.82,-209.5,54.72,-51.76,21.46,10.74,0.4473,-0.03339,0.8752,0.1572,-0.7022,0.311,0.5583,-0.458,0.5046,0.2586,-0.6313,0.3896,-0.4621,-0.4963,-0.4601,-0.7721,-0.1447,-0.3603,-0.5865,-0.33,-0.4007,0.7243,-0.1256,0.673,0.6044,-0.06171,0.7921,0.5605,-0.4909,0.2567,0.4117,-0.6375,0.4872,-0.02826,-0.4876,0.02344,-0.6351,-0.4397,-0.4132,-0.5111,-0.609,-0.5157,-0.1007,-0.2196,-0.2158
5.85,4.403,0.05299,3.869,10.29,1.916,5.39,-6.184,17.84,2.75,18.43,2.547,18.37,-1.038,1.684,-45.95,-31.03,-0.9593,3.485,-3.937,5.891,51.38,29.94,33.94,15.73,1.911,-4.149,-1.198,1.226,45.42,31.47,-18.25,16.25,4.594,-2.923,-0.6555,-0.4334,-72.18,-15.08,0.1972,-25.65,-8.084,-9.645,-24.58,-14.18,-9.851,13.2,-4.141,-20.38,-103.4,2.078,-2.91,-104.4,19.9,-3.093,-163.6,4.065,-24.58,-77.72,-4.927,-1.221,-81.68,-0.6099,-1.231,-81.07,33.31,1.225,-83.06,-12.03,3.846,-83.7,-30.28,-0.6198,-80.76,15.05,3.204,-82.64,-16.37,3.725,-82.03,-0.1222,0.6522,-138.7,36.62,-164.5,-238.8,138.2,84.47,-341.3,205.1,-85.94,-224.6,431.1,73.73,-248.5,-7.331,-64.46,-158.2,344.2,31.74,-277.8,532.7,-105,-265.1,53.23,-24.91,-216.3,10.26,-106.9,-146,-90.81,52.24,-182.2,-272.5,-70.81,672.5,180.7,150.9,-161.1,-217.3,64.93,-7.848,-209.9,41.99,-46.91,7.756,72.74,0.4472,-0.03302,0.8753,0.158,-0.7022,0.315,0.5576,-0.4574,0.5072,0.2577,-0.6322,0.3913,-0.4612,-0.4968,-0.4607,-0.7721,-0.1451,-0.3558,-0.5861,-0.3286,-0.3957,0.7238,-0.1253,0.6735,0.604,-0.06165,0.7923,0.5595,-0.4937,0.2587,0.4257,-0.6275,0.4772,-0.01904,-0.4829,0.02142,-0.6343,-0.4407,-0.414,-0.5082,-0.6117,-0.517,-0.0998,-0.2196,-0.2162
5.86,4.411,0.04237,3.813,10.25,1.953,5.4,-6.117,18.41,2.545,18.38,2.337,18.31,-1.008,1.815,-45.5,-30.45,-0.9664,3.39,-3.958,5.87,51.08,28.93,33.48,15.65,1.885,-4.116,-0.5756,1.046,42.32,31.9,-19.91,16.79,5.237,-3.025,-1.437,-0.2858,-72.2,-15.11,0.2258,-26.09,-8.364,-9.716,-25.02,-14.39,-9.926,13.04,-4.173,-20.62,-102.9,1.98,-2.927,-103.9,20.37,-3.121,-164.1,4.035,-25.11,-77.75,-4.998,-1.222,-81.66,-0.6705,-1.218,-81.78,32.79,0.8067,-83.48,-9.456,3.814,-83.32,-29.42,-1.728,-80.92,14.92,3.134,-82.81,-16.93,3.766,-82.01,-0.1517,0.5784,-129.4,41.01,-181.2,-239.3,173.3,85.94,-335.4,228.5,-100.6,-229.5,427.3,76.66,-243.2,-21.48,-62.5,-152.3,344.7,38.58,-294.9,553.7,-103.5,-250,69.82,-25.4,-226.1,50.29,-124,-208.5,-22.95,44.91,-151.8,-213.4,-46.88,753,205.5,100.5,-156.8,-220.2,51.76,43,-216.8,62.54,-40,-9.308,1.432,0.447,-0.03272,0.8754,0.159,-0.702,0.319,0.5574,-0.4565,0.5097,0.2575,-0.6327,0.3932,-0.4604,-0.4972,-0.4613,-0.7722,-0.1457,-0.3519,-0.5855,-0.3277,-0.3911,0.7235,-0.1251,0.674,0.6036,-0.06165,0.7926,0.5582,-0.4964,0.2615,0.4399,-0.6173,0.4674,-0.01013,-0.4773,0.01843,-0.6334,-0.4416,-0.4146,-0.5052,-0.6144,-0.5184,-0.09919,-0.2197,-0.2165
5.87,4.435,0.03274,3.761,10.21,1.992,5.404,-6.052,18.88,2.369,18.35,2.158,18.26,-0.9776,1.932,-45,-30,-0.9664,3.302,-3.942,5.858,50.81,28.07,32.95,15.58,1.942,-4.09,0.06067,0.8758,39.23,32.42,-21.41,17.37,5.697,-3.133,-2.336,-0.1462,-72.21,-15.14,0.2376,-26.56,-8.625,-9.768,-25.5,-14.59,-9.981,12.83,-4.214,-20.79,-102.4,1.882,-2.958,-103.5,20.74,-3.162,-164.6,3.98,-25.55,-77.77,-5.066,-1.242,-81.62,-0.7144,-1.226,-82.48,32.23,0.4547,-83.92,-6.932,3.729,-82.81,-28.44,-2.752,-81.06,14.82,3.053,-82.97,-17.54,3.821,-81.98,-0.1971,0.5104,-161.1,23.44,-189.9,-231.5,198.7,102.5,-347.6,250,-99.12,-230,436,69.83,-235.8,-23.43,-67.87,-149.9,339.4,33.2,-307.6,565.4,-106.4,-231,86.92,-28.81,-259.8,87.39,-114.7,-283.2,-1.459,98.62,-161.6,-167.9,3.419,802.8,163.1,24.44,-166,-199.2,92.79,63.92,-222.7,52.22,-32.64,-4.395,18.52,0.4467,-0.03259,0.8755,0.1603,-0.7016,0.3231,0.5575,-0.4552,0.5121,0.2578,-0.6328,0.3952,-0.4597,-0.4973,-0.4622,-0.7721,-0.1466,-0.3485,-0.5848,-0.327,-0.3872,0.7231,-0.1251,0.6745,0.6033,-0.06189,0.7929,0.5571,-0.4989,0.265,0.4538,-0.607,0.4575,-0.002319,-0.4708,0.01422,-0.6323,-0.4424,-0.415,-0.502,-0.6173,-0.52,-0.09864,-0.22,-0.2169
5.88,4.488,0.02165,3.72,10.16,2.044,5.386,-5.981,19.27,2.217,18.31,2.006,18.21,-0.9451,2.057,-44.53,-29.68,-0.9585,3.2,-3.914,5.841,50.6,27.4,32.39,15.55,2.035,-4.075,0.6721,0.6874,36.17,33.04,-22.76,18,5.961,-3.228,-3.258,0.001905,-72.22,-15.16,0.2477,-27.01,-8.858,-9.792,-25.96,-14.75,-10.01,12.56,-4.273,-20.9,-102.1,1.78,-3.007,-103.2,21.02,-3.22,-165,3.931,-25.9,-77.76,-5.148,-1.278,-81.58,-0.7433,-1.248,-83.15,31.64,0.1546,-84.34,-4.469,3.554,-82.22,-27.36,-3.654,-81.21,14.77,2.965,-83.16,-18.21,3.883,-81.96,-0.2542,0.4594,-204.1,17.58,-185.5,-234.9,222.2,128.4,-363.3,274.4,-84.96,-239.3,449.7,64.45,-242.7,-32.72,-69.34,-154.3,336.4,28.32,-320.3,576.2,-97.67,-228.5,91.31,-33.2,-284.2,116.2,-127,-345.7,-24.89,173.8,-139.2,-117.7,51.73,889.3,32.29,-155.2,-204.1,-209,238.3,74.27,-295.4,13.22,-72.2,-44.99,23.44,0.4466,-0.03247,0.8756,0.1618,-0.701,0.3269,0.5579,-0.454,0.5143,0.2585,-0.6324,0.3974,-0.4591,-0.4973,-0.4632,-0.7719,-0.1477,-0.3457,-0.5839,-0.3268,-0.3837,0.7226,-0.1252,0.675,0.603,-0.06226,0.793,0.5556,-0.5014,0.2687,0.4674,-0.5969,0.4473,0.004273,-0.4634,0.009094,-0.6313,-0.4431,-0.4151,-0.4985,-0.6204,-0.5217,-0.09821,-0.2205,-0.2172
5.89,4.594,0.02842,3.703,10.08,2.099,5.329,-5.901,19.56,2.09,18.27,1.879,18.15,-0.9161,2.17,-44.1,-29.46,-0.9421,3.101,-3.873,5.84,50.47,26.86,31.77,15.53,2.12,-4.11,1.264,0.4889,33.15,33.77,-23.97,18.65,6.101,-3.314,-4.096,0.1762,-72.23,-15.18,0.2576,-27.44,-9.062,-9.804,-26.4,-14.87,-10.02,12.27,-4.341,-20.96,-101.9,1.677,-3.049,-103,21.21,-3.269,-165.4,3.88,-26.15,-77.72,-5.249,-1.318,-81.52,-0.741,-1.296,-83.79,31.02,-0.1524,-84.71,-2.073,3.25,-81.62,-26.19,-4.491,-81.38,14.76,2.899,-83.36,-18.95,3.938,-81.93,-0.3488,0.4091,-235.3,17.09,-173.3,-239.3,236.8,134.3,-365.7,304.7,-83.98,-249.5,463.9,70.8,-263.2,-39.55,-61.53,-154.8,346.2,48.34,-335,567.4,-100.1,-256.8,99.11,-41.5,-295.4,124.5,-162.6,-351.1,-66.89,155.3,-55.69,-90.84,50.79,945.8,-60.6,-255.9,-187,-137.2,54.21,7.28,-263.1,20.47,-1.029,-32.71,-2.952,0.4464,-0.03235,0.8757,0.1631,-0.7005,0.3304,0.5583,-0.4527,0.5162,0.2596,-0.6317,0.3995,-0.4586,-0.4973,-0.4642,-0.7715,-0.1491,-0.3435,-0.5831,-0.327,-0.3809,0.7219,-0.1257,0.6756,0.603,-0.06287,0.793,0.5539,-0.5042,0.2722,0.4807,-0.5875,0.4364,0.01044,-0.4553,0.003662,-0.6304,-0.4438,-0.4148,-0.4945,-0.6238,-0.5235,-0.09778,-0.2212,-0.2177
5.9,4.707,0.04987,3.703,10,2.183,5.232,-5.819,19.75,1.995,18.22,1.771,18.09,-0.9189,2.288,-43.75,-29.34,-0.9302,3.018,-3.839,5.846,50.4,26.49,31.08,15.56,2.192,-4.096,1.766,0.2012,30.17,34.59,-25.02,19.33,6.28,-3.484,-4.811,0.422,-72.26,-15.19,0.2925,-27.8,-9.227,-9.81,-26.77,-14.96,-10.03,11.97,-4.392,-20.99,-101.9,1.581,-3.079,-103,21.3,-3.304,-165.7,3.84,-26.29,-77.65,-5.338,-1.367,-81.47,-0.7218,-1.367,-84.33,30.35,-0.4258,-85,0.2303,2.901,-81.05,-24.93,-5.313,-81.64,14.82,2.735,-83.66,-19.7,4.048,-81.9,-0.4473,0.3241,-245.6,30.76,-175.3,-246.1,240.2,146,-380.4,300.3,-67.87,-259.8,480.5,81.06,-278.3,-43.94,-62.5,-167,355,47.37,-333.5,576.7,-96.67,-303.7,104,-36.61,-302.7,109.4,-182.1,-346.7,-110.4,107.9,39.08,-101.6,-7.335,966.2,-172.9,-413.6,-254.4,-93.24,-21.01,-79.05,-110.4,8.784,-22.5,-10.21,-8.768,0.4464,-0.03198,0.8757,0.1643,-0.7,0.3333,0.5589,-0.4516,0.5177,0.2609,-0.6309,0.4015,-0.4583,-0.4972,-0.4651,-0.7711,-0.1507,-0.3419,-0.5822,-0.3276,-0.3787,0.7213,-0.1263,0.6762,0.6031,-0.06366,0.7928,0.552,-0.5075,0.2757,0.4931,-0.5787,0.4253,0.01679,-0.4466,-0.00177,-0.6294,-0.4439,-0.4145,-0.4903,-0.6277,-0.525,-0.09705,-0.2219,-0.2182
5.91,4.792,0.08507,3.685,9.965,2.261,5.138,-5.74,19.86,1.923,18.16,1.685,18.02,-0.9274,2.383,-43.46,-29.32,-0.913,2.935,-3.813,5.835,50.37,26.24,30.36,15.57,2.304,-4.102,2.148,-0.1269,27.3,35.45,-25.84,20.05,6.542,-3.727,-5.379,0.6921,-72.29,-15.2,0.324,-28.1,-9.357,-9.813,-27.08,-15.01,-10.03,11.69,-4.441,-21,-101.9,1.487,-3.095,-103,21.31,-3.321,-166,3.819,-26.33,-77.58,-5.382,-1.418,-81.39,-0.6856,-1.455,-84.71,29.66,-0.594,-85.18,2.396,2.536,-80.53,-23.57,-6.119,-81.93,14.89,2.562,-83.99,-20.49,4.222,-81.85,-0.5458,0.2209,-246.6,34.67,-164.1,-247.1,236.8,132.3,-372.5,292.5,-75.68,-260.7,481.9,78.61,-291.5,-47.36,-69.34,-173.3,362.3,47.85,-353.5,547.4,-90.82,-339.3,102.5,-16.12,-307.1,85.44,-184.1,-336.4,-134.8,91.79,97.15,-146.5,3.916,973.5,-144.5,-495.6,-237.8,-88.38,112.3,-100.1,-3.446,95.74,14.12,23.92,-12.17,0.4464,-0.03168,0.8758,0.1654,-0.6996,0.3357,0.5595,-0.4507,0.5188,0.2622,-0.6301,0.4032,-0.4581,-0.4973,-0.4659,-0.7705,-0.1525,-0.3408,-0.5813,-0.3287,-0.3771,0.7209,-0.127,0.6764,0.6032,-0.0647,0.7926,0.5503,-0.5107,0.2796,0.5042,-0.5708,0.414,0.02338,-0.437,-0.007141,-0.6287,-0.4436,-0.4145,-0.4859,-0.632,-0.5262,-0.09619,-0.2227,-0.2188
5.92,4.879,0.1331,3.662,9.949,2.336,5.048,-5.644,19.87,1.862,18.09,1.608,17.94,-0.9395,2.466,-43.23,-29.41,-0.9046,2.86,-3.793,5.817,50.38,26.13,29.6,15.54,2.515,-4.098,2.326,-0.3839,24.59,36.37,-26.48,20.83,6.829,-3.952,-5.718,0.8874,-72.31,-15.19,0.3583,-28.33,-9.457,-9.806,-27.34,-15.02,-10.02,11.44,-4.459,-20.98,-102,1.398,-3.104,-103.1,21.24,-3.329,-166.2,3.808,-26.27,-77.52,-5.386,-1.466,-81.31,-0.6094,-1.556,-84.84,28.98,-0.5522,-85.19,4.414,2.122,-80.05,-22.16,-6.87,-82.14,14.95,2.385,-84.25,-21.35,4.396,-81.81,-0.6444,0.132,-231.9,40.04,-149.9,-242.2,234.9,148.9,-366.2,277.3,-66.89,-261.7,486.8,78.12,-294.9,-50.29,-76.66,-178.7,367.7,59.57,-350.6,529.3,-86.91,-360.8,102.1,-31.24,-288.1,55.17,-188.5,-294.5,-104.5,111.8,128.4,-202.6,5.846,975.5,-134.8,-605.9,-267.1,-75.22,113.3,-141.6,-4.897,174.3,-8.235,73.3,-28.81,0.4465,-0.03137,0.8757,0.1662,-0.6992,0.3376,0.5603,-0.4499,0.5193,0.2636,-0.6293,0.4046,-0.4579,-0.4974,-0.4666,-0.7698,-0.1545,-0.3403,-0.5804,-0.3304,-0.376,0.7208,-0.1276,0.6764,0.6037,-0.06586,0.7922,0.5487,-0.5133,0.284,0.5137,-0.5642,0.4023,0.02979,-0.4269,-0.01239,-0.6282,-0.443,-0.4148,-0.4815,-0.6361,-0.5279,-0.09546,-0.2234,-0.2194
5.93,4.973,0.1914,3.632,9.974,2.42,4.968,-5.533,19.82,1.834,18.03,1.565,17.87,-0.9574,2.544,-43.05,-29.62,-0.8923,2.801,-3.764,5.793,50.41,26.14,28.8,15.45,2.812,-4.138,2.246,-0.537,22.05,37.31,-26.94,21.67,7.091,-4.137,-5.808,0.9674,-72.31,-15.19,0.3943,-28.51,-9.533,-9.795,-27.54,-14.98,-10,11.21,-4.464,-20.91,-102.2,1.305,-3.108,-103.3,21.1,-3.33,-166.4,3.798,-26.12,-77.44,-5.365,-1.522,-81.21,-0.5016,-1.678,-84.68,28.3,-0.303,-84.96,6.264,1.732,-79.59,-20.74,-7.447,-82.23,14.97,2.259,-84.42,-22.26,4.583,-81.76,-0.7252,0.0928,-217.8,43.95,-140.6,-248.1,227.5,137.7,-358.9,266.1,-76.66,-268.1,477.1,71.78,-294.9,-50.78,-83.5,-185.5,362.3,46.39,-341.8,517.6,-84.96,-372.6,100.1,-58.11,-266.1,36.62,-210,-262.2,-66.41,146,151.4,-267.1,-16.6,960.5,-179.7,-718.7,-279.8,-99.12,97.19,-75.18,-54.68,56.65,-81.61,66.45,62,0.4465,-0.03113,0.8757,0.1668,-0.6988,0.339,0.5611,-0.4491,0.5196,0.265,-0.6285,0.4055,-0.4577,-0.4975,-0.4672,-0.7691,-0.1567,-0.3403,-0.5794,-0.3324,-0.3754,0.7208,-0.1284,0.6762,0.6043,-0.06727,0.7916,0.5467,-0.5157,0.2887,0.5211,-0.5593,0.3903,0.03491,-0.4166,-0.01752,-0.6281,-0.4423,-0.4154,-0.4776,-0.64,-0.5299,-0.09516,-0.224,-0.2199
5.94,5.056,0.2439,3.613,10.02,2.498,4.859,-5.404,19.71,1.818,17.96,1.546,17.8,-0.958,2.6,-42.92,-29.94,-0.8958,2.758,-3.748,5.771,50.46,26.26,28.03,15.33,3.193,-4.221,1.953,-0.6312,19.71,38.26,-27.31,22.48,7.273,-4.185,-5.68,0.985,-72.31,-15.19,0.4174,-28.64,-9.582,-9.768,-27.69,-14.91,-9.969,11.02,-4.435,-20.82,-102.5,1.207,-3.106,-103.6,20.88,-3.324,-166.6,3.785,-25.89,-77.33,-5.317,-1.59,-81.09,-0.3775,-1.806,-84.25,27.66,0.1311,-84.52,7.953,1.376,-79.17,-19.39,-7.827,-82.24,14.97,2.183,-84.5,-23.2,4.719,-81.72,-0.871,0.1379,-193.4,45.9,-133.8,-263.7,214.4,144.5,-367.2,265.6,-62.99,-270,468.3,66.41,-293,-54.68,-99.61,-177.2,358.4,52.25,-328.1,502.9,-83.99,-358.4,108.9,-95.21,-225.1,27.84,-204.1,-253.4,-20.03,191.4,244.6,-402.3,-75.67,819.5,-416.1,-809.1,-278.8,-134.3,-64.46,36.63,-218.7,-15.15,-60,-24.95,24.87,0.4465,-0.03101,0.8756,0.1672,-0.6985,0.34,0.5622,-0.4483,0.5197,0.2666,-0.6278,0.4061,-0.4575,-0.4978,-0.4677,-0.7684,-0.1591,-0.3408,-0.5783,-0.3349,-0.3752,0.7209,-0.1295,0.6759,0.605,-0.06885,0.7909,0.5442,-0.5177,0.2934,0.5265,-0.5558,0.3781,0.03839,-0.4066,-0.0224,-0.6278,-0.4421,-0.4158,-0.4736,-0.6434,-0.5324,-0.09553,-0.2252,-0.2202
5.95,5.074,0.2816,3.622,10.08,2.597,4.728,-5.277,19.52,1.828,17.89,1.543,17.71,-0.9814,2.655,-42.79,-30.36,-0.8971,2.728,-3.71,5.755,50.52,26.47,27.34,15.28,3.604,-4.289,1.646,-0.6966,17.6,39.27,-27.64,23.3,7.404,-4.175,-5.449,0.9674,-72.28,-15.18,0.4418,-28.74,-9.601,-9.743,-27.82,-14.8,-9.938,10.83,-4.387,-20.69,-102.9,1.103,-3.102,-104,20.59,-3.313,-166.8,3.758,-25.59,-77.18,-5.251,-1.68,-80.96,-0.3032,-1.939,-83.81,27.05,0.588,-84.07,9.451,1.05,-78.84,-18.21,-8.106,-82.21,14.99,2.096,-84.53,-24.19,4.789,-81.67,-1.038,0.1764,-186.5,39.06,-128.4,-264.7,209,160.2,-376.5,275.9,-61.52,-278.8,458.5,61.03,-278.3,-53.7,-107.4,-164.5,346.2,30.76,-310,485.8,-82.03,-326.2,103,-126,-206.1,32.22,-231,-143,54.69,162.6,343.2,-562,-251,762.4,-724.6,-935,-265.1,-112.3,-53.22,46.41,-242.6,-150.9,-59.55,-120.1,8.321,0.4466,-0.03095,0.8755,0.1677,-0.6982,0.3407,0.5634,-0.4476,0.5195,0.2684,-0.627,0.4063,-0.4571,-0.4981,-0.468,-0.7674,-0.1617,-0.3418,-0.5769,-0.3378,-0.3754,0.7211,-0.131,0.6754,0.6054,-0.0705,0.7905,0.5412,-0.5196,0.2978,0.531,-0.5529,0.3668,0.0412,-0.3977,-0.02637,-0.6269,-0.4421,-0.4158,-0.4695,-0.6465,-0.5356,-0.09583,-0.2266,-0.2206
5.96,5.084,0.3019,3.681,10.13,2.707,4.549,-5.127,19.25,1.85,17.81,1.548,17.63,-1.014,2.708,-42.7,-30.91,-0.8883,2.733,-3.669,5.755,50.61,26.79,26.69,15.26,3.979,-4.372,1.509,-0.7958,15.71,40.31,-28.01,24.09,7.666,-4.182,-5.254,1.022,-72.26,-15.16,0.4668,-28.81,-9.598,-9.719,-27.92,-14.65,-9.908,10.65,-4.32,-20.52,-103.4,0.9985,-3.099,-104.5,20.22,-3.303,-167,3.702,-25.22,-76.98,-5.192,-1.785,-80.83,-0.2442,-2.067,-83.55,26.46,0.9213,-83.8,10.75,0.8175,-78.7,-17.26,-8.459,-82.22,15.03,2.019,-84.58,-25.19,4.833,-81.59,-1.249,0.1699,-188.5,47.36,-137.2,-263.2,194.3,162.1,-393.6,283.2,-46.38,-275.9,453.6,58.11,-265.1,-51.75,-106.9,-156.2,330.6,27.83,-289.6,464.4,-87.4,-284.2,94.72,-119.6,-168.5,51.77,-131.8,-89.35,188,-43.96,343.2,-682.6,-334.5,660.8,-977.1,-1040,-260.2,-135.2,-37.59,48.8,-124,-144,-31.76,-40.59,33.73,0.4467,-0.03088,0.8754,0.1682,-0.698,0.341,0.5648,-0.447,0.5189,0.2703,-0.6261,0.4063,-0.4566,-0.4986,-0.4682,-0.7665,-0.1644,-0.3432,-0.5753,-0.341,-0.3761,0.7212,-0.1328,0.6749,0.6056,-0.07209,0.7901,0.5384,-0.5216,0.302,0.5352,-0.5497,0.3577,0.04499,-0.3906,-0.02875,-0.6262,-0.4421,-0.4156,-0.4649,-0.6496,-0.5387,-0.09577,-0.2283,-0.2214
5.97,5.044,0.3102,3.773,10.14,2.835,4.343,-4.982,18.93,1.885,17.7,1.564,17.51,-1.054,2.77,-42.64,-31.52,-0.891,2.742,-3.639,5.753,50.7,27.18,26.1,15.31,4.32,-4.455,1.762,-1.003,14.04,41.41,-28.41,24.91,8.121,-4.226,-5.271,1.196,-72.24,-15.13,0.4955,-28.85,-9.56,-9.68,-27.99,-14.47,-9.86,10.5,-4.232,-20.33,-104,0.8777,-3.094,-105.1,19.78,-3.288,-167.2,3.63,-24.77,-76.75,-5.145,-1.904,-80.71,-0.2496,-2.193,-83.74,25.87,1.03,-83.95,11.83,0.6471,-78.77,-16.57,-9.03,-82.34,15.08,1.915,-84.76,-26.24,4.894,-81.51,-1.494,0.1333,-186,56.15,-168,-250.5,185.5,158.7,-375.5,305.2,-44.92,-270.5,443.9,56.16,-242.7,-42.96,-112.8,-141.1,317.4,18.55,-262.7,448.2,-83.5,-234.9,71.29,-87.41,-194.8,63.96,-129.4,-205.1,298.8,-224.1,276.4,-746.1,-265.6,665.2,-893.5,-1077,-284.2,-129.9,-136.7,84.51,-65.47,-111.9,-4.411,21.46,28.81,0.447,-0.03082,0.8752,0.1686,-0.6977,0.341,0.5663,-0.4466,0.518,0.2724,-0.6253,0.406,-0.456,-0.4992,-0.4684,-0.7654,-0.1674,-0.3452,-0.5734,-0.3446,-0.3771,0.7211,-0.1349,0.6745,0.6054,-0.07361,0.7901,0.5369,-0.5231,0.3065,0.5403,-0.5451,0.352,0.05103,-0.3858,-0.02936,-0.6257,-0.4419,-0.4156,-0.4596,-0.6533,-0.5417,-0.09547,-0.2303,-0.2223
5.98,5.039,0.329,3.886,10.09,2.929,4.144,-4.82,18.52,1.917,17.57,1.583,17.37,-1.08,2.8,-42.6,-32.24,-0.8914,2.777,-3.612,5.768,50.79,27.65,25.49,15.37,4.52,-4.555,2.44,-1.233,12.64,42.6,-28.82,25.79,8.579,-4.254,-5.488,1.405,-72.2,-15.06,0.5077,-28.86,-9.497,-9.626,-28.03,-14.25,-9.797,10.36,-4.123,-20.11,-104.7,0.7637,-3.08,-105.7,19.26,-3.262,-167.3,3.525,-24.26,-76.52,-5.124,-2.004,-80.6,-0.2459,-2.312,-84.39,25.28,0.8129,-84.54,12.65,0.4523,-79.05,-16.14,-9.71,-82.51,15.15,1.827,-84.98,-27.34,4.954,-81.42,-1.742,0.1059,-180.2,67.39,-177.3,-228.5,188,157.2,-355,300.8,-56.64,-254.9,436.5,62.5,-233.4,-31.25,-96.68,-130.9,292.5,10.74,-246.6,433.6,-88.39,-198.7,44.93,-44.44,-186,69.34,-93.26,-267.1,315.9,-183.6,170.9,-696.8,-161.2,674.8,-653.3,-1094,-270.5,-65.43,17.57,51.75,-135.7,5.883,-77.64,-37.1,37.58,0.4475,-0.03095,0.8749,0.169,-0.6974,0.3408,0.5678,-0.4464,0.5165,0.2745,-0.6245,0.4054,-0.4555,-0.4998,-0.4685,-0.7641,-0.1707,-0.3476,-0.5711,-0.3485,-0.3786,0.7209,-0.1369,0.6742,0.6053,-0.07502,0.7901,0.5368,-0.5247,0.3108,0.5466,-0.5396,0.3495,0.05835,-0.383,-0.02814,-0.6257,-0.4414,-0.4155,-0.4536,-0.6573,-0.5448,-0.09522,-0.2323,-0.2232
5.99,5.071,0.3518,3.998,10.04,3.01,3.946,-4.681,18.06,1.98,17.43,1.638,17.23,-1.111,2.824,-42.58,-32.97,-0.9099,2.825,-3.578,5.76,50.85,28.15,24.93,15.41,4.617,-4.679,3.325,-1.399,11.54,43.83,-29.19,26.67,8.88,-4.251,-5.742,1.596,-72.17,-15,0.5136,-28.88,-9.398,-9.557,-28.08,-14.01,-9.72,10.25,-3.985,-19.87,-105.4,0.6497,-3.063,-106.4,18.68,-3.233,-167.5,3.384,-23.68,-76.3,-5.114,-2.096,-80.5,-0.2171,-2.429,-85.28,24.76,0.413,-85.35,13.21,0.2288,-79.49,-15.91,-10.29,-82.61,15.23,1.783,-85.15,-28.49,4.976,-81.32,-2.032,0.06993,-145.5,90.34,-181.2,-204.6,186,137.2,-322.3,282.7,-59.09,-232.4,439.4,70.8,-213.4,-19.05,-84.97,-98.62,285.2,0,-224.6,422.9,-83.5,-168.5,21.96,-28.32,-153.3,32.72,-69.33,-222.2,263.2,-52.72,114.8,-628.4,-139.1,682.5,-428.2,-1069,-278.3,8.777,-142.1,-58.58,-100.1,-118.6,-10.29,-122.5,-7.336,0.448,-0.03107,0.8746,0.1696,-0.697,0.3403,0.5692,-0.4466,0.5147,0.2767,-0.6238,0.4044,-0.4552,-0.5003,-0.4688,-0.7626,-0.174,-0.3505,-0.5685,-0.3527,-0.3806,0.7207,-0.1388,0.674,0.6054,-0.07636,0.7899,0.537,-0.5265,0.3142,0.5531,-0.5342,0.3491,0.06507,-0.3816,-0.02533,-0.6257,-0.4412,-0.4151,-0.4475,-0.661,-0.5483,-0.09492,-0.2346,-0.2242
6,5.117,0.345,4.102,9.986,3.069,3.778,-4.529,17.53,2.058,17.28,1.723,17.07,-1.126,2.822,-42.57,-33.72,-0.9496,2.873,-3.566,5.754,50.91,28.65,24.42,15.46,4.626,-4.747,4.332,-1.593,10.76,45.09,-29.51,27.54,8.883,-4.315,-5.975,1.808,-72.13,-14.93,0.5099,-28.86,-9.278,-9.465,-28.1,-13.75,-9.618,10.18,-3.814,-19.61,-106.1,0.5351,-3.025,-107,18.04,-3.182,-167.6,3.223,-23.04,-76.09,-5.1,-2.173,-80.4,-0.166,-2.503,-86.29,24.3,-0.07202,-86.28,13.54,-0.02814,-80.05,-15.88,-10.62,-82.74,15.33,1.717,-85.33,-29.65,5.001,-81.22,-2.339,-0.03856,-108.4,85.45,-178.2,-182.1,188,134.3,-287.6,265.1,-62.99,-195.3,441.4,92.29,-198.3,-7.331,-71.29,-81.06,272.9,-2.925,-187.5,405.3,-81.05,-126.9,22.94,-2.921,-141.1,34.17,-82.53,-190.4,296.4,38.09,103.5,-505.8,-129.4,635.8,-439,-1086,-275.4,11.21,-81.04,-129.9,20.49,-132.3,-1.912,-75.62,-7.784,0.4485,-0.03131,0.8743,0.1702,-0.6964,0.3396,0.5708,-0.4468,0.5125,0.279,-0.6232,0.403,-0.4551,-0.5006,-0.4692,-0.761,-0.1776,-0.3538,-0.5656,-0.3572,-0.3829,0.7204,-0.1405,0.6738,0.6056,-0.0774,0.7896,0.5371,-0.5284,0.3167,0.5593,-0.5294,0.3504,0.06977,-0.3814,-0.02118,-0.6255,-0.4409,-0.4145,-0.4412,-0.6647,-0.5517,-0.094,-0.2371,-0.2254
6.01,5.203,0.3315,4.181,9.946,3.09,3.656,-4.397,16.97,2.183,17.13,1.867,16.93,-1.131,2.776,-42.57,-34.43,-1.012,2.905,-3.555,5.715,50.94,29.12,23.96,15.47,4.586,-4.813,5.392,-1.781,10.28,46.36,-29.8,28.4,8.663,-4.426,-6.129,2.022,-72.07,-14.89,0.4776,-28.83,-9.115,-9.36,-28.09,-13.45,-9.505,10.14,-3.603,-19.32,-106.7,0.424,-2.967,-107.6,17.37,-3.109,-167.8,3.057,-22.34,-75.92,-5.093,-2.236,-80.31,-0.08112,-2.559,-87.34,23.91,-0.6012,-87.26,13.63,-0.3233,-80.71,-16.04,-10.76,-82.86,15.43,1.669,-85.52,-30.82,5.027,-81.11,-2.66,-0.198,-73.25,69.34,-163.6,-163.6,200.7,113.8,-255.4,262.2,-75.19,-168.5,427.7,92.77,-189.9,-12.21,-65.43,-54.68,268.6,-10.25,-147,386.2,-81.05,-114.8,16.12,-2.431,-153.8,26.86,-110.4,-162.6,304.2,46.88,90.31,-338.4,-76.16,556.6,-515.7,-1125,-268.1,15.12,63.47,-79.62,-18.04,-14.67,-95.29,-42.01,-6.8,0.4488,-0.0318,0.874,0.1708,-0.6959,0.3385,0.5725,-0.447,0.5101,0.2813,-0.6228,0.4011,-0.4553,-0.5009,-0.4698,-0.7592,-0.1812,-0.3576,-0.5626,-0.362,-0.3855,0.7202,-0.142,0.6737,0.6061,-0.07831,0.7891,0.5371,-0.5303,0.3184,0.5651,-0.5255,0.3529,0.073,-0.3823,-0.01581,-0.6254,-0.4407,-0.4139,-0.4348,-0.6684,-0.5551,-0.09265,-0.2396,-0.2268
6.02,5.33,0.2959,4.277,9.918,3.084,3.558,-4.232,16.38,2.31,16.97,2.03,16.78,-1.105,2.711,-42.59,-35.13,-1.053,2.935,-3.548,5.656,50.95,29.58,23.52,15.4,4.538,-4.866,6.357,-1.827,10.09,47.64,-30.04,29.27,8.439,-4.45,-6.14,2.171,-72,-14.85,0.4311,-28.76,-8.954,-9.239,-28.07,-13.13,-9.373,10.15,-3.392,-19.01,-107.3,0.3013,-2.891,-108.2,16.65,-3.018,-167.9,2.872,-21.57,-75.76,-5.082,-2.285,-80.25,0.05126,-2.582,-88.31,23.58,-1.054,-88.16,13.49,-0.5887,-81.45,-16.39,-10.85,-82.86,15.5,1.681,-85.56,-32.03,4.94,-80.97,-3.007,-0.3686,-56.14,49.31,-136.2,-164.1,212.9,106,-249.5,258.8,-83.01,-156.2,413.1,93.26,-170.4,-22.46,-46.88,-42.98,262.7,-8.303,-117.2,379.9,-74.71,-129.9,14.65,-31.73,-139.6,55.17,-138.2,-167,270.5,46.37,95.69,-161.6,-8.328,499.1,-485.4,-1120,-212.9,66.44,-72.25,-60.51,-10.25,55.2,-1.47,-26.37,2.952,0.4491,-0.03241,0.8738,0.1713,-0.6953,0.3372,0.5744,-0.4471,0.5075,0.2834,-0.6224,0.3988,-0.4559,-0.501,-0.4708,-0.7574,-0.1849,-0.3618,-0.5594,-0.3671,-0.3886,0.7201,-0.1433,0.6735,0.607,-0.07886,0.7884,0.5365,-0.532,0.3197,0.5696,-0.5228,0.3564,0.07587,-0.3847,-0.009522,-0.6256,-0.4404,-0.4135,-0.4285,-0.6712,-0.5594,-0.09125,-0.2423,-0.2283
6.03,5.446,0.2516,4.354,9.945,3.051,3.479,-4.069,15.76,2.476,16.79,2.229,16.61,-1.08,2.621,-42.66,-35.72,-1.081,2.961,-3.543,5.563,50.96,29.97,23.11,15.3,4.458,-4.831,7.186,-1.819,10.2,48.91,-30.25,30.13,8.291,-4.444,-5.989,2.254,-71.94,-14.83,0.3761,-28.66,-8.759,-9.117,-28,-12.78,-9.241,10.22,-3.17,-18.69,-107.9,0.1737,-2.784,-108.7,15.91,-2.895,-168,2.678,-20.74,-75.62,-5.029,-2.316,-80.2,0.2167,-2.582,-89.13,23.31,-1.453,-88.92,13.11,-0.8074,-82.23,-16.95,-10.95,-82.8,15.56,1.646,-85.49,-33.25,4.79,-80.83,-3.362,-0.562,-53.22,25.88,-109.9,-151.4,210,98.63,-249,261.7,-69.34,-144,401.9,87.89,-135.7,-23.93,-48.83,-21.98,253.9,-10.74,-92.27,366.2,-64.46,-161.6,21.49,-67.87,-111.8,120.6,-188.5,-136.2,251.5,78.11,71.31,-104,61.05,403.9,-429.7,-1081,-226.5,66.91,-22.48,-115.2,128.4,-4.432,30.29,10.73,-1.432,0.4492,-0.03302,0.8737,0.1718,-0.6948,0.3356,0.5764,-0.4471,0.5047,0.2854,-0.622,0.3962,-0.4567,-0.501,-0.472,-0.7554,-0.1886,-0.3664,-0.556,-0.3723,-0.3921,0.7202,-0.1443,0.6731,0.6081,-0.07923,0.7875,0.536,-0.5336,0.3205,0.5726,-0.5216,0.3606,0.07874,-0.3888,-0.002686,-0.626,-0.4395,-0.4137,-0.4223,-0.6736,-0.5641,-0.08967,-0.245,-0.23
6.04,5.521,0.2021,4.415,10.02,3.013,3.417,-3.916,15.16,2.68,16.58,2.463,16.41,-1.058,2.542,-42.81,-36.24,-1.1,2.972,-3.523,5.436,51,30.33,22.72,15.18,4.359,-4.763,7.819,-1.772,10.54,50.19,-30.47,30.99,8.244,-4.454,-5.683,2.299,-71.89,-14.81,0.3301,-28.49,-8.535,-8.981,-27.87,-12.4,-9.094,10.32,-2.956,-18.32,-108.4,0.02329,-2.655,-109.1,15.16,-2.751,-168,2.49,-19.86,-75.52,-4.934,-2.335,-80.17,0.3862,-2.565,-89.74,23.07,-1.765,-89.48,12.53,-0.9709,-82.99,-17.74,-11.07,-82.7,15.61,1.607,-85.38,-34.49,4.634,-80.7,-3.732,-0.7751,-73.73,19.53,-85.44,-131.4,205.6,106,-244.6,274.9,-51.76,-142.1,367.2,93.26,-125.5,-28.32,-50.3,5.853,245.1,-14.16,-62.49,351.6,-58.59,-170.4,37.59,-87.9,-101.1,156.3,-185.1,-137.2,246.6,100.6,53.69,-197.7,123.5,277,-365.3,-1018,-184.1,2.903,62.52,-74.73,177.7,25.87,-20.44,58.04,67.37,0.4493,-0.03351,0.8736,0.172,-0.6942,0.3335,0.5785,-0.4472,0.5018,0.2874,-0.6215,0.3933,-0.4577,-0.501,-0.4735,-0.7535,-0.1922,-0.3712,-0.5525,-0.3778,-0.3959,0.7206,-0.1451,0.6724,0.6092,-0.07941,0.7865,0.5357,-0.535,0.3212,0.5738,-0.5221,0.3652,0.08155,-0.3946,0.004212,-0.6267,-0.4384,-0.4143,-0.4162,-0.6757,-0.5688,-0.0879,-0.2479,-0.2316
6.05,5.572,0.1646,4.414,10.09,2.962,3.402,-3.766,14.57,2.882,16.3,2.685,16.14,-1.048,2.463,-43.04,-36.66,-1.11,2.986,-3.5,5.301,51.11,30.64,22.29,15.01,4.241,-4.653,8.327,-1.692,10.99,51.48,-30.81,31.83,8.305,-4.413,-5.292,2.273,-71.85,-14.75,0.2861,-28.26,-8.277,-8.845,-27.67,-12,-8.949,10.42,-2.744,-17.93,-108.7,-0.1509,-2.501,-109.4,14.4,-2.582,-168.1,2.296,-18.96,-75.47,-4.807,-2.337,-80.11,0.5655,-2.543,-90.2,22.79,-2.027,-89.88,11.81,-1.091,-83.7,-18.81,-11.25,-82.56,15.62,1.541,-85.19,-35.78,4.446,-80.57,-4.156,-0.9607,-103,32.23,-90.33,-117.2,176.8,92.28,-225.6,265.6,-53.22,-116.2,353,91.79,-126,-21.48,-19.53,31.24,236.8,-27.34,-21,333,-54.19,-184.1,61.03,-95.7,-113.3,160.2,-172.4,-172.8,199.2,147.5,27.31,-399.4,86.92,187.4,-373.1,-921.8,-152.4,-22.96,7.792,89.4,-75.17,122.1,-90.88,-52.23,66.92,0.4497,-0.034,0.8734,0.1721,-0.6938,0.3308,0.5805,-0.4474,0.4985,0.2894,-0.6209,0.3902,-0.4588,-0.5011,-0.4754,-0.7516,-0.1958,-0.3764,-0.5491,-0.3831,-0.4,0.7213,-0.1455,0.6715,0.6104,-0.07965,0.7855,0.5362,-0.5362,0.3223,0.5737,-0.5238,0.37,0.08448,-0.4027,0.01093,-0.627,-0.4373,-0.4152,-0.4102,-0.6776,-0.5739,-0.08631,-0.2512,-0.2332
6.06,5.65,0.1555,4.366,10.15,2.904,3.42,-3.602,13.95,3.073,15.98,2.898,15.82,-1.025,2.383,-43.35,-37.02,-1.151,2.992,-3.472,5.166,51.3,30.95,21.75,14.77,4.062,-4.559,8.9,-1.466,11.5,52.76,-31.36,32.64,8.677,-4.289,-5.273,2.127,-71.83,-14.68,0.2508,-27.97,-8.015,-8.696,-27.41,-11.58,-8.79,10.5,-2.513,-17.5,-109.1,-0.3387,-2.32,-109.7,13.6,-2.387,-168,2.102,-18.01,-75.47,-4.675,-2.32,-80.07,0.7793,-2.534,-90.72,22.43,-2.369,-90.35,10.93,-1.19,-84.06,-20.21,-11.88,-82.26,15.58,1.521,-84.81,-37.1,4.126,-80.45,-4.647,-1.16,-125.5,59.08,-76.66,-94.25,152.3,83.01,-194.8,246.6,-36.62,-93.75,340.3,104,-100.1,-13.67,-19.53,39.08,229,-16.61,9.754,314.9,-56.64,-195.3,99.11,-121.6,-115.2,154.8,-199.2,-132.8,143.1,153.8,23.46,-586.5,80.08,1260,2798,-594.7,-137.2,-65.9,9.256,81.55,-10.7,-22,-35.14,-72.78,85.98,0.4502,-0.03436,0.8732,0.1718,-0.6933,0.3277,0.5825,-0.4478,0.4947,0.2918,-0.6202,0.3871,-0.4601,-0.5011,-0.4774,-0.7496,-0.1993,-0.382,-0.5457,-0.3885,-0.4045,0.7221,-0.1455,0.6707,0.6119,-0.07996,0.7844,0.5381,-0.5373,0.3242,0.5733,-0.5258,0.3759,0.08985,-0.4138,0.01502,-0.6274,-0.4362,-0.4165,-0.4043,-0.6786,-0.5799,-0.08454,-0.2551,-0.2346
6.07,5.683,0.1502,4.298,10.26,2.831,3.45,-3.452,13.35,3.305,15.61,3.147,15.46,-1.012,2.294,-43.72,-37.29,-1.208,3.016,-3.434,5.021,51.58,31.22,21.17,14.5,3.874,-4.424,9.642,-1.312,12.08,54.02,-31.69,33.35,7.517,-4.236,-6.479,2.021,-71.82,-14.6,0.2123,-27.62,-7.71,-8.537,-27.1,-11.12,-8.622,10.53,-2.27,-17.04,-109.3,-0.5458,-2.111,-109.8,12.8,-2.164,-168,1.895,-17.04,-75.49,-4.494,-2.294,-80.02,0.9986,-2.519,-91.41,22.01,-2.766,-90.96,9.94,-1.303,-83.26,-21.44,-11.46,-82.04,15.52,1.446,-84.48,-38.43,3.839,-80.34,-5.242,-1.401,-113.3,61.03,-48.83,-65.44,122.6,78.61,-148.9,216.3,-33.2,-49.79,326.2,105,-69.33,7.331,-26.86,44.43,219.7,-1.958,34.68,295.4,-53.22,-178.2,154.3,-109.9,-77.15,168,-111.8,-24.88,102.5,136.2,103,-672.8,209,4216,2578,822.8,-145,-120.1,85.43,159.1,88.41,-63.02,-80.58,63.47,250.5,0.4508,-0.03473,0.8729,0.1714,-0.6929,0.3241,0.5846,-0.4482,0.4906,0.2946,-0.6192,0.384,-0.4615,-0.5012,-0.4798,-0.7477,-0.2027,-0.388,-0.5423,-0.3937,-0.4093,0.7232,-0.1454,0.6695,0.6133,-0.08027,0.7831,0.5411,-0.5379,0.327,0.5733,-0.5276,0.3829,0.08216,-0.4238,0.01032,-0.6279,-0.4348,-0.4182,-0.3982,-0.6798,-0.5855,-0.08234,-0.2599,-0.2361
6.08,5.712,0.1296,4.38,10.37,2.744,3.401,-3.283,12.78,3.578,15.24,3.438,15.09,-0.9907,2.214,-44.11,-37.53,-1.268,3.055,-3.405,4.831,51.91,31.48,20.59,14.24,3.758,-4.236,9.765,-1.141,12.9,55.34,-29.35,33.94,5.147,-4.067,-8.152,1.949,-71.8,-14.54,0.1683,-27.25,-7.388,-8.356,-26.76,-10.64,-8.432,10.55,-2.015,-16.55,-109.5,-0.7768,-1.897,-110,12,-1.939,-167.9,1.674,-16.04,-75.42,-4.314,-2.266,-80.03,1.206,-2.488,-91.48,21.63,-2.818,-91,8.739,-1.365,-81.59,-20.18,-9.621,-81.84,15.46,1.34,-84.18,-39.82,3.578,-80.22,-6.02,-1.509,-49.3,61.53,6.355,-36.63,81.05,72.26,-104.5,176.7,-53.22,-10.26,314,104.5,-36.14,18.07,-45.41,64.93,214.8,-16.61,87.9,250,0.9729,-124.5,159.2,-2.431,-30.77,111.8,-9.269,30.29,61.54,144.5,61,-124,-322.7,6527,-1464,-767,-107.9,-202.6,10.25,425.7,-172.4,105,-215.3,-121.1,291.5,0.4512,-0.03516,0.8727,0.171,-0.6924,0.3203,0.5868,-0.4486,0.4861,0.2977,-0.6181,0.3808,-0.4629,-0.5013,-0.4824,-0.7459,-0.206,-0.394,-0.5387,-0.3989,-0.4145,0.7242,-0.1458,0.6683,0.6148,-0.08014,0.782,0.5445,-0.5376,0.3307,0.5697,-0.5329,0.3886,0.06152,-0.4135,-0.003357,-0.6286,-0.4331,-0.4203,-0.3917,-0.6813,-0.5909,-0.08118,-0.2662,-0.2376
6.09,5.839,0.1005,4.695,10.43,2.601,3.192,-3.089,12.26,3.876,14.88,3.76,14.74,-0.9455,2.148,-44.5,-37.74,-1.322,3.15,-3.368,4.516,52.28,31.71,20.01,13.96,3.656,-3.939,8.947,-0.8274,14.36,56.75,-22.41,34.42,3.075,-3.782,-7.182,1.788,-71.77,-14.5,0.1135,-26.88,-7.064,-8.149,-26.43,-10.12,-8.216,10.53,-1.764,-16.01,-109.7,-1.021,-1.699,-110.1,11.23,-1.732,-167.8,1.383,-14.95,-75.19,-4.196,-2.201,-80.11,1.445,-2.422,-90.6,21.33,-2.456,-90.09,6.984,-1.579,-82.02,-15.09,-6.66,-81.57,15.41,1.2,-83.69,-41.3,3.149,-80.1,-6.988,-1.616,79.11,56.64,29.29,35.14,56.64,54.68,-54.2,138.7,-68.36,51.76,293.5,124,47.35,27.84,-75.69,122.6,181.6,-44.43,177.7,146,51.27,-66.89,44.44,38.09,56.63,20.03,72.25,58.61,128.9,103,383.8,1083,-909.2,-2068,-2845,-254.4,-135.8,-236.8,-102.5,542.4,-15.14,-66.89,-127.5,-82.09,333.5,0.4515,-0.03565,0.8725,0.1705,-0.6918,0.3164,0.5893,-0.4486,0.4814,0.3012,-0.6166,0.3777,-0.4643,-0.5011,-0.4853,-0.7445,-0.2091,-0.4001,-0.5345,-0.4045,-0.4203,0.7246,-0.147,0.6673,0.6165,-0.07941,0.7808,0.5481,-0.5365,0.3348,0.5603,-0.5457,0.3922,0.04321,-0.3702,-0.002503,-0.6295,-0.4308,-0.4228,-0.3849,-0.682,-0.5973,-0.0799,-0.2742,-0.239
6.1,5.974,0.04529,5.12,10.44,2.42,3.002,-2.854,11.81,4.154,14.47,4.059,14.33,-0.8829,2.113,-44.84,-37.9,-1.374,3.373,-3.322,3.979,52.64,31.75,19.44,13.73,3.36,-3.505,7.578,-0.4504,16.42,58.23,-16.4,34.63,3.892,-3.466,-5.114,1.616,-71.75,-14.42,0.05272,-26.55,-6.751,-7.92,-26.15,-9.577,-7.976,10.48,-1.496,-15.43,-109.9,-1.303,-1.516,-110.2,10.5,-1.541,-167.9,0.9327,-13.69,-74.97,-4.091,-2.102,-80.31,1.68,-2.302,-89.25,21.03,-2.03,-88.71,4.614,-1.656,-83.01,-11.58,-6.637,-81.34,15.4,0.9939,-83.19,-42.79,2.705,-80.01,-8.241,-1.695,193.8,56.64,17.58,133.8,26.85,19.04,16.61,129.4,-83.01,127,257.8,131.8,149.4,37.1,-72.76,229.5,88.38,-58.11,263.7,133.8,25.87,34.19,-70.8,-48.34,158.7,-97.66,108.4,288.1,260.2,-413.6,551.8,1652,-352,-832.5,987.8,2104,-68.85,-364.3,3.4,662.1,203.1,-142.1,-122.1,2.973,581,0.452,-0.0362,0.8723,0.1703,-0.6909,0.3129,0.5924,-0.448,0.4768,0.3051,-0.6149,0.3745,-0.4654,-0.5009,-0.4885,-0.7434,-0.2116,-0.4063,-0.5284,-0.4113,-0.4266,0.725,-0.148,0.6664,0.6183,-0.07764,0.7796,0.5526,-0.5356,0.3387,0.5457,-0.5625,0.3975,0.04981,-0.3414,0.002747,-0.6303,-0.4281,-0.4253,-0.3779,-0.6828,-0.6036,-0.07862,-0.2845,-0.2401
6.11,5.994,-0.01341,5.459,10.46,2.25,2.974,-2.594,11.4,4.476,14.05,4.399,13.9,-0.8367,2.159,-45.13,-37.95,-1.423,3.758,-3.282,3.26,52.96,31.6,19.05,13.66,2.837,-2.948,6.935,-0.08232,18.28,59.88,-11.16,34.52,3.974,-3.021,-4.431,1.411,-71.75,-14.34,0.03505,-26.29,-6.436,-7.632,-25.94,-9.007,-7.678,10.4,-1.23,-14.8,-109.9,-1.619,-1.35,-110.2,9.782,-1.37,-168,0.2823,-12.29,-74.93,-3.988,-1.961,-80.59,1.809,-2.125,-88.75,20.75,-2.074,-88.18,2.488,-1.455,-83.41,-8.533,-6.115,-81.2,15.46,0.7208,-82.72,-44.39,2.241,-80,-9.932,-1.643,231.4,21.48,27.83,228,-3.907,-7.319,117.7,154.8,-111.8,222.6,255.4,150.4,207,73.73,-45.9,304.7,-27.84,-51.75,374.5,205.1,-14.65,229.5,-118.2,-20.02,182.6,-199.2,228,357.9,484.9,-660.2,593.2,1764,-364.3,-1992,520,1702,-12.68,-526.4,81.55,1255,43.98,-82.04,-410.1,169,866.7,0.4527,-0.03638,0.872,0.1705,-0.6896,0.3098,0.596,-0.4468,0.4723,0.3093,-0.6128,0.3714,-0.4665,-0.5005,-0.4922,-0.7424,-0.2138,-0.4127,-0.5204,-0.4187,-0.4339,0.7256,-0.1475,0.6657,0.6195,-0.07496,0.779,0.558,-0.5348,0.3416,0.5346,-0.5728,0.4067,0.04956,-0.3159,0.004395,-0.6306,-0.4253,-0.4275,-0.37,-0.6838,-0.61,-0.07795,-0.2985,-0.2405
6.12,6.041,-0.03619,5.754,10.4,2.038,3.048,-2.353,10.95,4.923,13.69,4.863,13.52,-0.7694,2.221,-45.37,-37.9,-1.501,4.306,-3.278,2.512,53.21,31.28,18.84,13.75,1.923,-2.354,6.37,0.3631,19.19,61.67,-8.13,33.89,3.431,-2.247,-3.564,1.126,-71.78,-14.3,0.03309,-26.11,-6.101,-7.252,-25.81,-8.436,-7.291,10.3,-0.9703,-14.14,-109.9,-1.927,-1.191,-110.2,9.022,-1.206,-168.2,-0.5791,-10.83,-75.01,-4,-1.75,-80.94,1.856,-1.906,-88.41,20.54,-2.511,-87.76,1.355,-1.328,-83.98,-6.676,-5.189,-81.04,15.6,0.4769,-82.17,-46.06,1.649,-80.08,-12.21,-1.319,230.5,0.9753,93.26,276.9,-30.76,-11.72,213.9,193.4,-121.1,293,260.7,161.6,265.1,128.4,24.41,323.2,-140.6,-71.78,436,164.1,-40.03,422.4,-162.1,95.21,155.8,-276.9,335.9,537.6,414.1,301.3,1383,915.1,-107.4,-688.9,700.7,534.1,116.2,-681.7,-186.5,2054,-269,-85.91,-641.6,25.85,937.5,0.4529,-0.03632,0.8719,0.1712,-0.6876,0.307,0.6001,-0.4449,0.468,0.3138,-0.6105,0.3682,-0.4677,-0.4998,-0.4961,-0.7409,-0.2163,-0.4192,-0.5106,-0.426,-0.442,0.7258,-0.1459,0.6657,0.6202,-0.07154,0.7789,0.5625,-0.5363,0.3414,0.5278,-0.5788,0.411,0.04499,-0.2995,0.009156,-0.6313,-0.4221,-0.4292,-0.3614,-0.6846,-0.6168,-0.07898,-0.3175,-0.24
6.13,6.257,0.004914,6.102,10.18,1.796,3.124,-2.155,10.41,5.466,13.35,5.42,13.18,-0.715,2.243,-45.56,-37.74,-1.58,5.01,-3.29,1.829,53.41,30.7,18.78,14.07,1.118,-1.773,4.474,0.7931,19.88,63.63,-6.224,32.56,3.155,-1.16,-1.605,0.7931,-71.81,-14.3,0.04262,-25.98,-5.734,-6.827,-25.73,-7.874,-6.857,10.23,-0.7262,-13.46,-109.8,-2.204,-0.9971,-110,8.201,-1.006,-168.6,-1.624,-9.387,-75.09,-4.21,-1.488,-81.36,1.875,-1.698,-86.72,20.53,-2.377,-86.15,0.6605,-0.8679,-84.44,-5.536,-4.184,-80.96,15.93,0.2341,-81.6,-47.69,0.9445,-80.26,-15.14,-0.7156,251.5,5.368,118.7,341.3,-47.37,-10.74,292,208,-129.4,384.3,245.1,179.2,314,148.4,67.87,386.7,-176.3,-94.24,469.2,124.5,-56.64,498,-216.8,244.6,144.5,-297.9,354.5,403.8,381.8,457,206.5,176.3,199.7,2107,802.3,-105.4,318.8,-891.6,-246.6,2293,-268,-292.5,-718.3,-122.5,989.7,0.453,-0.03613,0.8719,0.1724,-0.6852,0.3044,0.6043,-0.4425,0.4639,0.3181,-0.6081,0.3649,-0.4695,-0.499,-0.5,-0.7386,-0.2197,-0.4256,-0.4991,-0.4332,-0.4501,0.7248,-0.1438,0.667,0.6207,-0.06788,0.7789,0.5645,-0.5382,0.3397,0.5152,-0.587,0.4101,0.0387,-0.289,0.01392,-0.632,-0.4187,-0.4294,-0.3523,-0.6851,-0.6235,-0.08161,-0.342,-0.2385
6.14,6.512,0.04741,6.445,9.942,1.498,3.175,-2.006,9.731,6.092,13.04,6.06,12.87,-0.6312,2.18,-45.79,-37.42,-1.65,5.783,-3.293,1.249,53.59,29.84,19.09,14.63,0.4754,-1.174,3.812,0.9562,21.41,65.84,-2.688,30.53,0.2939,0.007352,-0.5071,0.5549,-71.87,-14.33,9.35E-04,-25.86,-5.316,-6.38,-25.64,-7.309,-6.404,10.17,-0.496,-12.76,-109.5,-2.457,-0.7868,-109.7,7.272,-0.7928,-169.2,-2.799,-7.954,-75.18,-4.465,-1.219,-81.77,1.891,-1.485,-86.37,20.85,-2.571,-85.58,-0.5425,-1.629,-84.99,-3.215,-1.953,-81.17,16.52,-0.09098,-81.32,-49.32,0.363,-80.54,-18.79,0.06862,245.1,-5.368,109.9,378.4,-75.68,-14.65,376,213.4,-105.5,476.6,229,193.4,342.8,158.2,98.15,424.8,-141.1,-63.96,455.1,122.1,-45.9,478.5,-246.1,339.8,156.7,-214.4,361.3,137.7,622.6,-401.9,287.1,322.3,-210.5,-2705,-951.2,957.5,544.9,-1056,-123.1,2252,-238.8,-351.5,-794.9,-53.26,1087,0.4527,-0.03613,0.8722,0.174,-0.6826,0.3015,0.6087,-0.4397,0.4597,0.3223,-0.6055,0.3615,-0.4719,-0.4978,-0.5042,-0.7351,-0.2244,-0.4321,-0.4862,-0.4404,-0.4578,0.7236,-0.1416,0.6686,0.6211,-0.06415,0.779,0.5664,-0.5383,0.3363,0.5105,-0.5971,0.4099,0.02325,-0.2675,0.0213,-0.6324,-0.4151,-0.4278,-0.3421,-0.6867,-0.6292,-0.08484,-0.372,-0.2365
6.15,6.609,0.05359,6.686,9.89,1.242,3.221,-1.922,8.906,6.827,12.74,6.807,12.59,-0.5431,2.045,-46.1,-36.96,-1.683,6.549,-3.298,0.8058,53.79,28.72,19.7,15.49,-0.3079,-0.679,3.176,0.987,23.46,68.4,-0.6526,27.98,-0.9648,1.39,0.2999,0.3682,-71.96,-14.39,-0.07001,-25.69,-4.814,-5.891,-25.49,-6.726,-5.911,10.17,-0.3074,-12.02,-109.2,-2.678,-0.5586,-109.3,6.227,-0.5615,-169.9,-4.009,-6.549,-75.31,-4.56,-1.028,-82.12,1.909,-1.31,-86.01,21.47,-2.968,-85.01,-1.974,-1.873,-85.29,-2.636,-0.8959,-81.45,17.41,-0.3835,-81.15,-51,-0.1318,-80.82,-23.01,1.143,234.9,-32.23,166.5,368.2,-105,-26.37,426.3,193.4,-107.4,535.1,220.7,169.9,335.9,119.1,90.82,437,-50.78,-20.51,411.1,168.9,-22.95,475.1,-162.6,366.7,196.3,-42.96,366.7,472.7,193.3,-104.5,1522,-86.45,359.4,328.7,-1542,1505,850.1,-1120,-99.12,2103,-461.5,-314.5,-974.6,-415.5,891.1,0.4523,-0.03619,0.8726,0.1758,-0.6799,0.2979,0.6134,-0.4365,0.4555,0.3263,-0.6026,0.3579,-0.4749,-0.4961,-0.5086,-0.7308,-0.2301,-0.439,-0.4723,-0.4478,-0.4647,0.7233,-0.1397,0.6692,0.6215,-0.06104,0.779,0.5698,-0.5381,0.3302,0.5029,-0.6059,0.4133,0.0155,-0.2617,0.02551,-0.6325,-0.4115,-0.4235,-0.3314,-0.6888,-0.6344,-0.08991,-0.4064,-0.2346
6.16,6.61,0.05339,6.919,10.03,1.042,3.161,-1.898,7.992,7.693,12.52,7.677,12.39,-0.4853,1.886,-46.5,-36.41,-1.645,7.222,-3.26,0.474,54.05,27.44,20.44,16.63,-0.7584,-0.3318,1.782,1.023,25.67,71.26,1.239,24.95,-0.9965,2.851,1.63,0.06811,-72.05,-14.51,-0.1407,-25.44,-4.251,-5.384,-25.26,-6.14,-5.401,10.21,-0.2004,-11.22,-108.7,-2.88,-0.3237,-108.8,5.112,-0.3249,-170.7,-5.127,-5.179,-75.34,-4.536,-0.9066,-82.37,1.942,-1.2,-84.74,22.31,-2.788,-83.77,-3.341,-1.515,-85.44,-2.144,-0.4561,-81.65,18.58,-0.5902,-80.81,-52.68,-0.779,-81.11,-27.73,2.282,280.8,-32.72,228.5,348.1,-106.9,4.879,434.6,158.7,-106,535.6,182.6,137.2,359.4,45.89,33.69,450.2,46.87,33.7,355,214.4,6.828,459,-161.6,238.8,242.2,34.67,293.9,513.7,28.34,59.07,932.1,-139.6,1037,-447.3,-217.3,-151.4,962.4,-857.4,-96.19,1545,-589.4,-332.5,-826.1,-899.9,740.7,0.4513,-0.0362,0.8733,0.1775,-0.6772,0.2934,0.6181,-0.4329,0.4513,0.3298,-0.5993,0.3541,-0.4782,-0.4942,-0.513,-0.726,-0.2362,-0.4462,-0.4585,-0.4553,-0.4705,0.7236,-0.1389,0.669,0.6219,-0.05896,0.779,0.5726,-0.5363,0.3242,0.4895,-0.6148,0.4167,0.01257,-0.2571,0.02747,-0.6322,-0.4079,-0.4167,-0.3206,-0.6902,-0.6399,-0.09479,-0.4439,-0.2332
6.17,6.659,0.03373,7.052,10.16,0.8851,3.138,-1.873,7.064,8.544,12.3,8.532,12.19,-0.471,1.688,-46.92,-35.93,-1.507,7.744,-3.134,0.2023,54.37,26.24,21.08,17.95,-0.9925,-0.09093,1.109,1.096,27.88,74.28,2.951,21.4,-1.327,3.76,2.248,-0.483,-72.1,-14.63,-0.2241,-25.13,-3.664,-4.922,-24.97,-5.53,-4.935,10.26,-0.148,-10.36,-108.3,-3.072,-0.06941,-108.3,3.992,-0.06936,-171.6,-6.026,-3.835,-75.37,-4.518,-0.8362,-82.52,2.017,-1.124,-84.16,23.05,-2.685,-83.12,-4.808,-1.597,-85.45,-1.919,-0.191,-81.72,19.98,-0.7059,-80.31,-54.29,-1.525,-81.55,-32.89,3.011,335.4,-16.11,218.8,373.1,-117.2,34.67,407.2,136.2,-73.25,533.2,133.3,105,376,-44.44,12.7,466.8,63.48,65.92,358.4,267.1,42.48,403.3,-85.45,110.8,232.9,132.8,154.8,350.1,21,136.2,294.9,55.14,569.3,-199.8,-338.8,415.9,986.3,-438.5,-21.96,966.3,-495.1,-361.4,-523.9,-1175,626,0.4503,-0.03644,0.874,0.1791,-0.6747,0.2885,0.6231,-0.4292,0.4471,0.3332,-0.5954,0.3503,-0.4812,-0.4927,-0.5169,-0.7215,-0.2416,-0.4537,-0.446,-0.463,-0.4752,0.7237,-0.1384,0.6689,0.6225,-0.05762,0.7786,0.5749,-0.5339,0.3195,0.4803,-0.623,0.4208,0.01056,-0.255,0.02802,-0.6319,-0.404,-0.408,-0.3106,-0.691,-0.6454,-0.09473,-0.484,-0.2312
6.18,6.733,-0.02158,6.991,10.32,0.8046,3.241,-1.851,6.168,9.406,12.07,9.393,11.99,-0.4996,1.505,-47.35,-35.55,-1.301,8.077,-2.938,-0.03786,54.73,25.25,21.55,19.35,-1.144,0.1315,0.5302,1.02,29.75,77.25,4.278,17.46,-1.741,4.039,2.846,-1.074,-72.14,-14.76,-0.2955,-24.8,-3.063,-4.475,-24.65,-4.908,-4.485,10.29,-0.1419,-9.426,-108,-3.276,0.1915,-107.9,2.891,0.1915,-172.4,-6.664,-2.512,-75.52,-4.489,-0.8196,-82.61,2.129,-1.063,-83.61,23.65,-2.536,-82.46,-6.078,-1.916,-85.45,-1.896,-0.0742,-81.89,21.49,-0.8719,-79.93,-55.74,-2.125,-82.11,-38.31,3.364,302.7,-13.19,213.9,364.3,-111.3,28.32,386.2,133.8,-28.32,518.1,102,73.73,337.4,-107.4,-15.14,494.6,37.1,87.89,378.4,290.5,45.42,301.3,92.78,68.86,220.7,275.4,42.96,249,-302.2,74.21,-340.8,-135.8,-9.265,-1.002,-6.886,-107.9,933.1,59.55,49.82,576.2,-297.3,-268.5,539.5,-686,248,0.4493,-0.03662,0.8747,0.1807,-0.6724,0.2833,0.6282,-0.4253,0.4426,0.3368,-0.5908,0.3466,-0.4835,-0.4919,-0.5202,-0.7175,-0.2462,-0.4616,-0.4353,-0.4708,-0.4791,0.7241,-0.1373,0.6689,0.6234,-0.05676,0.778,0.5765,-0.532,0.3157,0.4726,-0.6313,0.4229,0.009583,-0.2547,0.0282,-0.6316,-0.3994,-0.3988,-0.3014,-0.692,-0.6499,-0.09009,-0.5248,-0.2282
6.19,6.72,-0.1333,6.805,10.66,0.7722,3.376,-1.795,5.331,10.33,11.87,10.31,11.8,-0.526,1.335,-47.84,-35.36,-1.04,8.255,-2.671,-0.2485,55.21,24.66,21.83,20.74,-1.24,0.2949,0.03678,0.7831,31.32,80.03,5.485,13.77,-2.207,3.615,3.464,-1.599,-72.18,-14.95,-0.3626,-24.4,-2.473,-4.023,-24.27,-4.264,-4.03,10.27,-0.179,-8.408,-107.8,-3.528,0.4828,-107.8,1.803,0.4822,-173,-7.063,-1.198,-75.7,-4.348,-0.8499,-82.6,2.27,-0.9915,-83.05,24.1,-2.342,-81.78,-7.193,-2.318,-85.46,-1.848,0.01528,-82.13,23.02,-1.039,-79.67,-56.98,-2.636,-82.72,-43.25,3.147,160.6,-42.48,293.9,322.8,-106.9,14.65,350.6,133.3,17.58,473.6,77.64,43.94,282.7,-109.4,-11.71,452.6,-12.2,90.82,367.7,278.8,49.8,226.1,242.7,41.99,279.3,293,51.27,190.4,-637.7,-89.35,-401.8,-538.6,-429.7,-28.4,86.46,48.88,862.3,455.6,1.936,282.2,-196.8,-198.2,342.8,-701.2,432.1,0.4477,-0.03675,0.8755,0.1818,-0.6701,0.2778,0.6333,-0.4215,0.4378,0.3407,-0.5855,0.3429,-0.4846,-0.4925,-0.5226,-0.7141,-0.2499,-0.4699,-0.4267,-0.4785,-0.4829,0.7251,-0.1364,0.6681,0.6243,-0.05634,0.7772,0.5788,-0.5299,0.3136,0.4658,-0.6393,0.4238,0.008912,-0.2542,0.02851,-0.6317,-0.3943,-0.3896,-0.2932,-0.693,-0.6534,-0.08027,-0.5608,-0.2243
6.2,6.617,-0.2968,6.68,11.12,0.7815,3.45,-1.669,4.567,11.28,11.65,11.27,11.59,-0.5356,1.171,-48.38,-35.39,-0.7516,8.319,-2.397,-0.4619,55.8,24.55,21.91,22.04,-1.352,0.5381,-0.7461,0.3043,32.56,82.51,6.549,10.23,-2.666,2.954,4.366,-2.158,-72.22,-15.19,-0.4156,-23.94,-1.915,-3.548,-23.83,-3.582,-3.553,10.2,-0.2236,-7.346,-107.9,-3.828,0.8322,-107.8,0.7388,0.8303,-173.3,-7.257,0.1359,-75.83,-4.128,-0.9165,-82.6,2.4,-0.9049,-82.16,24.34,-2.007,-80.84,-8.196,-2.664,-85.5,-1.85,0.1626,-82.64,24.45,-1.393,-79.52,-58.02,-3.147,-83.56,-47.84,2.855,93.26,-37.11,351.6,321.3,-62.99,21.97,313.5,147,24.9,433.6,54.69,6.344,284.7,-46.87,-30.27,410.2,-52.74,102.5,327.7,255.9,79.59,177.8,262.2,-40.54,353.5,236.3,26.37,125,-635.7,-148.5,-378.9,-660.7,-263.2,70.16,62.43,5.38,643,738.3,45.9,-86.9,-127.9,20.47,394.1,-358.3,-96.18,0.4459,-0.03674,0.8766,0.1824,-0.6678,0.2721,0.6385,-0.4181,0.4324,0.3451,-0.5798,0.3394,-0.4843,-0.4947,-0.5238,-0.7112,-0.2526,-0.4786,-0.4201,-0.4859,-0.487,0.7265,-0.1361,0.6668,0.6253,-0.05579,0.7765,0.5816,-0.5281,0.3132,0.4576,-0.6476,0.4235,0.007752,-0.2541,0.02911,-0.6324,-0.3883,-0.3819,-0.2853,-0.694,-0.6564,-0.06848,-0.5935,-0.2184
6.21,6.508,-0.4293,6.584,11.53,0.7867,3.532,-1.439,3.9,12.16,11.37,12.15,11.32,-0.51,1.037,-48.99,-35.61,-0.4486,8.203,-2.068,-0.7091,56.51,24.88,21.86,23.31,-1.473,0.858,-1.283,-0.1966,33.61,84.76,7.637,7.229,-3.146,2.26,5.024,-2.865,-72.25,-15.41,-0.4534,-23.39,-1.439,-3.077,-23.31,-2.875,-3.08,10.08,-0.255,-6.222,-108.1,-4.169,1.211,-108.1,-0.2697,1.207,-173.4,-7.219,1.473,-75.95,-3.949,-0.962,-82.63,2.481,-0.823,-81.56,24.38,-1.795,-80.16,-9.194,-2.995,-85.58,-1.819,0.3372,-83.21,25.78,-1.866,-79.06,-58.9,-4.034,-84.5,-51.77,2.531,139.6,-19.04,344.7,339.4,-74.22,3.42,307.1,167.5,25.39,425.8,31.73,-11.23,305.2,77.15,-13.18,391.1,-109.4,80.57,326.6,231.4,121.1,153.3,230,-70.31,393.5,106.9,88.37,149.4,-514.6,-368.7,-279.8,-827.6,-325.7,-48.44,110.3,61.95,398.4,680.2,40.05,-503.4,-210.5,166.5,-294.4,63.99,307.1,0.4441,-0.03668,0.8775,0.1821,-0.6656,0.2664,0.6435,-0.4153,0.4263,0.3499,-0.5735,0.3359,-0.483,-0.4981,-0.5242,-0.7086,-0.2547,-0.4873,-0.4158,-0.4932,-0.4914,0.7277,-0.1357,0.6658,0.6259,-0.05512,0.7761,0.5837,-0.5271,0.3139,0.4508,-0.6546,0.4244,0.00647,-0.2537,0.03009,-0.6344,-0.3808,-0.376,-0.2778,-0.6937,-0.6603,-0.05616,-0.6206,-0.2116
6.22,6.453,-0.5119,6.532,11.84,0.7608,3.615,-1.137,3.316,12.98,11.06,12.97,11.02,-0.4446,0.9339,-49.63,-35.95,-0.1733,7.853,-1.692,-1.016,57.28,25.55,21.7,24.49,-1.544,1.144,-1.585,-0.4681,34.46,86.73,8.583,4.712,-3.542,1.884,5.382,-3.891,-72.25,-15.61,-0.4904,-22.78,-1.021,-2.596,-22.73,-2.156,-2.597,9.941,-0.2389,-5.042,-108.5,-4.525,1.58,-108.4,-1.209,1.575,-173.2,-6.945,2.807,-76.05,-3.841,-0.9724,-82.67,2.541,-0.7555,-81.24,24.3,-1.658,-79.78,-10.12,-3.212,-85.64,-1.84,0.538,-83.55,27.01,-2.23,-78.06,-59.6,-5.439,-85.61,-55.04,2.65,184.6,-26.86,314.9,375,-96.68,-7.319,341.8,191.9,19.53,435.1,11.24,-28.32,322.8,220.7,15.14,399.9,-162.6,72.76,355.9,184.1,161.6,191.4,171.4,-36.61,391.1,-31.74,119.6,169.5,-297.4,-111.8,-57.15,-717.8,-149.9,20.38,-50.8,32.74,328.6,466.3,-1.936,-910.2,-321.8,211.5,-122.1,48.86,277.8,0.4426,-0.03675,0.8783,0.181,-0.6635,0.2606,0.648,-0.4133,0.4195,0.3552,-0.567,0.332,-0.4809,-0.502,-0.5242,-0.7063,-0.2562,-0.4956,-0.414,-0.5003,-0.4959,0.7284,-0.1352,0.6652,0.6263,-0.05445,0.7757,0.5856,-0.5263,0.3155,0.4455,-0.6597,0.4265,0.004883,-0.2537,0.03101,-0.6379,-0.3726,-0.3713,-0.2714,-0.6915,-0.6656,-0.04694,-0.6429,-0.2045
6.23,6.461,-0.479,6.558,12.09,0.6875,3.637,-0.8219,2.743,13.78,10.78,13.77,10.74,-0.37,0.8723,-50.28,-36.23,0.05558,7.259,-1.275,-1.366,58.02,26.41,21.47,25.49,-1.68,1.373,-1.476,-0.4993,35.22,88.35,9.493,2.886,-3.813,1.511,5.327,-5.174,-72.27,-15.79,-0.506,-22.15,-0.6369,-2.089,-22.12,-1.458,-2.09,9.838,-0.1865,-3.82,-108.8,-4.859,1.91,-108.7,-2.117,1.904,-172.8,-6.477,4.135,-76.09,-3.767,-0.9182,-82.73,2.626,-0.7449,-81.41,24.14,-1.835,-79.84,-11.03,-3.325,-85.71,-1.852,0.7071,-83.66,28.1,-2.483,-76.65,-60.05,-7.185,-86.9,-57.42,2.958,188,-34.18,290,383.3,-108.4,-42,394.5,198.7,-12.21,450.7,13.68,-16.6,336.4,304.7,34.18,404.3,-195.3,44.43,408.2,118.2,171.4,305.7,42.97,-57.62,347.7,-191.9,106.9,294.5,-166.5,-220.2,78.61,-628.4,-180.2,44.77,-95.64,18.14,270,268.5,-57.14,-1180,-345.7,195.8,-1157,430.6,587.9,0.4412,-0.03662,0.879,0.1797,-0.6612,0.255,0.652,-0.4121,0.4119,0.3606,-0.5605,0.3275,-0.479,-0.5055,-0.5243,-0.7039,-0.2575,-0.5038,-0.4142,-0.5071,-0.5007,0.7289,-0.1347,0.6647,0.6269,-0.05408,0.7753,0.5873,-0.5263,0.3168,0.4423,-0.6626,0.4307,0.003601,-0.2536,0.03192,-0.6424,-0.3642,-0.3678,-0.2666,-0.6877,-0.6716,-0.03907,-0.6589,-0.197
6.24,6.531,-0.395,6.61,12.25,0.6061,3.616,-0.5621,2.155,14.59,10.52,14.59,10.49,-0.286,0.849,-50.97,-36.38,0.1839,6.445,-0.8454,-1.765,58.69,27.31,21.2,26.37,-1.777,1.553,-1.258,-0.5293,35.92,89.61,10.35,2.162,-3.985,1.64,5.131,-6.02,-72.3,-15.94,-0.5072,-21.5,-0.2563,-1.529,-21.48,-0.8182,-1.529,9.823,-0.08821,-2.577,-109,-5.163,2.179,-108.9,-3.009,2.173,-172.2,-5.868,5.465,-76.09,-3.749,-0.8418,-82.78,2.712,-0.7649,-81.71,23.97,-2.054,-80.03,-11.91,-3.369,-85.76,-1.865,0.8413,-83.78,29.06,-2.722,-75.33,-60.25,-8.833,-87.41,-58.47,3.094,147.5,-39.06,269,356,-114.3,-67.38,430.2,175.8,-18.07,443.4,14.65,-0.9815,325.7,325.2,36.14,396,-198.7,44.43,438.9,44.91,168.9,420.4,-116.2,-83.51,306.6,-305.2,80.09,335.5,20.03,-192.9,186.5,-399.9,-97.18,-13.03,-102.5,23.98,198.7,203.6,-73.24,-1314,-215.8,210.4,-1543,348.6,1460,0.44,-0.03638,0.8796,0.1782,-0.6586,0.2492,0.6552,-0.4116,0.4038,0.3659,-0.5543,0.3223,-0.4775,-0.5082,-0.5248,-0.7013,-0.2587,-0.5118,-0.416,-0.5138,-0.5054,0.7291,-0.1343,0.6646,0.6275,-0.05396,0.7749,0.5882,-0.5268,0.3179,0.4398,-0.6647,0.4354,0.002564,-0.2536,0.03259,-0.6474,-0.356,-0.365,-0.2632,-0.6838,-0.6769,-0.03577,-0.6658,-0.1941
6.25,6.626,-0.2624,6.666,12.33,0.5216,3.602,-0.3531,1.539,15.38,10.29,15.38,10.26,-0.2064,0.8304,-51.64,-36.38,0.2421,5.504,-0.4223,-2.202,59.23,28.17,20.96,27.16,-1.858,1.698,-1.149,-0.437,36.58,90.5,11.13,2.195,-4.078,1.982,5.02,-6.116,-72.33,-16.05,-0.5033,-20.85,0.1185,-0.9496,-20.84,-0.2342,-0.9496,9.929,0.04236,-1.358,-109.1,-5.426,2.402,-109,-3.888,2.397,-171.4,-5.192,6.788,-76.1,-3.776,-0.7546,-82.85,2.774,-0.8203,-81.91,23.79,-2.248,-80.13,-12.74,-3.395,-85.8,-1.911,0.9199,-83.78,29.91,-2.894,-74.54,-60.22,-9.677,-86.86,-58.5,2.796,107.9,-34.67,222.2,307.1,-127,-72.75,425.3,98.15,-45.9,421.9,7.803,12.2,296.4,299.3,43.45,358.9,-190.9,29.78,460,-29.78,175.8,436,-241.2,-70.8,276.9,-346.7,62.99,273,106.5,-133.8,196.8,-32.25,26.36,-29.4,35.65,23.36,121.1,161.6,-62.52,-1230,-621.1,-51.74,1049,-23.4,980,0.4392,-0.03613,0.8801,0.1768,-0.6558,0.2434,0.6576,-0.4116,0.3953,0.3707,-0.5486,0.3162,-0.4766,-0.51,-0.5257,-0.6986,-0.2597,-0.5196,-0.4189,-0.5201,-0.5102,0.729,-0.1337,0.6647,0.628,-0.05402,0.7746,0.5885,-0.5277,0.3186,0.4369,-0.6668,0.4397,0.001953,-0.2539,0.03314,-0.652,-0.3486,-0.3626,-0.2628,-0.6813,-0.6795,-0.03644,-0.6657,-0.1969
6.26,6.735,-0.1574,6.738,12.38,0.4753,3.587,-0.1838,0.916,16.15,10.1,16.15,10.07,-0.1477,0.8202,-52.27,-36.25,0.2598,4.48,0.004791,-2.673,59.57,28.91,20.79,27.86,-1.909,1.828,-1.092,-0.3643,37.26,90.88,11.87,3.552,-4.165,2.102,4.927,-5.718,-72.36,-16.15,-0.4947,-20.25,0.4875,-0.3784,-20.24,0.3033,-0.3784,10.19,0.1939,-0.1673,-109,-5.662,2.583,-108.9,-4.746,2.579,-170.5,-4.479,8.097,-76.11,-3.825,-0.6989,-82.93,2.826,-0.8795,-82.08,23.66,-2.391,-80.22,-13.54,-3.406,-85.84,-1.971,1.009,-83.83,30.67,-3.065,-74.43,-59.83,-9.708,-85.86,-56.77,1.953,95.71,-13.19,207.5,264.2,-147,-68.36,397.5,8.31,-66.89,404.3,-12.69,2.438,275.9,254.9,52.73,320.3,-157.7,25.88,463.4,-94.25,166.5,355.5,-297.4,-47.36,276.9,-310.1,69.83,232,73.75,-63.96,93.23,172.8,-19.03,-39.42,19.59,53.64,95.69,96.21,5.383,-821.3,-689.4,-13.7,-1248,-262.2,433.1,0.4384,-0.03589,0.8805,0.1757,-0.653,0.2379,0.6596,-0.4118,0.3866,0.3747,-0.5436,0.3093,-0.4763,-0.511,-0.5271,-0.6957,-0.2608,-0.5269,-0.4222,-0.5261,-0.5149,0.7287,-0.1334,0.665,0.6283,-0.05402,0.7743,0.5876,-0.529,0.3185,0.4339,-0.6688,0.4437,0.001221,-0.2543,0.03363,-0.6556,-0.3424,-0.3602,-0.2654,-0.6801,-0.6794,-0.03748,-0.6539,-0.2013
6.27,6.768,-0.07172,6.842,12.46,0.4619,3.547,-0.059,0.3354,16.89,9.892,16.89,9.86,-0.1515,0.8159,-52.8,-35.99,0.2739,3.457,0.4282,-3.144,59.71,29.51,20.7,28.52,-1.928,1.892,-1.227,-0.2208,37.9,90.77,12.48,5.049,-4.258,2.291,5.022,-5.127,-72.36,-16.24,-0.474,-19.72,0.8709,0.1541,-19.72,0.8114,0.1542,10.56,0.3493,0.9708,-108.7,-5.897,2.751,-108.7,-5.562,2.749,-169.6,-3.766,9.356,-76.07,-3.831,-0.6678,-82.99,2.844,-0.9416,-82.02,23.59,-2.419,-80.11,-14.25,-3.445,-85.87,-2.075,1.087,-83.78,31.34,-3.128,-74.2,-59.02,-9.959,-84.43,-54.5,0.6777,123.5,-4.885,182.6,239.3,-172.9,-92.77,361.3,-76.66,-87.4,378.9,-56.15,-5.373,259.8,222.2,38.57,292.5,-115.2,37.1,478.5,-143.1,164.6,257.3,-298.3,-0.9809,282.2,-199.7,117.2,232,2.918,-72.27,77.61,108.4,21.95,-68.82,0,52.72,115.7,-69.81,22.95,-580.1,-741.7,9.751,-1985,-524.5,161.1,0.4377,-0.03565,0.8808,0.1751,-0.6503,0.2328,0.6616,-0.4117,0.378,0.378,-0.5392,0.3018,-0.4766,-0.5114,-0.529,-0.6929,-0.2615,-0.5339,-0.4259,-0.5317,-0.5192,0.7287,-0.1334,0.665,0.6284,-0.05408,0.7743,0.5857,-0.5306,0.3178,0.4303,-0.6714,0.4465,5.49E-04,-0.2551,0.03406,-0.6584,-0.3374,-0.3576,-0.2697,-0.6775,-0.6797,-0.03772,-0.638,-0.2081
6.28,6.751,0.005445,6.965,12.57,0.459,3.479,0.07701,-0.2189,17.6,9.693,17.6,9.661,-0.1588,0.7973,-53.03,-35.59,0.3039,2.483,0.8204,-3.595,59.49,29.93,20.61,29.16,-1.907,1.861,-1.575,0.06808,38.49,90.35,13,6.078,-4.349,2.182,5.311,-4.321,-72.36,-16.31,-0.4641,-19.48,1.25,0.6672,-19.48,1.327,0.6673,11.03,0.5004,2.069,-108.3,-6.119,2.89,-108.3,-6.337,2.892,-168.7,-3.108,10.54,-76,-3.795,-0.6617,-83.05,2.853,-1.02,-81.73,23.53,-2.333,-79.79,-14.9,-3.517,-85.89,-2.225,1.14,-83.56,32.01,-3.02,-74.1,-57.92,-9.993,-82.82,-52.36,-0.8764,165.5,-9.278,163.6,202.6,-189.4,-96.19,322.3,-141.6,-99.61,369.2,-100.6,-44.43,232.4,169.9,33.2,273.9,-81.55,27.83,487.3,-183.6,157.7,201.7,-250.5,15.63,268.6,-92.28,100.6,219.2,-92.76,-95.22,62.54,-59.1,-4.412,2.004,1.989,51.8,217.8,-123.6,8.784,-388.2,-868.7,-32.72,-1504,-586.9,-90.81,0.4372,-0.03552,0.8811,0.1752,-0.6476,0.2284,0.6637,-0.4112,0.3697,0.3808,-0.5353,0.2939,-0.4775,-0.5111,-0.5314,-0.6903,-0.2617,-0.5406,-0.4296,-0.5366,-0.5234,0.7288,-0.1339,0.6647,0.6285,-0.05432,0.7743,0.5835,-0.5321,0.317,0.4258,-0.6746,0.4481,0,-0.2564,0.03436,-0.6604,-0.3336,-0.3543,-0.2761,-0.6748,-0.6792,-0.03595,-0.6226,-0.2163
6.29,6.695,0.03991,7.087,12.67,0.4818,3.422,0.2171,-0.7099,18.28,9.464,18.28,9.434,-0.1735,0.7714,-53.18,-35.09,0.3634,1.617,1.183,-3.973,59.15,30.18,20.49,29.82,-1.878,1.754,-1.953,0.5366,38.99,89.7,13.48,6.764,-4.435,1.692,5.643,-3.509,-72.33,-16.36,-0.4607,-19.3,1.637,1.173,-19.29,1.854,1.173,11.54,0.627,3.141,-107.8,-6.35,3.019,-107.8,-7.059,3.023,-167.9,-2.533,11.6,-75.91,-3.736,-0.6878,-83.09,2.846,-1.087,-81.38,23.42,-2.217,-79.44,-15.52,-3.59,-85.91,-2.392,1.194,-83.1,32.68,-2.699,-74.04,-56.59,-9.883,-81.28,-50.3,-2.572,148.9,-20.51,149.9,169.4,-179.7,-91.31,281.3,-172.4,-95.21,343.7,-156.3,-77.15,214.4,142.6,36.62,252.5,-63.96,15.63,484.4,-224.6,138.2,175.8,-158.7,-15.63,241.2,-9.286,87.41,151.4,-235.8,20.03,58.61,-272,22.45,-45.77,-75.14,29.36,382.3,-58.61,-10.72,-184.6,-902.9,15.63,-1498,-510.8,-132.8,0.4368,-0.03558,0.8812,0.1763,-0.6446,0.2249,0.6663,-0.41,0.3618,0.3831,-0.5316,0.2859,-0.4788,-0.5102,-0.5345,-0.6881,-0.2612,-0.5472,-0.4331,-0.5407,-0.5273,0.729,-0.1346,0.6643,0.6284,-0.05457,0.7743,0.5814,-0.5336,0.3168,0.4212,-0.6779,0.4495,-5.49E-04,-0.2577,0.03467,-0.6617,-0.3309,-0.3501,-0.2844,-0.6716,-0.6779,-0.03192,-0.6075,-0.2243
6.3,6.616,0.06143,7.181,12.76,0.5266,3.372,0.386,-1.142,18.93,9.21,18.93,9.181,-0.191,0.7457,-53.17,-34.49,0.4552,0.9076,1.537,-4.268,58.68,30.29,20.34,30.5,-1.874,1.649,-2.27,0.9489,39.43,88.85,13.89,7.07,-4.488,1.228,5.953,-2.796,-72.29,-16.38,-0.4507,-19.25,2.021,1.675,-19.24,2.406,1.675,12.03,0.7314,4.218,-107.2,-6.589,3.137,-107.2,-7.729,3.145,-167,-2.083,12.53,-75.83,-3.671,-0.7285,-83.11,2.824,-1.151,-81.08,23.27,-2.152,-79.1,-16.11,-3.675,-85.94,-2.598,1.207,-82.67,33.36,-2.402,-73.89,-55.05,-9.948,-79.88,-48.41,-4.179,96.19,-23.92,123.5,132.8,-150.4,-77.63,231.4,-189.4,-80.08,304.2,-201.7,-110.8,185.1,113.3,45.41,208.5,-71.29,5.367,441.9,-252.9,140.1,157.7,-61.52,-17.57,206.1,41.01,88.87,159.7,-210.5,-26.85,55.15,-319.8,10.75,-35.75,-44.38,54.26,407.7,135.2,-17.09,-208,-804.7,113.8,-1339,-483,-131.9,0.4366,-0.03565,0.8812,0.178,-0.6414,0.2222,0.6693,-0.4083,0.3545,0.3853,-0.5277,0.278,-0.4807,-0.5088,-0.5381,-0.6862,-0.2601,-0.5536,-0.4363,-0.5437,-0.531,0.7293,-0.1354,0.6638,0.6283,-0.05494,0.7745,0.5796,-0.5353,0.3167,0.417,-0.6809,0.4508,-7.94E-04,-0.2594,0.03491,-0.6623,-0.3285,-0.3458,-0.2934,-0.6673,-0.677,-0.02728,-0.5935,-0.2321
6.31,6.519,0.05771,7.236,12.81,0.5629,3.342,0.5994,-1.538,19.55,8.944,19.55,8.917,-0.1925,0.6943,-53.01,-33.81,0.5946,0.336,1.849,-4.466,58.13,30.26,20.21,31.22,-1.856,1.64,-2.336,1.2,39.83,87.85,14.24,7.091,-4.462,0.8066,6.048,-2.192,-72.24,-16.38,-0.4478,-19.35,2.397,2.166,-19.33,2.996,2.167,12.47,0.8087,5.269,-106.4,-6.814,3.25,-106.5,-8.35,3.262,-166.2,-1.733,13.32,-75.75,-3.621,-0.7655,-83.09,2.771,-1.181,-80.99,23.08,-2.145,-79,-16.69,-3.694,-85.95,-2.83,1.201,-82.38,34.03,-2.254,-73.74,-53.34,-10.05,-78.68,-46.63,-5.588,39.06,-25.39,83.01,117.7,-131.8,-82.52,208,-170.9,-61.52,273.4,-241.2,-131.8,148.4,75.2,42.97,158.2,-97.66,-1.958,390.1,-263.7,144,156.3,22.45,-1.962,162.1,46.86,85.45,138.7,-189.9,3.428,68.38,-267.6,43.46,-55.12,5.356,48.88,305.2,319.4,-3.4,-279.8,-648.4,224.6,-1084,-424.8,-57.17,0.4366,-0.03583,0.8811,0.1805,-0.638,0.2204,0.6728,-0.4062,0.3475,0.3877,-0.5236,0.2706,-0.4829,-0.5069,-0.542,-0.6847,-0.2583,-0.5599,-0.4392,-0.5459,-0.5346,0.7295,-0.1361,0.6634,0.6279,-0.05524,0.7748,0.578,-0.5368,0.3172,0.4138,-0.6829,0.453,-9.16E-04,-0.2614,0.0351,-0.6622,-0.3259,-0.3417,-0.3028,-0.6625,-0.6759,-0.02277,-0.5802,-0.2393
6.32,6.464,0.05518,7.3,12.79,0.5936,3.296,0.8359,-1.879,20.14,8.664,20.14,8.64,-0.1949,0.6516,-52.71,-33.1,0.7653,-0.1059,2.166,-4.572,57.54,30.16,20.07,31.93,-1.825,1.659,-2.114,1.354,40.19,86.66,14.54,6.957,-4.345,0.4012,5.874,-1.645,-72.18,-16.37,-0.4461,-19.57,2.77,2.629,-19.53,3.605,2.631,12.82,0.8707,6.319,-105.7,-7.052,3.347,-105.8,-8.928,3.363,-165.5,-1.495,13.97,-75.64,-3.63,-0.796,-83.04,2.702,-1.204,-81.2,22.87,-2.24,-79.19,-17.26,-3.612,-85.97,-3.09,1.192,-82.17,34.69,-2.186,-73.8,-51.49,-9.914,-77.77,-44.85,-6.647,28.82,-27.83,61.52,107.4,-92.77,-75.19,182.1,-154.3,-56.15,239.3,-274.9,-153.3,117.2,38.08,57.61,101.6,-134.8,-16.61,329.6,-279.3,144.5,132.3,67.87,7.314,99.13,23.43,79.1,148.9,-158.7,46.88,28.85,-234.9,3.916,2.004,-28.31,18.6,224.1,479,43.45,-334,-502,225.6,-925.2,-380.8,-9.752,0.4367,-0.03607,0.881,0.1837,-0.6346,0.2194,0.6764,-0.404,0.3409,0.3903,-0.5191,0.2637,-0.4853,-0.5047,-0.5461,-0.6834,-0.2559,-0.5659,-0.4418,-0.5471,-0.5381,0.7293,-0.137,0.6634,0.6274,-0.0556,0.7751,0.5768,-0.538,0.318,0.4119,-0.6835,0.4567,-0.001038,-0.2636,0.03522,-0.6617,-0.3234,-0.3378,-0.3133,-0.658,-0.6736,-0.01947,-0.567,-0.2454
6.33,6.444,0.06216,7.373,12.7,0.609,3.224,1.116,-2.158,20.69,8.362,20.69,8.342,-0.1765,0.591,-52.32,-32.38,0.9545,-0.4066,2.467,-4.6,56.95,30.08,19.91,32.59,-1.779,1.682,-1.796,1.482,40.48,85.26,14.79,6.745,-4.202,0.125,5.617,-1.272,-72.12,-16.34,-0.4491,-19.89,3.127,3.075,-19.83,4.241,3.078,13.07,0.9318,7.356,-104.9,-7.293,3.452,-105,-9.446,3.471,-164.7,-1.358,14.5,-75.52,-3.69,-0.8153,-82.99,2.618,-1.223,-81.5,22.61,-2.356,-79.47,-17.82,-3.504,-85.99,-3.359,1.175,-81.99,35.27,-2.131,-73.95,-49.51,-9.683,-77.21,-43.03,-7.27,38.08,-41.5,47.37,88.37,-46.38,-73.73,164.1,-149.9,-37.6,196.8,-297.4,-154.8,87.89,-8.307,47.85,43.44,-170.4,-28.81,292,-279.8,141.6,81.55,68.86,2.921,74.23,-9.286,46.39,173.8,-158.2,17.08,-14.62,-268.1,66.4,15.7,-69.78,-9.837,112.8,570.3,27.34,-416,-393.1,170.9,-854.1,-341.8,40.08,0.4369,-0.03632,0.8808,0.1873,-0.6311,0.2192,0.6801,-0.4018,0.3346,0.3933,-0.5144,0.2576,-0.4877,-0.5026,-0.5502,-0.6824,-0.2535,-0.5714,-0.4442,-0.5473,-0.5417,0.7288,-0.1378,0.6637,0.6268,-0.05597,0.7756,0.5757,-0.5392,0.3192,0.4107,-0.6836,0.4607,-0.001099,-0.2658,0.0354,-0.6611,-0.3211,-0.3345,-0.3244,-0.6533,-0.6706,-0.01801,-0.5536,-0.2501
6.34,6.413,0.07298,7.467,12.59,0.6025,3.126,1.416,-2.389,21.2,8.041,21.2,8.025,-0.1229,0.5159,-51.88,-31.67,1.119,-0.5899,2.76,-4.535,56.39,30.03,19.76,33.21,-1.713,1.749,-1.566,1.558,40.73,83.65,15.05,6.435,-4.077,0.06669,5.427,-1.105,-72.08,-16.31,-0.4641,-20.26,3.46,3.506,-20.17,4.872,3.512,13.23,1.011,8.375,-104.2,-7.543,3.562,-104.3,-9.927,3.585,-164,-1.318,14.91,-75.37,-3.769,-0.8257,-82.94,2.505,-1.234,-81.7,22.33,-2.403,-79.67,-18.35,-3.448,-85.99,-3.617,1.128,-81.86,35.78,-2.146,-74.13,-47.41,-9.412,-76.98,-41.2,-7.417,36.13,-55.67,31.74,46.38,-4.888,-73.73,142.6,-155.8,-24.9,158.2,-307.6,-157.7,61.04,-55.18,55.18,1.951,-195.8,-34.66,241.2,-289.1,126,35.66,44.93,12.69,42.47,-52.25,48.83,130.9,-159.2,2.92,-32.23,-132.8,81.07,19.04,-38.1,-20.44,16.1,577.6,21.49,-445.8,-281.7,127.4,-788,-291,89.38,0.4371,-0.03662,0.8806,0.191,-0.6277,0.2194,0.6837,-0.3995,0.3284,0.3968,-0.5094,0.252,-0.4898,-0.5006,-0.5541,-0.6814,-0.2511,-0.5766,-0.4466,-0.5467,-0.5455,0.7281,-0.1387,0.6641,0.626,-0.05628,0.7762,0.5748,-0.5401,0.321,0.4091,-0.6841,0.464,-9.16E-04,-0.268,0.0354,-0.6606,-0.3188,-0.3319,-0.3361,-0.6483,-0.667,-0.01892,-0.5402,-0.2533
6.35,6.359,0.06249,7.528,12.47,0.5874,3.038,1.722,-2.561,21.67,7.703,21.67,7.691,-0.05657,0.4345,-51.41,-31.06,1.267,-0.6563,3.042,-4.413,55.9,30.11,19.57,33.73,-1.646,1.854,-1.21,1.508,40.95,81.76,15.33,5.974,-3.933,0.157,5.148,-1.02,-72.02,-16.26,-0.4978,-20.65,3.785,3.9,-20.53,5.504,3.909,13.3,1.121,9.354,-103.5,-7.805,3.673,-103.7,-10.36,3.699,-163.2,-1.392,15.22,-75.23,-3.843,-0.8457,-82.86,2.375,-1.229,-82,22,-2.482,-79.96,-18.89,-3.367,-86,-3.859,1.076,-81.84,36.17,-2.274,-74.48,-45.15,-8.963,-76.99,-39.38,-7.172,13.17,-70.31,14.64,9.27,18.55,-61.03,121.1,-170.9,-26.85,122.1,-310.5,-156.2,36.61,-81.06,67.87,-31.74,-207.5,-32.72,195.8,-298.8,117.7,15.15,-1.962,28.32,17.08,-72.27,76.18,93.28,-158.2,-7.332,-98.61,-38.08,53.72,24.05,-43.92,-46.42,-74.69,538.6,36.13,-420.4,-248.1,65.92,-668.5,-244.2,116.7,0.4374,-0.03711,0.8804,0.1948,-0.6243,0.2198,0.6872,-0.3974,0.3225,0.4007,-0.5045,0.2469,-0.4916,-0.4991,-0.5578,-0.6805,-0.2489,-0.5812,-0.4488,-0.545,-0.5496,0.7275,-0.1397,0.6645,0.6251,-0.05664,0.7768,0.5738,-0.5411,0.3231,0.408,-0.6842,0.4678,-6.71E-04,-0.2701,0.0354,-0.66,-0.3166,-0.3302,-0.3486,-0.6435,-0.6619,-0.02204,-0.5269,-0.255
6.36,6.337,0.04111,7.597,12.31,0.5718,2.937,2.031,-2.674,22.09,7.349,22.09,7.341,0.004764,0.3518,-50.96,-30.53,1.383,-0.6095,3.322,-4.25,55.5,30.31,19.39,34.19,-1.562,1.948,-0.9028,1.424,41.11,79.65,15.61,5.355,-3.769,0.418,4.917,-1.004,-71.95,-16.22,-0.5308,-21.01,4.09,4.252,-20.86,6.115,4.265,13.32,1.27,10.29,-102.9,-8.075,3.799,-103.1,-10.74,3.829,-162.5,-1.559,15.44,-75.07,-3.956,-0.8636,-82.77,2.24,-1.21,-82.23,21.66,-2.505,-80.2,-19.39,-3.273,-86.01,-4.065,1.014,-81.85,36.5,-2.4,-74.91,-42.75,-8.448,-77.15,-37.58,-6.627,2.927,-75.2,-8.309,-7.816,50.29,-75.68,98.62,-177.7,-12.21,80.57,-311.5,-147.5,1.475,-112.8,53.71,-70.32,-222.7,-33.7,154.8,-312.5,101.6,-4.874,-45.42,56.64,-11.72,-74.7,85.45,27.83,-122.6,-0.4761,-132.8,-43.48,51.29,9.688,-75.14,-16.14,-142.1,438.9,81.55,-365.2,-266.1,1.934,-474.7,-172.3,161.6,0.4377,-0.0376,0.8802,0.1981,-0.6214,0.22,0.6905,-0.3953,0.3169,0.4048,-0.4997,0.2423,-0.493,-0.4979,-0.5611,-0.6797,-0.2468,-0.5853,-0.4508,-0.5426,-0.554,0.7266,-0.1408,0.6651,0.6241,-0.05695,0.7775,0.5725,-0.5422,0.3252,0.4068,-0.6843,0.4712,-3.05E-04,-0.2719,0.0354,-0.6594,-0.3147,-0.3289,-0.3617,-0.6386,-0.6559,-0.02704,-0.5138,-0.2558
6.37,6.378,0.02125,7.686,12.11,0.5204,2.832,2.371,-2.742,22.46,6.989,22.46,6.984,0.08059,0.2571,-50.55,-30.11,1.491,-0.4798,3.585,-4.04,55.21,30.65,19.15,34.54,-1.48,1.948,-0.7046,1.398,41.23,77.34,15.87,4.613,-3.579,0.8843,4.774,-1.018,-71.88,-16.17,-0.5832,-21.33,4.366,4.557,-21.14,6.729,4.575,13.29,1.462,11.16,-102.4,-8.348,3.934,-102.6,-11.08,3.966,-161.7,-1.807,15.58,-74.89,-4.104,-0.8645,-82.68,2.134,-1.18,-82.34,21.31,-2.471,-80.35,-19.87,-3.188,-86,-4.259,0.9199,-81.77,36.73,-2.378,-75.26,-40.24,-8.061,-77.3,-35.8,-5.961,-15.14,-78.12,-35.64,-30.75,67.86,-85.45,64.46,-192.9,-13.18,53.72,-311.5,-152.8,-21.01,-125,58.11,-93.76,-228,-30.28,112.3,-330.1,81.05,-37.12,-93.27,62.01,-28.81,-64.46,62.99,1.474,-30.77,-25.87,-80.08,-46.36,28.35,-1.002,-60.6,22.44,-166.5,380.9,80.09,-400.8,-252.4,-2.901,-279.8,-144.5,88.4,0.438,-0.03827,0.8799,0.2009,-0.6188,0.22,0.6939,-0.3933,0.3114,0.4092,-0.4952,0.2381,-0.494,-0.4972,-0.5639,-0.679,-0.2451,-0.5889,-0.4527,-0.5394,-0.5588,0.7256,-0.1418,0.6659,0.6234,-0.05719,0.7781,0.5709,-0.5434,0.3274,0.4051,-0.6847,0.4742,3.05E-04,-0.2736,0.03522,-0.6589,-0.3139,-0.3275,-0.3748,-0.6328,-0.6498,-0.03321,-0.5006,-0.2565
6.38,6.372,0.01514,7.813,11.94,0.4533,2.726,2.734,-2.773,22.78,6.632,22.78,6.63,0.1775,0.1698,-50.22,-29.82,1.576,-0.2947,3.827,-3.813,55.03,31.11,18.93,34.8,-1.39,1.824,-0.5718,1.641,41.35,74.87,16.12,3.839,-3.343,1.433,4.675,-1.092,-71.79,-16.12,-0.6358,-21.56,4.595,4.84,-21.33,7.32,4.865,13.23,1.681,11.99,-102.1,-8.616,4.076,-102.3,-11.38,4.111,-160.9,-2.112,15.67,-74.7,-4.224,-0.8522,-82.61,2.009,-1.15,-82.39,20.96,-2.401,-80.46,-20.35,-3.087,-86,-4.474,0.7966,-81.38,36.88,-2.03,-75.4,-37.63,-7.833,-77.33,-33.96,-5.304,-40.52,-78.12,-46.87,-56.17,74.71,-107.9,40.53,-199.2,13.67,29.77,-298.8,-154.8,-56.14,-121.1,67.38,-121.6,-223.1,-25.39,64.47,-351.6,75.69,-48.33,-127.9,51.75,-73.25,-65.91,44.93,-25.38,17.11,-34.66,35.61,45.42,-21.51,-51.78,-6.274,9.837,-115.7,415.5,40.52,-402.3,-149.9,84.94,-282.2,-9.825,39.1,0.4383,-0.039,0.8797,0.2027,-0.6165,0.2195,0.6971,-0.3913,0.3061,0.4137,-0.491,0.2341,-0.4946,-0.4971,-0.5663,-0.6783,-0.2437,-0.592,-0.4545,-0.5357,-0.5637,0.7246,-0.1429,0.6665,0.6225,-0.05731,0.7787,0.569,-0.5446,0.3296,0.4031,-0.6852,0.477,0.00116,-0.2755,0.03504,-0.6589,-0.3141,-0.326,-0.3885,-0.6255,-0.6439,-0.03986,-0.487,-0.2579
6.39,6.322,0.03752,7.965,11.8,0.3463,2.632,3.093,-2.744,23.05,6.255,23.05,6.254,0.2839,0.07177,-49.95,-29.64,1.662,-0.06337,4.059,-3.554,54.94,31.66,18.73,34.97,-1.308,1.651,-0.3855,2.135,41.47,72.24,16.34,2.992,-3.029,2.03,4.508,-1.177,-71.67,-16.07,-0.7046,-21.7,4.798,5.087,-21.43,7.878,5.118,13.17,1.903,12.75,-101.8,-8.897,4.238,-102,-11.63,4.274,-160.1,-2.444,15.68,-74.49,-4.316,-0.8176,-82.55,1.868,-1.123,-82.53,20.61,-2.362,-80.66,-20.83,-2.926,-86,-4.707,0.6493,-80.69,36.91,-1.453,-75.34,-34.97,-7.657,-77.18,-32.15,-4.636,-68.83,-83.98,-63.97,-80.07,63.96,-112.8,20,-191.4,26.85,-0.9658,-302.7,-157.2,-82.52,-106.9,78.12,-148.4,-211.9,-24.41,8.297,-375,66.41,-43.94,-130.4,34.67,-112.8,-64.94,25.89,-89.35,26.84,2.444,65.46,123,-68.33,-55.79,52.18,43.5,-73.75,500.5,-41.51,-343.3,-109.9,113.8,-266.6,30.25,-2.416,0.4386,-0.03992,0.8794,0.2038,-0.6147,0.2185,0.7001,-0.3896,0.3009,0.4179,-0.4871,0.2305,-0.4947,-0.4974,-0.5684,-0.6776,-0.2424,-0.5947,-0.4563,-0.5316,-0.5685,0.7239,-0.1439,0.6668,0.6215,-0.05737,0.7794,0.5672,-0.5459,0.3317,0.4013,-0.6853,0.4804,0.002197,-0.2775,0.03479,-0.6593,-0.3149,-0.3248,-0.403,-0.617,-0.6381,-0.04736,-0.4733,-0.2603
6.4,6.283,0.05957,8.085,11.66,0.2392,2.567,3.457,-2.676,23.3,5.902,23.3,5.902,0.3992,-0.002835,-49.79,-29.51,1.733,0.1765,4.286,-3.29,54.92,32.23,18.55,35.04,-1.301,1.527,-0.1963,2.624,41.62,69.49,16.54,2.034,-2.795,2.677,4.36,-1.136,-71.57,-16.04,-0.7683,-21.76,4.959,5.319,-21.43,8.4,5.357,13.16,2.125,13.47,-101.6,-9.176,4.387,-101.8,-11.84,4.426,-159.4,-2.782,15.66,-74.32,-4.419,-0.7756,-82.49,1.727,-1.087,-82.66,20.28,-2.387,-80.81,-21.3,-2.803,-85.98,-4.965,0.5467,-80,36.85,-0.9199,-75.28,-32.29,-7.377,-76.89,-30.41,-3.883,-79.58,-89.84,-74.21,-101.1,53.72,-96.68,-1.471,-191.9,32.72,-26.38,-308.6,-153.8,-106.4,-95.71,85.94,-184.6,-203.1,-6.345,-47.84,-391.6,50.3,-79.11,-128.9,44.44,-140.6,-70.8,27.35,-108.4,79.58,-23.93,80.54,171.9,-11.69,-9.688,61.06,25.82,-104,546.9,-70.32,-289.6,-50.78,135.7,-242.6,20.55,-76.14,0.4388,-0.04077,0.8792,0.204,-0.6132,0.2171,0.7027,-0.388,0.2959,0.4218,-0.4835,0.2268,-0.4945,-0.498,-0.5702,-0.6771,-0.2412,-0.597,-0.4579,-0.5274,-0.5731,0.7231,-0.1447,0.6673,0.6206,-0.05737,0.7802,0.5657,-0.5473,0.3335,0.3994,-0.6855,0.4835,0.002808,-0.2798,0.03455,-0.6601,-0.3155,-0.3247,-0.4179,-0.6084,-0.6314,-0.05609,-0.46,-0.2636
6.41,6.271,0.07298,8.179,11.49,0.1414,2.52,3.822,-2.581,23.51,5.559,23.51,5.558,0.5201,-0.07408,-49.71,-29.42,1.797,0.416,4.494,-3.026,54.96,32.77,18.39,35.02,-1.322,1.493,-0.02484,3.09,41.8,66.64,16.75,0.8814,-2.586,3.366,4.237,-1.048,-71.47,-16,-0.8294,-21.72,5.082,5.536,-21.35,8.886,5.582,13.16,2.347,14.13,-101.4,-9.447,4.537,-101.6,-12.02,4.576,-158.8,-3.1,15.6,-74.18,-4.548,-0.7375,-82.44,1.59,-1.045,-82.76,19.97,-2.425,-80.95,-21.79,-2.678,-85.97,-5.23,0.4714,-79.34,36.69,-0.4952,-75.21,-29.6,-7.04,-76.52,-28.85,-3.042,-76.18,-89.35,-82.52,-110.8,44.92,-106.9,-15.63,-201.7,41.01,-39.07,-314.4,-156.2,-121.1,-84.47,82.03,-215.3,-198.7,-7.324,-81.06,-407.7,42.97,-132.3,-126.5,53.23,-141.6,-67.39,12.69,-105,39.57,-6.348,56.61,91.78,-21.95,-24.39,-27.85,35.2,-165.5,582.5,12.18,-247.1,-80.07,120.2,-244.7,-132.8,-120.6,0.439,-0.04157,0.879,0.2034,-0.612,0.2152,0.7051,-0.3868,0.2908,0.4254,-0.4804,0.2232,-0.4942,-0.4987,-0.5718,-0.6767,-0.2402,-0.5989,-0.4594,-0.5235,-0.5772,0.7221,-0.1453,0.668,0.6196,-0.05732,0.7809,0.5642,-0.5488,0.3349,0.3974,-0.6859,0.4866,0.003174,-0.2821,0.03436,-0.6607,-0.3161,-0.3256,-0.433,-0.5996,-0.6242,-0.06574,-0.4479,-0.2671
6.42,6.26,0.07789,8.248,11.35,0.04912,2.492,4.184,-2.442,23.7,5.231,23.69,5.23,0.6541,-0.1342,-49.73,-29.34,1.832,0.6295,4.716,-2.77,55.03,33.25,18.24,34.92,-1.33,1.532,0.02771,3.573,42.06,63.71,16.95,-0.5068,-2.386,4.03,4.225,-1.041,-71.39,-15.98,-0.891,-21.61,5.164,5.739,-21.19,9.327,5.793,13.22,2.571,14.77,-101.3,-9.716,4.673,-101.5,-12.15,4.712,-158.2,-3.373,15.51,-74.07,-4.663,-0.7047,-82.4,1.469,-1.001,-82.76,19.71,-2.403,-80.97,-22.31,-2.599,-85.97,-5.536,0.3743,-78.67,36.47,-0.138,-75.06,-26.92,-6.698,-76.16,-27.54,-2.161,-72.75,-87.89,-99.12,-116.7,31.74,-115.7,-19.06,-221.7,30.76,-58.12,-323.2,-150.9,-136.2,-78.13,93.26,-232.4,-202.1,-0.4838,-108.9,-409.2,26.38,-176.7,-119.1,46.38,-132.3,-68.84,-6.347,-92.3,71.27,-19.04,94.23,61.04,12.19,-80.18,-18.98,72.24,-226.5,625.5,81.55,-262.7,-69.82,63.02,-292,-175.8,-104.5,0.4391,-0.0423,0.8788,0.202,-0.611,0.2129,0.7071,-0.3859,0.2859,0.4287,-0.4776,0.2193,-0.4938,-0.4994,-0.5733,-0.6764,-0.2391,-0.6005,-0.4609,-0.5197,-0.5807,0.7214,-0.1458,0.6686,0.6188,-0.05719,0.7815,0.5626,-0.5501,0.3361,0.3947,-0.6869,0.4892,0.003723,-0.2847,0.03424,-0.6609,-0.3167,-0.3273,-0.4481,-0.5902,-0.6167,-0.07545,-0.4377,-0.2702
6.43,6.201,0.06182,8.292,11.24,-0.02138,2.5,4.517,-2.279,23.86,4.926,23.85,4.922,0.7865,-0.1868,-49.78,-29.27,1.845,0.8268,4.929,-2.512,55.08,33.66,18.17,34.75,-1.328,1.579,0.02627,4.107,42.39,60.68,17.13,-2.187,-2.155,4.604,4.239,-1.1,-71.31,-15.96,-0.9474,-21.49,5.223,5.927,-21.01,9.716,5.989,13.32,2.781,15.35,-101.1,-9.975,4.804,-101.3,-12.25,4.841,-157.7,-3.602,15.38,-74,-4.752,-0.6862,-82.37,1.326,-0.9466,-82.71,19.49,-2.341,-80.96,-22.87,-2.519,-85.96,-5.903,0.2553,-77.96,36.16,0.2475,-74.9,-24.23,-6.3,-75.85,-26.52,-1.266,-90.34,-91.79,-108.4,-119.6,12.2,-128.9,-13.17,-245.6,11.71,-63.48,-332.5,-138.7,-156.7,-89.35,86.42,-251,-210,-5.862,-127,-410.6,15.13,-175.8,-98.62,15.63,-117.2,-50.79,-19.04,-102,96.21,18.06,156.2,105,16.6,-81.18,-21.42,90.38,-260.2,658.7,111.8,-299.3,22.94,2.901,-294.4,-168.4,-2.952,0.4392,-0.04297,0.8787,0.2002,-0.6102,0.2105,0.7087,-0.3851,0.2812,0.4315,-0.4751,0.2155,-0.4933,-0.5002,-0.5747,-0.6763,-0.2382,-0.6018,-0.4623,-0.5163,-0.5836,0.7208,-0.146,0.6691,0.6178,-0.05689,0.7823,0.5611,-0.5512,0.3372,0.3916,-0.688,0.4919,0.004395,-0.2879,0.03406,-0.661,-0.3177,-0.3294,-0.4634,-0.5806,-0.6086,-0.0849,-0.4295,-0.2728
6.44,6.108,0.02517,8.318,11.14,-0.08024,2.524,4.831,-2.107,24.03,4.652,24.02,4.646,0.9173,-0.2212,-49.86,-29.19,1.831,0.9931,5.122,-2.279,55.13,33.99,18.18,34.53,-1.328,1.586,0.15,4.661,42.81,57.5,17.27,-4.189,-1.848,5.111,4.106,-1.137,-71.25,-15.94,-0.9949,-21.33,5.271,6.121,-20.81,10.07,6.191,13.46,2.989,15.91,-101,-10.21,4.911,-101.2,-12.31,4.947,-157.3,-3.789,15.25,-73.97,-4.843,-0.6689,-82.36,1.152,-0.8675,-82.81,19.33,-2.3,-81.11,-23.45,-2.354,-85.94,-6.33,0.1255,-77.22,35.75,0.6992,-74.76,-21.48,-5.799,-75.55,-25.76,-0.3313,-115.2,-99.61,-119.6,-140.1,-22.46,-143.1,-13.17,-266.6,13.67,-57.62,-339.3,-130.9,-169.9,-85.94,97.17,-257.3,-201.2,-0.9788,-149.9,-400.4,18.56,-172.8,-82.03,-12.2,-139.6,-63.96,-41.98,-95.69,62.52,13.68,130.8,98.12,19.03,-51.11,-53.71,62.56,-260.2,656.2,82.5,-293.5,146.4,-73.74,-179.3,-123.1,98.15,0.4392,-0.04352,0.8786,0.1983,-0.6094,0.2081,0.7101,-0.3845,0.2766,0.4341,-0.473,0.2115,-0.4928,-0.5009,-0.576,-0.6763,-0.2373,-0.6028,-0.4636,-0.5133,-0.5859,0.7202,-0.1461,0.6697,0.6167,-0.05634,0.7832,0.5592,-0.5522,0.3379,0.389,-0.6885,0.4955,0.005066,-0.2915,0.03375,-0.6618,-0.3192,-0.3317,-0.479,-0.5709,-0.5994,-0.09449,-0.4234,-0.275
6.45,6.042,-0.02404,8.305,11.01,-0.1534,2.615,5.116,-1.933,24.18,4.403,24.16,4.395,1.047,-0.2603,-49.94,-29.13,1.832,1.127,5.308,-2.042,55.14,34.23,18.23,34.19,-1.329,1.555,0.2494,5.202,43.28,54.11,17.4,-6.472,-1.516,5.671,3.968,-1.115,-71.19,-15.93,-1.048,-21.18,5.312,6.296,-20.61,10.4,6.374,13.64,3.157,16.43,-100.9,-10.43,5.004,-101.1,-12.36,5.038,-156.9,-3.922,15.09,-74,-4.956,-0.6362,-82.37,0.9863,-0.7604,-82.88,19.2,-2.221,-81.26,-24.04,-2.181,-85.91,-6.778,-0.02182,-76.52,35.23,1.187,-74.66,-18.64,-5.251,-75.24,-25.19,0.6966,-121.6,-111.8,-125,-155.8,-49.81,-153.3,-25.89,-276.9,19.05,-64.45,-347.2,-142.1,-179.7,-94.73,109.4,-283.2,-220.2,-14.65,-180.7,-403.8,-1.946,-180.2,-72.27,-2.431,-157.7,-62.01,-37.12,-157.7,9.771,32.22,75.23,111.8,98.17,-36.08,-50.35,6.302,-215.8,552.2,64.93,-279.8,280.7,-71.32,-20.44,-46.41,173.3,0.4393,-0.04413,0.8785,0.1963,-0.6087,0.2057,0.7113,-0.3839,0.2724,0.4362,-0.4711,0.2077,-0.4924,-0.5014,-0.5773,-0.6764,-0.2365,-0.6035,-0.4649,-0.5107,-0.5876,0.7196,-0.1456,0.6704,0.6156,-0.05548,0.784,0.5572,-0.5529,0.3383,0.3863,-0.6889,0.4991,0.005859,-0.2954,0.03339,-0.663,-0.3213,-0.3344,-0.4946,-0.5609,-0.5891,-0.1048,-0.4187,-0.2772
6.46,6.018,-0.05711,8.275,10.87,-0.2499,2.732,5.389,-1.755,24.31,4.191,24.29,4.18,1.161,-0.3009,-49.99,-29.06,1.852,1.233,5.492,-1.84,55.08,34.39,18.28,33.74,-1.367,1.477,0.3177,5.767,43.81,50.52,17.56,-8.941,-1.183,6.429,3.832,-1.068,-71.13,-15.93,-1.101,-21.06,5.345,6.435,-20.45,10.7,6.521,13.83,3.297,16.9,-100.8,-10.63,5.089,-101,-12.38,5.121,-156.7,-4.008,14.94,-74.06,-5.093,-0.5767,-82.39,0.841,-0.6455,-82.94,19.11,-2.16,-81.38,-24.67,-2.021,-85.85,-7.226,-0.1855,-75.82,34.61,1.721,-74.52,-15.7,-4.741,-74.88,-24.7,1.897,-124,-118.7,-140.1,-170.4,-56.16,-161.6,-44.42,-290.5,18.55,-78.13,-367.7,-143.1,-202.1,-115.7,104.5,-300.8,-224.1,-12.21,-190.9,-388.7,3.909,-195.8,-62.99,-0.4905,-171.4,-30.27,-75.68,-184.6,-80.07,26.85,-61,139.1,70.81,50.45,-39.02,-69.78,-161.6,472.6,62,-234.9,384.3,-18.05,268.5,-22.49,257.9,0.4392,-0.04468,0.8785,0.1943,-0.6082,0.2034,0.7124,-0.3833,0.2684,0.4379,-0.4694,0.2039,-0.492,-0.5019,-0.5784,-0.6764,-0.2359,-0.604,-0.466,-0.5086,-0.5887,0.7189,-0.1448,0.6713,0.6146,-0.05451,0.7848,0.5555,-0.5536,0.3386,0.3833,-0.6895,0.5027,0.006714,-0.2992,0.03278,-0.6642,-0.3242,-0.3372,-0.5103,-0.5499,-0.5785,-0.1167,-0.4145,-0.2796
6.47,5.994,-0.08201,8.234,10.74,-0.3615,2.838,5.631,-1.585,24.43,4.011,24.4,3.996,1.266,-0.3528,-50.04,-28.98,1.888,1.311,5.673,-1.645,54.96,34.48,18.35,33.21,-1.415,1.391,0.29,6.479,44.37,46.78,17.81,-11.49,-0.9021,7.392,3.78,-1.221,-71.1,-15.93,-1.157,-20.98,5.38,6.555,-20.33,10.97,6.648,14.04,3.396,17.35,-100.7,-10.8,5.162,-100.9,-12.38,5.191,-156.5,-4.046,14.79,-74.13,-5.216,-0.5063,-82.41,0.7099,-0.5297,-82.89,19.05,-2.076,-81.39,-25.29,-1.907,-85.79,-7.593,-0.3361,-74.95,33.9,2.332,-74.15,-12.68,-4.323,-74.54,-24.23,3.317,-122.6,-116.2,-143.1,-168.5,-61.53,-169.4,-57.14,-285.6,21,-84,-377.4,-137.7,-203.6,-127.9,106.9,-316.9,-220.2,-22.46,-205.6,-378.4,6.342,-204.1,-67.38,-34.67,-180.7,-19.05,-106,-196.8,-155.3,47.36,-255.4,51.26,103,97.55,-33.67,-175.2,-150.9,347.7,38.58,-166.5,438,-19.02,687,-204.6,209,0.4392,-0.04517,0.8785,0.1926,-0.6078,0.2014,0.7134,-0.3828,0.2649,0.4392,-0.4678,0.2003,-0.4918,-0.5022,-0.5794,-0.6766,-0.2355,-0.6041,-0.4671,-0.5069,-0.5893,0.7183,-0.1439,0.6721,0.6138,-0.05353,0.7855,0.554,-0.5542,0.3388,0.3798,-0.6906,0.5058,0.007508,-0.3024,0.03211,-0.6649,-0.3276,-0.3403,-0.5265,-0.537,-0.5681,-0.1304,-0.4102,-0.2816
6.48,5.973,-0.1004,8.142,10.61,-0.4753,2.992,5.872,-1.41,24.52,3.833,24.49,3.811,1.369,-0.409,-50.07,-28.88,1.957,1.365,5.824,-1.476,54.81,34.5,18.41,32.6,-1.465,1.331,0.0941,7.336,44.92,42.95,18.15,-13.94,-0.7431,8.434,3.902,-1.695,-71.08,-15.91,-1.21,-20.93,5.406,6.662,-20.24,11.24,6.763,14.24,3.457,17.76,-100.6,-10.96,5.232,-100.7,-12.36,5.259,-156.3,-4.041,14.64,-74.26,-5.336,-0.4272,-82.45,0.5844,-0.4124,-82.68,18.99,-1.933,-81.2,-25.91,-1.935,-85.75,-7.866,-0.4779,-73.95,33.11,2.975,-73.57,-9.638,-3.982,-74.37,-23.66,4.891,-134.3,-127.4,-172.9,-173.3,-71.29,-170.4,-64.95,-289.6,41.01,-95.22,-391.1,-153.3,-219.2,-149.9,96.2,-319.3,-203.1,-20.51,-221.2,-374,0.9729,-205.6,-43.95,-15.14,-209.5,-7.811,-88.87,-230,-170.9,35.17,-388.1,11.23,38.55,79.51,45.45,-132.3,-185.5,319.4,61.01,-90.31,415,-53.67,1108,-356,88.84,0.4392,-0.04559,0.8785,0.1911,-0.6074,0.1997,0.7143,-0.3824,0.2616,0.4401,-0.4663,0.1971,-0.4916,-0.5025,-0.5804,-0.6767,-0.2354,-0.604,-0.4682,-0.5056,-0.5894,0.7178,-0.1426,0.6729,0.613,-0.05249,0.7862,0.5524,-0.5547,0.3389,0.3758,-0.6927,0.5077,0.008362,-0.3048,0.03162,-0.6651,-0.3316,-0.3438,-0.5427,-0.5225,-0.5584,-0.1448,-0.4054,-0.2822
6.49,5.958,-0.1066,8.085,10.47,-0.572,3.106,6.07,-1.247,24.6,3.675,24.56,3.648,1.432,-0.44,-50.11,-28.79,2.02,1.398,5.98,-1.316,54.65,34.48,18.42,31.89,-1.507,1.269,-0.1935,8.243,45.42,39.1,18.57,-16.15,-0.6833,9.401,4.113,-2.534,-71.08,-15.89,-1.237,-20.89,5.437,6.759,-20.16,11.46,6.867,14.44,3.494,18.14,-100.5,-11.09,5.289,-100.6,-12.33,5.313,-156.2,-4.008,14.48,-74.37,-5.451,-0.3417,-82.49,0.4689,-0.3031,-82.39,18.89,-1.761,-80.91,-26.5,-2.042,-85.72,-8.053,-0.5838,-72.93,32.21,3.59,-72.9,-6.682,-3.677,-74.53,-22.95,6.506,-157.2,-127,-177.3,-178.7,-65.92,-174.3,-67.37,-294.9,32.72,-105.5,-396.5,-159.7,-243.2,-183.6,88.87,-339.4,-179.2,-30.76,-239.7,-373.5,8.792,-228.5,-31.24,27.83,-232.4,-26.36,-75.68,-238.3,-69.33,-11.24,-391.6,58.6,-140.1,35.75,90.28,-61.48,-242.7,306.1,53.22,-47.89,247.5,-104.5,1547,-506.4,-114.3,0.4394,-0.04578,0.8785,0.1898,-0.607,0.1981,0.7149,-0.3821,0.2585,0.4409,-0.4649,0.194,-0.4914,-0.5028,-0.5812,-0.6769,-0.2354,-0.6037,-0.4692,-0.5045,-0.5892,0.7173,-0.1414,0.6737,0.6123,-0.05146,0.7868,0.5515,-0.555,0.3397,0.3717,-0.6953,0.5089,0.009034,-0.3064,0.03131,-0.6651,-0.3358,-0.3478,-0.5583,-0.5073,-0.5492,-0.1584,-0.3996,-0.28
6.5,5.977,-0.1126,8.089,10.36,-0.6836,3.15,6.248,-1.072,24.69,3.536,24.66,3.503,1.515,-0.4818,-50.17,-28.69,2.066,1.427,6.09,-1.177,54.52,34.42,18.3,31,-1.562,1.22,-0.4075,8.995,45.84,35.28,19.02,-17.9,-0.6577,10.22,4.27,-3.615,-71.11,-15.88,-1.262,-20.86,5.455,6.877,-20.09,11.66,6.991,14.61,3.512,18.47,-100.5,-11.21,5.352,-100.6,-12.28,5.373,-156.2,-3.946,14.34,-74.44,-5.546,-0.2476,-82.55,0.4083,-0.1938,-82.18,18.73,-1.628,-80.72,-27.1,-2.123,-85.73,-8.203,-0.6405,-72.14,31.2,4.035,-72.35,-3.887,-3.338,-75.14,-21.94,8.083,-171.9,-133.3,-162.1,-196.8,-75.2,-174.8,-74.69,-302.7,51.27,-127.4,-410.6,-157.2,-271.5,-205.6,89.35,-346.2,-135.2,-25.88,-266.1,-353.5,25.38,-249.5,-44.93,-0.9809,-237.3,-56.65,-91.32,-215.3,51.77,36.12,-335.5,42.47,-97.67,1.336,128.4,-10.76,-289.6,225.1,40.05,39.01,147.4,-93.24,1839,-487.7,-283.2,0.4394,-0.04584,0.8785,0.1886,-0.6065,0.1969,0.7154,-0.3819,0.2558,0.4414,-0.4636,0.1914,-0.4912,-0.5031,-0.5818,-0.6772,-0.2354,-0.6032,-0.4701,-0.5039,-0.5886,0.7169,-0.1404,0.6743,0.6119,-0.05036,0.7871,0.5508,-0.5553,0.341,0.368,-0.6976,0.5105,0.0094,-0.3077,0.03131,-0.6655,-0.3402,-0.3527,-0.5723,-0.4932,-0.5396,-0.1702,-0.3922,-0.2741
6.51,6.025,-0.1329,8.128,10.28,-0.7829,3.156,6.39,-0.8796,24.8,3.418,24.76,3.38,1.554,-0.5113,-50.23,-28.59,2.112,1.436,6.191,-1.055,54.37,34.35,18.11,29.99,-1.657,1.27,-0.6124,9.349,46.23,31.64,19.49,-19.08,-0.7518,10.74,4.437,-4.736,-71.17,-15.89,-1.27,-20.85,5.487,6.977,-20.05,11.83,7.096,14.77,3.52,18.77,-100.4,-11.32,5.416,-100.5,-12.2,5.434,-156.2,-3.844,14.19,-74.5,-5.635,-0.1527,-82.63,0.3833,-0.0747,-82.01,18.51,-1.531,-80.52,-27.69,-2.249,-85.76,-8.341,-0.6154,-71.85,30.14,4.11,-72.2,-1.345,-2.857,-76.26,-20.57,9.463,-164.1,-127.4,-138.7,-208,-72.75,-174.3,-78.13,-317.4,49.81,-141.6,-422.4,-166.5,-282.2,-217.8,86.42,-360.4,-112.3,-18.07,-279.8,-328.6,46.88,-260.2,-75.68,-44.44,-216.3,-95.21,-124.5,-169.5,74.23,14.16,-103.5,113.7,-110.9,-8.686,127.9,-6.302,-278.8,43.96,-11.71,192.9,102.6,-41.99,1878,-571.3,-415,0.4394,-0.04566,0.8787,0.1879,-0.6059,0.1959,0.7156,-0.3818,0.2533,0.4419,-0.4624,0.1891,-0.4909,-0.5036,-0.5823,-0.6775,-0.235,-0.6027,-0.471,-0.5035,-0.5877,0.7165,-0.1395,0.6749,0.6118,-0.04907,0.7873,0.5501,-0.5559,0.3425,0.3645,-0.6999,0.5119,0.009156,-0.3088,0.03168,-0.6662,-0.344,-0.359,-0.584,-0.4824,-0.5285,-0.1788,-0.383,-0.2638
6.52,6.083,-0.1426,8.19,10.17,-0.9097,3.147,6.509,-0.6675,24.91,3.314,24.87,3.265,1.604,-0.5694,-50.29,-28.49,2.134,1.422,6.262,-0.9522,54.22,34.3,17.93,28.92,-1.788,1.502,-0.7576,9.219,46.64,28.22,20.02,-19.78,-0.8731,10.84,4.547,-5.81,-71.25,-15.9,-1.291,-20.86,5.521,7.075,-20.04,11.98,7.199,14.91,3.533,19.02,-100.4,-11.42,5.489,-100.5,-12.09,5.503,-156.2,-3.702,14.03,-74.56,-5.741,-0.04439,-82.75,0.3529,0.04789,-81.93,18.3,-1.487,-80.42,-28.32,-2.324,-85.82,-8.453,-0.5238,-72.16,29.09,3.712,-72.54,0.9702,-2.182,-77.9,-18.93,10.52,-147.5,-124.5,-126.5,-207.5,-69.83,-191.9,-71.78,-330.6,44.43,-129.9,-422.8,-150.9,-287.1,-232.9,95.21,-360.4,-100.6,-25.88,-280.7,-298.8,51.76,-259.7,-90.82,-43.46,-222.7,-148.9,-130.9,-148.9,102,1.46,43,100.1,-103,15.03,63.96,3.382,-281.7,-158.2,0.9917,416,190.4,-20.47,1795,-360.8,-541,0.4393,-0.04547,0.8788,0.1875,-0.6053,0.1953,0.7157,-0.3819,0.251,0.4423,-0.4615,0.187,-0.4906,-0.5041,-0.5827,-0.6782,-0.2342,-0.6022,-0.4723,-0.5031,-0.5866,0.716,-0.1384,0.6756,0.6117,-0.04761,0.7874,0.5489,-0.5569,0.3436,0.3612,-0.7018,0.5139,0.008423,-0.3097,0.03229,-0.666,-0.3472,-0.3665,-0.5933,-0.4757,-0.5152,-0.1833,-0.3725,-0.2492
6.53,6.131,-0.1561,8.25,10.08,-1.038,3.14,6.611,-0.4405,25,3.221,24.96,3.159,1.631,-0.6296,-50.34,-28.4,2.147,1.395,6.302,-0.8564,54.05,34.3,17.74,27.88,-1.935,1.919,-0.9496,8.592,47.08,25.11,20.55,-20.14,-1.04,10.59,4.692,-6.763,-71.36,-15.91,-1.302,-20.91,5.558,7.153,-20.07,12.12,7.282,15.02,3.55,19.23,-100.5,-11.51,5.569,-100.5,-11.94,5.578,-156.2,-3.537,13.86,-74.65,-5.834,0.07448,-82.89,0.3273,0.1842,-81.83,18.1,-1.431,-80.29,-28.96,-2.413,-85.89,-8.57,-0.3928,-73.04,28.11,2.899,-73.38,3.053,-1.38,-79.96,-17.13,11.23,-139.6,-145.5,-125.5,-193.4,-63.48,-185.5,-62.99,-344.2,37.6,-121.1,-433.6,-152.8,-278.3,-223.6,94.23,-375.5,-129.4,-44.43,-277.8,-275.4,50.79,-263.2,-111.8,-7.805,-245.6,-188,-105,-145.5,146.5,-49.8,128.4,51.76,-2.923,-21.38,-49.27,27.82,-288.1,-337.4,121.1,714.3,409.2,-117.2,1616,252.5,-669,0.4393,-0.04511,0.8791,0.1874,-0.6048,0.195,0.7158,-0.3819,0.249,0.4426,-0.4607,0.1854,-0.4903,-0.5048,-0.5828,-0.6791,-0.2329,-0.6018,-0.4738,-0.5026,-0.5854,0.7156,-0.1372,0.6762,0.6117,-0.0459,0.7876,0.5475,-0.558,0.3445,0.3576,-0.7038,0.5159,0.007385,-0.3105,0.03308,-0.6642,-0.3503,-0.3742,-0.6001,-0.4731,-0.5,-0.1838,-0.3615,-0.231
6.54,6.202,-0.1746,8.314,10.01,-1.176,3.14,6.708,-0.2391,25.09,3.182,25.05,3.101,1.654,-0.7129,-50.39,-28.32,2.133,1.383,6.338,-0.7467,53.9,34.38,17.54,26.88,-2.131,2.343,-1.247,7.622,47.56,22.25,21.11,-20.36,-1.217,10.31,4.911,-7.55,-71.49,-15.93,-1.309,-21,5.58,7.215,-20.14,12.23,7.348,15.11,3.588,19.4,-100.5,-11.55,5.659,-100.5,-11.79,5.664,-156.1,-3.386,13.66,-74.78,-5.917,0.2084,-83.06,0.3367,0.3359,-81.64,17.91,-1.376,-80.05,-29.63,-2.55,-85.94,-8.695,-0.2804,-74.32,27.22,1.961,-74.59,4.982,-0.5848,-82.21,-15.32,11.78,-129.4,-156.2,-116.2,-176.8,-53.72,-186.5,-45.4,-339.8,28.32,-111.8,-436.5,-144.5,-262.2,-220.2,105,-390.1,-167.5,-51.75,-271,-248,34.18,-260.8,-146.5,-4.393,-253.4,-218.7,-109.4,-147,182.1,-98.14,155.8,89.34,22.45,-35.75,-45.45,31.66,-220.7,-396.9,261.2,855.5,730.9,-259.7,1196,1069,-771,0.4392,-0.04462,0.8794,0.1875,-0.6043,0.195,0.7159,-0.3818,0.2475,0.4431,-0.4601,0.184,-0.4901,-0.5056,-0.5826,-0.6801,-0.2313,-0.6015,-0.4756,-0.5017,-0.5843,0.7153,-0.1356,0.6767,0.6118,-0.04395,0.7876,0.5463,-0.5591,0.3452,0.3535,-0.7063,0.5175,0.00647,-0.3114,0.03375,-0.6608,-0.3544,-0.3805,-0.6047,-0.4732,-0.4836,-0.1828,-0.3509,-0.211
6.55,6.282,-0.2052,8.362,9.958,-1.291,3.147,6.781,-0.06197,25.17,3.162,25.13,3.06,1.648,-0.7945,-50.46,-28.24,2.107,1.394,6.351,-0.6188,53.78,34.58,17.32,25.93,-2.315,2.664,-1.503,6.529,48.13,19.55,21.69,-20.75,-1.333,10.68,5.059,-8.069,-71.66,-15.95,-1.295,-21.08,5.606,7.276,-20.2,12.33,7.413,15.16,3.628,19.53,-100.6,-11.56,5.755,-100.6,-11.62,5.756,-156,-3.275,13.45,-74.93,-5.981,0.3385,-83.25,0.3757,0.4914,-81.52,17.74,-1.319,-79.9,-30.36,-2.63,-86,-8.86,-0.1811,-75.72,26.36,1.12,-75.92,6.82,-0.0296,-84.21,-13.79,12.64,-119.2,-161.1,-97.66,-150.9,-51.27,-182.1,-26.87,-330.6,18.55,-90.32,-438,-137.2,-234.4,-215.8,106.9,-388.2,-214.4,-65.92,-270.5,-243.2,27.83,-245.6,-147,-45.89,-225.1,-206.1,-134.3,-196.3,177.7,-52.72,126.5,123.5,-41.97,-50.45,-43.46,61.02,-124.5,-357.4,249,767.5,910.7,-298.8,730.5,1709,-692.4,0.4391,-0.04389,0.8797,0.1879,-0.6037,0.1953,0.716,-0.3819,0.2463,0.4436,-0.4596,0.1829,-0.49,-0.5064,-0.5821,-0.6812,-0.2298,-0.6012,-0.4775,-0.5003,-0.5838,0.7152,-0.1339,0.6772,0.6122,-0.04187,0.7875,0.545,-0.56,0.3459,0.3493,-0.7085,0.5198,0.005616,-0.3127,0.03436,-0.6563,-0.3598,-0.3851,-0.6072,-0.4737,-0.468,-0.1853,-0.3422,-0.1925
6.56,6.331,-0.2397,8.351,9.936,-1.354,3.209,6.834,0.08689,25.23,3.156,25.19,3.037,1.618,-0.8609,-50.58,-28.11,2.068,1.42,6.339,-0.4867,53.71,34.81,17.13,25.05,-2.512,2.879,-1.805,5.52,48.76,17.03,22.25,-21.5,-1.397,12.02,5.213,-8.228,-71.86,-15.96,-1.247,-21.15,5.609,7.337,-20.26,12.39,7.477,15.18,3.657,19.61,-100.6,-11.56,5.844,-100.6,-11.47,5.842,-155.8,-3.195,13.23,-75.19,-6.011,0.4544,-83.47,0.4171,0.6363,-81.38,17.6,-1.273,-79.74,-31.13,-2.683,-86.04,-9.077,-0.1026,-77.06,25.55,0.4611,-77.16,8.517,0.1776,-85.66,-12.82,14.09,-106,-157.2,-98.62,-122.6,-35.16,-184.6,-12.68,-315.4,6.84,-68.84,-439.9,-140.1,-207.5,-217.8,85.45,-373.1,-246.1,-77.64,-250.5,-236.8,29.78,-236.3,-121.6,-73.25,-183.1,-169.4,-123,-211.4,156.2,-51.26,98.15,158.7,-19.03,-90.87,-9.794,105.9,-53.25,-335.4,87.41,452.1,936.5,-250,737.3,1409,-752.4,0.4391,-0.04279,0.88,0.1884,-0.6032,0.1959,0.716,-0.3819,0.2458,0.444,-0.4593,0.1824,-0.4898,-0.5075,-0.5812,-0.6822,-0.2288,-0.6007,-0.4794,-0.4986,-0.5836,0.7154,-0.1317,0.6776,0.6126,-0.03967,0.7873,0.5435,-0.5611,0.3462,0.3448,-0.7106,0.5223,0.004883,-0.3144,0.03491,-0.6517,-0.3661,-0.3884,-0.608,-0.4731,-0.4549,-0.1941,-0.3375,-0.1779
6.57,6.33,-0.2632,8.308,9.952,-1.38,3.258,6.87,0.1765,25.27,3.18,25.24,3.049,1.561,-0.9063,-50.73,-28.05,2.014,1.424,6.306,-0.3493,53.66,35.2,16.98,24.25,-2.666,2.94,-2.125,4.793,49.45,14.81,22.78,-22.54,-1.442,13.8,5.37,-8.183,-72.11,-15.97,-1.176,-21.23,5.6,7.389,-20.33,12.41,7.531,15.17,3.686,19.64,-100.8,-11.51,5.931,-100.8,-11.33,5.927,-155.5,-3.137,13.01,-75.46,-5.999,0.553,-83.7,0.4446,0.7553,-81.24,17.48,-1.206,-79.58,-31.93,-2.732,-86.09,-9.352,-0.03055,-78.08,24.78,0.1008,-78.11,9.963,0.1387,-86.54,-12.43,15.76,-109.4,-143.6,-91.79,-78.62,-11.72,-181.6,14.64,-290.5,4.885,-44.93,-446.3,-138.2,-184.6,-233.9,73.24,-334.5,-257.3,-76.17,-234.9,-246.1,18.07,-208.5,-106,-62.01,-147,-129.4,-109.4,-227.5,129.4,-20.03,108.4,226.1,-15.61,-61.47,52.79,74.7,-18.58,-304.7,-145,213.4,919.9,-189,1188,839.9,-1146,0.4392,-0.04138,0.8803,0.1891,-0.6026,0.1969,0.716,-0.3819,0.2456,0.4443,-0.4592,0.1822,-0.4896,-0.5085,-0.5801,-0.6831,-0.2282,-0.6002,-0.4814,-0.4967,-0.5837,0.7158,-0.1295,0.6777,0.6129,-0.03766,0.7872,0.5418,-0.5622,0.3463,0.3401,-0.7128,0.5249,0.004151,-0.3166,0.03546,-0.6468,-0.3731,-0.3902,-0.6082,-0.4712,-0.4451,-0.2059,-0.3369,-0.1683
6.58,6.307,-0.2827,8.254,9.987,-1.366,3.309,6.865,0.2243,25.29,3.222,25.26,3.084,1.495,-0.9341,-50.93,-28.04,1.93,1.426,6.265,-0.252,53.67,35.7,16.89,23.52,-2.762,2.818,-2.464,4.451,50.24,13,23.3,-23.61,-1.476,15.15,5.508,-8.05,-72.37,-15.97,-1.086,-21.27,5.572,7.446,-20.36,12.38,7.588,15.14,3.707,19.63,-101.1,-11.42,6.011,-101,-11.2,6.006,-155.2,-3.107,12.84,-75.77,-5.955,0.6285,-83.93,0.4784,0.8463,-81.1,17.43,-1.104,-79.45,-32.78,-2.748,-86.13,-9.679,0.06329,-78.69,24.07,0.09338,-78.72,11.07,0.09976,-87,-12.4,17.04,-106,-121.1,-87.89,-58.11,2.926,-189.9,38.57,-291.5,5.368,-0.4996,-424.3,-119.1,-151.4,-238.8,57.13,-305.2,-271.5,-84.47,-211.9,-267.6,20.99,-168.9,-94.72,-82.52,-105.5,-94.23,-108.4,-232.9,84.49,-36.12,78.15,195.8,-55.15,-47.44,32.29,68.86,-17.09,-227.1,-352.5,32.76,897.4,-162.6,1531,455.6,-1263,0.4394,-0.0398,0.8806,0.1897,-0.6021,0.1979,0.7159,-0.3819,0.246,0.4445,-0.4593,0.1824,-0.4893,-0.5097,-0.5786,-0.6838,-0.2283,-0.5994,-0.4832,-0.4947,-0.5841,0.7164,-0.1272,0.6777,0.6133,-0.03577,0.7872,0.5403,-0.5628,0.3463,0.335,-0.7148,0.5279,0.003174,-0.3192,0.03601,-0.6421,-0.3811,-0.3903,-0.6089,-0.469,-0.4381,-0.2153,-0.3383,-0.163
6.59,6.298,-0.2927,8.182,9.99,-1.328,3.363,6.802,0.2176,25.29,3.274,25.26,3.137,1.4,-0.9392,-51.17,-28.11,1.834,1.408,6.195,-0.1683,53.74,36.26,16.8,22.85,-2.846,2.561,-2.887,4.439,51.06,11.58,23.78,-24.43,-1.548,15.56,5.732,-7.887,-72.64,-15.95,-0.9815,-21.27,5.548,7.5,-20.37,12.29,7.641,15.09,3.713,19.54,-101.4,-11.29,6.083,-101.4,-11.08,6.078,-155,-3.085,12.68,-76.08,-5.925,0.6972,-84.17,0.5086,0.9216,-80.87,17.38,-0.9789,-79.21,-33.64,-2.817,-86.18,-10.07,0.1768,-78.94,23.4,0.3632,-79.01,11.82,0.2429,-87.19,-12.46,17.56,-107.9,-99.12,-91.3,-65.92,0,-179.7,71.78,-292,-9.277,8.293,-436.5,-112.8,-125.5,-228.5,39.55,-267.6,-273.4,-76.66,-189.4,-301.3,5.369,-137.2,-79.09,-26.85,-88.86,-65.91,-50.77,-199.7,50.31,-9.268,77.15,117.2,-31.71,-59.13,37.64,90.38,-15.16,-192.4,-453.1,-1.024,828.1,-141.1,1639,420.9,-1326,0.4397,-0.03809,0.8808,0.1904,-0.6016,0.1989,0.7156,-0.3819,0.2468,0.4444,-0.4596,0.1831,-0.4889,-0.5111,-0.5766,-0.6843,-0.2288,-0.5986,-0.4848,-0.4929,-0.5846,0.717,-0.1249,0.6777,0.6136,-0.034,0.7871,0.5392,-0.5631,0.3465,0.3296,-0.7172,0.5305,0.002014,-0.3223,0.03668,-0.6378,-0.3894,-0.3893,-0.6104,-0.4676,-0.4328,-0.2191,-0.3394,-0.161
6.6,6.323,-0.2861,8.133,9.969,-1.286,3.381,6.687,0.1603,25.26,3.335,25.23,3.204,1.294,-0.9299,-51.44,-28.27,1.728,1.345,6.127,-0.1422,53.87,36.87,16.71,22.19,-2.877,2.183,-3.376,4.688,51.92,10.55,24.25,-24.81,-1.68,15.18,6.01,-7.768,-72.92,-15.9,-0.8828,-21.26,5.525,7.537,-20.36,12.15,7.674,14.99,3.711,19.41,-101.8,-11.13,6.135,-101.8,-10.97,6.132,-154.8,-3.052,12.59,-76.36,-5.894,0.752,-84.39,0.57,0.9615,-80.57,17.35,-0.8179,-78.91,-34.53,-2.943,-86.24,-10.51,0.3208,-78.92,22.76,0.8279,-79.05,12.22,0.5308,-87.23,-12.41,17.44,-91.8,-83.5,-85.44,-80.55,1.463,-154.3,86.92,-300.8,0.4827,8.293,-431.1,-105,-111.8,-196.8,50.3,-236.3,-267.1,-81.05,-160.1,-327.6,9.765,-96.21,-76.66,-27.83,-89.35,-45.41,-85.45,-147,22.95,-16.12,81.54,72.77,0,-27.73,61.06,70.25,-21.5,-258.8,-354.5,51.75,759.2,-176.2,1455,608,-1332,0.4403,-0.03644,0.8809,0.1911,-0.6012,0.1998,0.7152,-0.3819,0.2482,0.4444,-0.46,0.1843,-0.4881,-0.5127,-0.5742,-0.6846,-0.2297,-0.5976,-0.4861,-0.4917,-0.5849,0.7175,-0.1229,0.6778,0.6141,-0.03253,0.7869,0.5388,-0.563,0.3469,0.3238,-0.72,0.5329,5.49E-04,-0.3258,0.03742,-0.6344,-0.3975,-0.388,-0.6125,-0.4671,-0.4292,-0.218,-0.339,-0.1607
6.61,6.377,-0.2935,8.036,9.97,-1.234,3.437,6.549,0.05254,25.19,3.456,25.17,3.331,1.169,-0.926,-51.7,-28.51,1.649,1.273,6.06,-0.1543,54.03,37.44,16.59,21.5,-2.888,1.714,-3.805,5.012,52.82,9.843,24.72,-24.78,-1.844,14.49,6.247,-7.646,-73.19,-15.87,-0.7841,-21.26,5.489,7.523,-20.38,11.98,7.656,14.84,3.691,19.22,-102.3,-10.93,6.187,-102.3,-10.88,6.186,-154.7,-3.002,12.54,-76.67,-5.862,0.8005,-84.6,0.6619,1.006,-80.32,17.33,-0.651,-78.64,-35.45,-3.072,-86.31,-10.97,0.4965,-78.79,22.12,1.411,-79,12.28,0.8447,-87.19,-12.27,17.01,-54.2,-71.78,-56.64,-72.77,-6.833,-127.9,64.46,-302.7,7.322,13.69,-423.3,-112.3,-100.1,-168.5,56.15,-215.3,-249.5,-75.68,-123,-341.3,4.882,-81.55,-64.46,-88.39,-81.53,-57.13,-136.2,-111.3,-62.52,-10.73,9.769,15.62,23.94,-2.004,17.14,-3.843,-9.756,-347.2,-260.7,104,750.5,-116.7,914.5,814.9,-1278,0.4406,-0.03479,0.8811,0.1917,-0.6012,0.2008,0.7149,-0.3816,0.2502,0.4442,-0.4605,0.1862,-0.4872,-0.5145,-0.5713,-0.6847,-0.231,-0.5966,-0.4869,-0.4912,-0.5848,0.718,-0.1207,0.6778,0.6148,-0.03113,0.7864,0.5385,-0.5626,0.3476,0.3181,-0.7226,0.5354,-0.00116,-0.3294,0.03827,-0.6324,-0.405,-0.3866,-0.6141,-0.4677,-0.4273,-0.2147,-0.3376,-0.1614
6.62,6.42,-0.322,7.896,9.995,-1.148,3.513,6.429,-0.08419,25.07,3.607,25.06,3.488,1.041,-0.9194,-51.9,-28.85,1.602,1.204,5.991,-0.2036,54.19,37.97,16.44,20.81,-2.869,1.329,-4.148,5.405,53.72,9.449,25.22,-24.6,-2.012,13.94,6.435,-7.591,-73.45,-15.85,-0.6823,-21.3,5.423,7.459,-20.45,11.8,7.586,14.65,3.659,18.97,-102.9,-10.69,6.242,-102.9,-10.77,6.244,-154.8,-2.941,12.52,-77,-5.813,0.8195,-84.79,0.757,1.041,-80.14,17.27,-0.4921,-78.45,-36.4,-3.18,-86.39,-11.44,0.6918,-78.58,21.48,1.925,-78.84,12.04,1.087,-87.07,-12.3,16.7,-42.49,-78.61,-50.78,-76.65,-28.31,-128.9,54.69,-286.1,11.23,30.27,-415,-101.6,-83.02,-140.1,62.99,-195.3,-230,-67.38,-111.3,-353.5,0,-74.72,-17.57,-100.1,-58.6,-65.91,-172.8,-118.7,-101.6,-36.63,-93.23,-110.9,18.09,38.42,-12.7,-26.9,8.323,-361.8,-221.7,135.2,762.7,-25.87,492.6,870.6,-1187,0.441,-0.03314,0.8812,0.1923,-0.6015,0.2021,0.7147,-0.3812,0.2527,0.4439,-0.4611,0.1886,-0.4864,-0.5163,-0.5681,-0.6848,-0.2324,-0.5955,-0.4871,-0.4915,-0.5843,0.7187,-0.1185,0.6778,0.6155,-0.02991,0.786,0.5387,-0.5619,0.3488,0.3126,-0.7249,0.5384,-0.002991,-0.3331,0.03931,-0.6315,-0.4109,-0.3865,-0.615,-0.469,-0.4276,-0.2124,-0.3374,-0.1627
6.63,6.459,-0.3548,7.757,10.02,-1.067,3.553,6.299,-0.264,24.9,3.777,24.89,3.665,0.9103,-0.9146,-52.09,-29.16,1.581,1.131,5.931,-0.2949,54.38,38.33,16.21,20.13,-2.838,1.188,-4.397,5.809,54.56,9.333,25.73,-24.56,-2.18,13.74,6.581,-7.613,-73.7,-15.8,-0.5821,-21.36,5.341,7.362,-20.54,11.59,7.483,14.39,3.607,18.69,-103.4,-10.42,6.271,-103.4,-10.68,6.276,-155,-2.864,12.55,-77.28,-5.738,0.8365,-84.93,0.8728,1.077,-80.01,17.16,-0.3566,-78.32,-37.34,-3.281,-86.49,-11.87,0.8871,-78.31,20.89,2.191,-78.6,11.56,1.236,-86.93,-12.71,16.72,-43.45,-86.92,-33.69,-72.25,-49.31,-110.3,53.71,-261.7,25.88,36.14,-407.2,-109.4,-70.3,-119.1,73.24,-185.5,-233.4,-69.82,-86.44,-348.6,-9.765,-108.9,-15.14,-89.84,-30.77,-88.87,-181.2,-72.78,-97.18,-27.33,-158.7,-192.8,21.01,37.75,-51.72,-53.64,-31.75,-323.8,-32.21,118.2,731.9,44.4,302.8,794.4,-1069,0.4414,-0.03156,0.8813,0.1928,-0.602,0.2035,0.7145,-0.3808,0.2556,0.4437,-0.4617,0.1917,-0.4856,-0.518,-0.5647,-0.6848,-0.234,-0.5944,-0.4867,-0.4926,-0.5832,0.7194,-0.1167,0.6775,0.6163,-0.02893,0.7854,0.5393,-0.5612,0.3507,0.3074,-0.727,0.5414,-0.004761,-0.3365,0.04041,-0.6307,-0.4147,-0.3882,-0.6151,-0.4705,-0.4298,-0.2126,-0.3404,-0.1645
6.64,6.499,-0.4039,7.664,10.1,-0.9783,3.55,6.176,-0.4762,24.68,3.971,24.67,3.866,0.8029,-0.9098,-52.21,-29.52,1.56,1.068,5.863,-0.397,54.58,38.6,15.86,19.42,-2.789,1.258,-4.555,6.196,55.34,9.443,26.27,-24.82,-2.29,14.11,6.67,-7.743,-73.94,-15.75,-0.4772,-21.46,5.225,7.245,-20.67,11.35,7.36,14.08,3.546,18.37,-104,-10.11,6.291,-104,-10.59,6.301,-155.2,-2.779,12.59,-77.5,-5.612,0.8435,-85.05,1.043,1.112,-79.97,16.97,-0.2398,-78.28,-38.3,-3.325,-86.61,-12.29,1.063,-78.04,20.35,2.236,-78.35,10.91,1.35,-86.9,-13.59,17.37,-62.5,-81.54,-8.309,-44.93,-52.74,-95.21,61.52,-228.5,29.3,29.31,-388.7,-114.3,-65.44,-100.6,79.1,-168.9,-222.2,-67.38,-64.95,-334.9,-24.9,-126.5,-26.85,-128.4,8.798,-83.99,-190.9,-53.7,-85.46,-4.38,-191.4,-215.3,-20.52,26.73,-49.73,-30.74,-136.2,-254.9,203.1,55.62,688,120.6,1106,-1607,-1426,0.442,-0.03003,0.8813,0.1934,-0.6025,0.2055,0.7142,-0.3805,0.259,0.4435,-0.4623,0.1952,-0.4848,-0.5198,-0.561,-0.6847,-0.2359,-0.5931,-0.4857,-0.4943,-0.5817,0.7204,-0.1154,0.6769,0.6175,-0.02808,0.7846,0.5401,-0.5604,0.3532,0.3024,-0.7286,0.5449,-0.006287,-0.3398,0.04163,-0.6292,-0.4173,-0.391,-0.6147,-0.4727,-0.4331,-0.2172,-0.3477,-0.1655
6.65,6.541,-0.476,7.533,10.21,-0.888,3.534,6.061,-0.7368,24.43,4.217,24.42,4.116,0.7001,-0.9178,-52.29,-29.89,1.579,1.014,5.787,-0.5046,54.75,38.8,15.39,18.68,-2.738,1.32,-4.559,6.498,56.07,9.737,26.84,-24.76,-2.309,13.19,6.665,-8.598,-74.18,-15.7,-0.3692,-21.6,5.087,7.101,-20.84,11.1,7.208,13.74,3.442,18.02,-104.5,-9.752,6.298,-104.6,-10.48,6.312,-155.6,-2.695,12.62,-77.71,-5.447,0.8478,-85.12,1.257,1.163,-80.04,16.71,-0.1585,-78.41,-39.3,-3.253,-86.74,-12.71,1.222,-77.82,19.81,2.267,-78.15,10.08,1.519,-87.68,-14.27,16.95,-83.97,-80.57,28.82,-36.14,-67.86,-84.96,56.65,-207.5,58.11,13.69,-372.1,-111.8,-47.35,-84.47,79.1,-153.8,-206.1,-62.5,-52.25,-322.3,-20.02,-137.2,-41.5,-138.7,21.97,-83.01,-188,-74.21,-28.34,-46.37,-141.6,-182.6,-49.8,-1.002,-33.21,65.48,-125.5,-129.9,329.6,-167.4,660.7,-184.1,2031,-3040,435.1,0.4425,-0.02844,0.8813,0.1942,-0.6032,0.2079,0.7137,-0.3803,0.2626,0.443,-0.4628,0.1992,-0.4843,-0.5213,-0.5569,-0.6846,-0.2378,-0.5917,-0.4844,-0.4964,-0.5798,0.7216,-0.1141,0.6761,0.619,-0.02735,0.7834,0.5414,-0.5594,0.3565,0.2977,-0.7296,0.5493,-0.00763,-0.3431,0.04291,-0.6285,-0.4192,-0.3941,-0.6138,-0.4762,-0.4365,-0.2106,-0.3543,-0.161
6.66,6.528,-0.5387,7.313,10.36,-0.7837,3.582,5.939,-1.012,24.14,4.49,24.14,4.397,0.6304,-0.9173,-52.35,-30.28,1.571,0.9544,5.698,-0.6181,54.94,38.95,14.88,17.95,-2.637,1.32,-4.477,6.164,56.79,10.14,27.36,-23.93,-2.226,9.585,6.602,-9.543,-74.41,-15.64,-0.2545,-21.76,4.909,6.958,-21.03,10.8,7.058,13.39,3.326,17.62,-105.1,-9.36,6.284,-105.2,-10.37,6.303,-156.1,-2.6,12.63,-77.98,-5.232,0.8478,-85.16,1.46,1.204,-80.18,16.4,-0.06675,-78.66,-40.34,-3.064,-86.88,-13.19,1.366,-78.24,19.29,2.122,-78.61,9.154,1.932,-89.26,-14.23,14.03,-69.34,-48.34,68.37,2.454,-65.44,-85.45,63.97,-183.6,60.06,41.03,-354,-105,-10.27,-66.41,62.01,-142.1,-201.7,-49.81,-26.87,-293.9,-14.16,-137.2,-27.34,-134.8,57.12,-61.53,-124,-141.6,69.81,0,51.31,-55.65,-66.4,-75.17,46.83,214.9,1.488,-9.79,352,-314.5,135.3,-606.9,4703,1188,354.5,0.4431,-0.02686,0.8813,0.1949,-0.6038,0.2108,0.7128,-0.3804,0.2665,0.4423,-0.4635,0.2036,-0.4838,-0.5228,-0.5527,-0.6845,-0.2401,-0.59,-0.4829,-0.4987,-0.5776,0.7231,-0.1125,0.6749,0.6204,-0.02686,0.7823,0.5426,-0.5583,0.3604,0.2929,-0.7299,0.5544,-0.008851,-0.3469,0.04425,-0.6293,-0.4203,-0.3977,-0.6107,-0.4845,-0.4364,-0.1812,-0.3546,-0.1517
6.67,6.437,-0.5767,6.968,10.51,-0.6714,3.68,5.815,-1.293,23.81,4.763,23.8,4.674,0.5854,-0.9206,-52.36,-30.71,1.545,0.88,5.566,-0.753,55.06,39.12,14.45,17.26,-2.447,1.259,-4.2,5.742,57.58,10.67,27.79,-19.57,-2.069,5.553,6.419,-8.912,-74.64,-15.53,-0.1442,-21.96,4.715,6.814,-21.27,10.49,6.906,13.06,3.201,17.18,-105.7,-8.93,6.249,-105.9,-10.22,6.273,-156.6,-2.49,12.62,-78.3,-4.977,0.8373,-85.14,1.619,1.221,-80.45,16.1,0.03491,-79.12,-41.44,-2.733,-87.04,-13.82,1.532,-78.69,18.77,1.99,-79.12,8.11,2.518,-89.05,-10.91,9.859,-44.44,-49.81,61.52,-11.72,-83.49,-92.77,97.64,-168.9,68.36,66.91,-355.5,-72.75,31.24,-46.39,41.99,-83.51,-196.3,-70.8,16.11,-274.4,-9.765,-76.67,27.34,-74.7,40.53,-42.96,2.443,-195.8,260.7,-69.83,369.1,165.5,-75.67,-171,79.57,339.4,89.85,-4.389,301.8,324.7,-671.9,-215.8,-1256,3531,1221,0.4441,-0.02533,0.8811,0.1959,-0.6043,0.2141,0.7117,-0.3806,0.2705,0.4414,-0.4645,0.208,-0.4833,-0.5242,-0.5482,-0.6845,-0.2425,-0.588,-0.4815,-0.5009,-0.5752,0.7249,-0.1107,0.6735,0.6215,-0.02692,0.7815,0.5435,-0.5571,0.3643,0.2884,-0.7295,0.5605,-0.01032,-0.3519,0.04578,-0.6309,-0.4206,-0.4018,-0.6077,-0.4941,-0.4357,-0.1506,-0.3242,-0.1537
6.68,6.338,-0.5662,6.624,10.61,-0.5724,3.723,5.685,-1.559,23.42,5.027,23.42,4.943,0.5848,-0.9162,-52.36,-31.16,1.512,0.7664,5.418,-0.9083,55.17,39.29,14.09,16.64,-2.104,1.023,-3.838,5.878,58.48,11.4,28.02,-15.07,-1.838,4.783,6.14,-8.131,-74.86,-15.4,-0.05412,-22.18,4.496,6.669,-21.51,10.14,6.754,12.73,3.051,16.7,-106.4,-8.493,6.175,-106.5,-10.04,6.203,-157,-2.358,12.59,-78.55,-4.746,0.8164,-85.05,1.738,1.185,-80.76,15.85,0.2165,-79.73,-42.6,-2.275,-87.18,-14.69,1.713,-78.5,18.25,2.171,-79,6.864,2.702,-87.91,-7.723,8.63,11.71,-37.11,13.18,-13.18,-71.29,-56.16,135.3,-154.8,60.06,87.39,-331,-58.59,82.52,-14.65,0.4928,-12.2,-179.7,-68.36,68.84,-268.6,10.74,17.58,55.66,-54.21,14.65,33.7,70.31,-200.2,443.4,-117.2,718.3,193.4,-106.9,-210.8,-4.897,479,245.6,-68.87,261.2,925.3,-1120,-280.8,-2007,-275.3,1248,0.4452,-0.02399,0.8808,0.1969,-0.6048,0.2178,0.7102,-0.3812,0.2747,0.4403,-0.4656,0.2127,-0.4827,-0.5254,-0.5437,-0.6846,-0.2449,-0.5858,-0.4803,-0.5031,-0.5727,0.7265,-0.1093,0.6723,0.6223,-0.02765,0.7808,0.5441,-0.5554,0.3683,0.2838,-0.7285,0.5674,-0.01215,-0.3588,0.04718,-0.6337,-0.4206,-0.4057,-0.6052,-0.4998,-0.4405,-0.147,-0.2957,-0.1607
6.69,6.296,-0.5271,6.299,10.59,-0.4393,3.715,5.561,-1.802,22.98,5.302,22.97,5.23,0.603,-0.8731,-52.27,-31.65,1.484,0.6137,5.263,-1.115,55.2,39.49,13.84,16.04,-1.683,0.6904,-3.507,5.879,59.51,11.92,27.98,-12.31,-1.549,4.945,5.877,-7.789,-75.05,-15.24,0.0344,-22.45,4.245,6.492,-21.81,9.77,6.569,12.43,2.876,16.19,-107,-8.042,6.049,-107.2,-9.833,6.079,-157.5,-2.208,12.55,-78.73,-4.607,0.7626,-84.91,1.819,1.092,-81,15.66,0.4345,-80.3,-43.82,-1.806,-87.29,-15.91,1.867,-78.43,17.72,2.344,-78.93,5.81,2.38,-87.26,-6.105,8.188,61.04,-23.92,21.97,5.847,-51.75,-38.58,149.9,-141.1,53.22,93.75,-304.2,-38.57,94.73,-10.26,-12.21,40.04,-172.4,-68.84,124,-274.9,11.71,109.9,89.35,-25.89,-8.307,126,100.1,-100.6,585.5,-22.47,1095,149.9,-167.5,-271.6,-31.68,625.4,429.7,-123.6,-162.6,747.1,-1320,-89.37,-69.85,-2754,-159.2,0.4465,-0.02277,0.8804,0.1979,-0.6055,0.222,0.7086,-0.3819,0.2793,0.4387,-0.467,0.2174,-0.4819,-0.5265,-0.5391,-0.6848,-0.2471,-0.5834,-0.4792,-0.5053,-0.57,0.7275,-0.1085,0.6715,0.6228,-0.02905,0.7803,0.5447,-0.5534,0.3719,0.2785,-0.7277,0.5742,-0.0141,-0.3685,0.04828,-0.6383,-0.4192,-0.4105,-0.601,-0.5029,-0.4472,-0.1467,-0.2812,-0.1647
6.7,6.301,-0.4801,6.063,10.47,-0.2572,3.669,5.474,-2.038,22.43,5.569,22.42,5.511,0.6511,-0.8014,-52.06,-32.18,1.462,0.4074,5.107,-1.333,55.1,39.66,13.75,15.52,-1.185,0.1814,-3.383,6.002,60.71,12.18,27.54,-9.755,-1.236,2.76,5.676,-7.849,-75.21,-15.06,0.1262,-22.81,3.939,6.27,-22.2,9.38,6.34,12.16,2.683,15.63,-107.6,-7.583,5.885,-107.9,-9.609,5.917,-157.9,-2.02,12.49,-78.84,-4.549,0.6664,-84.81,1.862,0.9514,-81.06,15.59,0.7468,-80.72,-45.1,-1.404,-87.35,-17.58,1.996,-78.26,17.2,2.684,-78.79,5.037,2.25,-87.04,-4.361,5.632,79.11,-2.926,13.68,42.47,-31.26,-8.789,143.1,-133.3,47.85,91.32,-294.4,-34.18,126.9,10.26,-38.57,86.92,-155.3,-79.59,165,-282.2,24.9,197.7,110.4,70.31,-23.92,195.8,207,0.9829,674.3,-76.65,1512,177.7,-210,-408.6,25.86,839.4,97.18,-34.64,-439,580.5,-1031,-67.86,-1422,726.1,104.9,0.448,-0.02167,0.8798,0.1989,-0.6063,0.2268,0.7068,-0.3827,0.284,0.4367,-0.4687,0.2221,-0.481,-0.5272,-0.5345,-0.6851,-0.249,-0.581,-0.4784,-0.5075,-0.567,0.7279,-0.1083,0.6713,0.623,-0.03064,0.7801,0.5447,-0.5514,0.3745,0.2721,-0.7275,0.5805,-0.01636,-0.3819,0.04889,-0.6432,-0.4183,-0.4143,-0.5987,-0.5052,-0.4517,-0.1275,-0.2642,-0.169
6.71,6.391,-0.4221,5.891,10.27,0.01299,3.571,5.382,-2.263,21.83,5.866,21.82,5.827,0.6459,-0.6773,-51.78,-32.74,1.43,0.1816,4.937,-1.576,54.9,39.83,13.8,15.18,-0.6625,-0.8238,-3.257,5.956,62.14,12.41,26.6,-7.96,-0.814,1.254,5.396,-7.312,-75.35,-14.87,0.2623,-23.22,3.612,6.001,-22.65,8.964,6.063,11.94,2.489,15.02,-108.3,-7.103,5.694,-108.5,-9.355,5.727,-158.4,-1.811,12.41,-78.89,-4.577,0.5282,-84.7,1.902,0.7558,-81.13,15.67,1.037,-81.22,-46.45,-0.8759,-87.37,-19.82,2.121,-78.27,16.82,3.429,-78.89,4.428,2.207,-86.52,-3.216,3.89,76.66,51.27,25.87,83.49,-39.07,-12.21,154.8,-121.6,52.25,127,-303.2,-21,148.9,25.88,-69.82,114.3,-143.1,-71.28,205.1,-289.1,43.45,241.2,66.89,205.1,-5.852,156.7,291.5,150.9,814.9,-51.26,1904,293,-224.1,-582,97.63,975.6,334,-41.52,-19.55,157.2,-652.3,295,459.5,192.9,589.3,0.4495,-0.02033,0.8791,0.2,-0.6075,0.2319,0.7047,-0.3836,0.2891,0.4344,-0.471,0.2267,-0.4801,-0.5279,-0.5298,-0.6855,-0.2506,-0.5785,-0.4776,-0.5098,-0.5638,0.7278,-0.1087,0.6716,0.6232,-0.0326,0.7798,0.5448,-0.5492,0.3759,0.2652,-0.727,0.5874,-0.01917,-0.3997,0.04914,-0.646,-0.4223,-0.4126,-0.5961,-0.5082,-0.4542,-0.1152,-0.2524,-0.1753
6.72,6.528,-0.3341,5.668,10.05,0.3174,3.575,5.272,-2.448,21.23,6.205,21.23,6.183,0.6175,-0.5196,-51.46,-33.35,1.391,-0.04763,4.734,-1.848,54.7,40,14.03,15.07,-0.1921,-1.319,-3.041,5.654,63.79,13.22,25.06,-5.91,-0.2579,-0.6065,4.992,-6.524,-75.46,-14.71,0.4161,-23.63,3.277,5.714,-23.1,8.523,5.769,11.72,2.295,14.34,-109,-6.614,5.477,-109.2,-9.051,5.509,-158.9,-1.586,12.31,-79,-4.65,0.3848,-84.61,1.939,0.5273,-81.32,15.93,1.225,-81.92,-47.84,-0.1327,-87.39,-22.7,2.254,-78.57,16.73,3.584,-79.29,3.531,2.614,-86.08,-2.059,2.257,68.36,100.1,53.23,104,-53.22,11.23,194.8,-111.8,65.91,186.5,-317.9,-32.23,171.4,51.75,-82.03,146,-125,-59.57,250.5,-270.5,46.39,214.3,30.77,337.9,32.72,60.06,367.2,413.1,879.4,-37.61,2042,465.3,-261.7,-653.8,303.8,986.4,376,-21,688,74.27,-117.7,365.7,-554.7,479,110.9,0.4509,-0.01898,0.8785,0.201,-0.6087,0.2371,0.7026,-0.3845,0.2944,0.4318,-0.4736,0.2316,-0.4791,-0.5285,-0.5249,-0.6862,-0.2515,-0.5758,-0.4769,-0.512,-0.5603,0.7274,-0.1087,0.6722,0.6234,-0.03467,0.7797,0.5453,-0.5469,0.3758,0.258,-0.7256,0.5952,-0.02252,-0.4224,0.04932,-0.644,-0.4262,-0.41,-0.5931,-0.5156,-0.4542,-0.1035,-0.2408,-0.1809
6.73,6.69,-0.2072,5.272,9.841,0.63,3.728,5.159,-2.59,20.64,6.605,20.63,6.596,0.5894,-0.3504,-51.11,-33.97,1.323,-0.2654,4.505,-2.128,54.52,40.15,14.47,15.13,0.2906,-1.672,-2.794,5.495,65.68,14.51,22.95,-3.773,0.2338,-2.457,4.506,-6.136,-75.56,-14.58,0.5694,-24.07,2.926,5.408,-23.58,8.061,5.455,11.48,2.128,13.6,-109.7,-6.117,5.227,-109.9,-8.696,5.257,-159.4,-1.36,12.15,-79.25,-4.736,0.2458,-84.49,1.987,0.2698,-81.5,16.41,1.396,-82.72,-49.26,0.7485,-87.41,-26.17,2.533,-78.67,16.85,3.632,-79.5,2.366,2.815,-85.82,-1.094,0.4895,136.7,104.5,85.44,146,-76.66,15.63,249.5,-94.72,58.59,227,-329.6,-15.14,200.7,75.68,-93.75,177.7,-108.9,-66.4,292.5,-262.2,42,248.1,7.314,365.2,95.22,-11.72,539.1,602.5,820.3,-98.14,1808,562.5,-230.5,-578.3,333.4,969.8,4.41,-793.5,661.1,1247,-461.5,513.2,-46.32,1855,1291,0.452,-0.0177,0.8779,0.202,-0.61,0.2425,0.7004,-0.3855,0.3001,0.4293,-0.4765,0.2369,-0.4782,-0.5288,-0.5201,-0.6872,-0.2521,-0.5729,-0.4763,-0.514,-0.5567,0.7271,-0.1079,0.6729,0.6236,-0.03717,0.7794,0.5457,-0.5445,0.3739,0.2504,-0.7239,0.6032,-0.02759,-0.4493,0.04938,-0.6454,-0.4252,-0.4096,-0.5892,-0.5224,-0.4573,-0.09015,-0.2307,-0.1858
6.74,6.924,-0.04031,4.711,9.723,0.9072,3.982,5.086,-2.664,20.11,7.138,20.1,7.135,0.6126,-0.204,-50.7,-34.56,1.207,-0.4627,4.252,-2.409,54.35,40.29,15.07,15.27,0.8691,-2.509,-2.588,4.774,67.83,15.8,20.44,-2.654,0.5771,-2.204,4.015,-5.359,-75.64,-14.58,0.6957,-24.55,2.518,5.069,-24.1,7.585,5.109,11.19,2.022,12.8,-110.3,-5.63,4.961,-110.5,-8.283,4.989,-159.9,-1.124,11.94,-79.6,-4.861,0.1266,-84.29,2.07,-0.003783,-81.59,17.09,1.662,-83.52,-50.72,1.653,-87.49,-30.12,2.97,-79.3,17.07,3.982,-80.2,1.296,2.489,-85.67,-1.117,0.4013,310.1,106.4,200.2,251,-83.01,62.5,315,-70.31,34.67,291,-324.7,28.81,280.8,88.87,-104.5,229.5,-92.29,-77.15,355,-217.8,47.85,243.2,175.3,331.5,230.5,111.8,442.4,605,636.7,-80.08,1456,584.4,-235.8,-407.2,461.4,871.1,711,-1455,-859.4,1629,-554.7,1437,664.1,570.9,-113.3,0.4521,-0.01654,0.8779,0.2029,-0.6114,0.2484,0.6982,-0.3865,0.3061,0.4272,-0.4798,0.2425,-0.4773,-0.529,-0.5155,-0.6885,-0.2522,-0.5696,-0.4761,-0.5157,-0.553,0.7266,-0.1063,0.674,0.624,-0.04016,0.7789,0.5457,-0.5415,0.3707,0.2424,-0.7223,0.6112,-0.03412,-0.4793,0.04962,-0.6519,-0.4228,-0.4082,-0.5811,-0.5295,-0.4611,-0.08967,-0.2307,-0.1871
6.75,7.056,0.1266,4.301,9.71,1.155,4.006,5.068,-2.644,19.55,7.692,19.54,7.691,0.6751,-0.05813,-50.25,-35.14,1.037,-0.6414,3.957,-2.675,54.22,40.47,15.93,15.69,1.474,-3.191,-2.354,3.952,70.17,17.56,17.64,-1.031,0.7078,-2.594,3.577,-4.657,-75.73,-14.6,0.8098,-25.07,2.054,4.709,-24.66,7.105,4.742,10.83,1.988,11.94,-110.9,-5.163,4.682,-111.1,-7.799,4.706,-160.3,-0.8752,11.65,-79.71,-4.906,2.63E-04,-84.02,2.134,-0.2866,-81.63,18,1.94,-84.31,-52.13,2.519,-87.71,-34.31,3.616,-79.96,17.58,4.15,-81.04,0.05296,2.831,-85.74,-0.7429,0.3071,457,90.82,259.3,409.7,-86.92,81.54,418.4,-3.905,-52.25,424.3,-335,51.27,370.6,85.94,-152.3,345.2,-101.6,-78.13,472.7,-156.3,58.59,437.5,349.1,363.3,207,191.4,173.3,682.6,336.9,-27.84,1009,454.1,-208,59.13,492.1,848.6,1251,-868.6,-434.5,1496,-302.2,100.6,-411.6,37.62,631.4,0.452,-0.01544,0.878,0.2036,-0.613,0.2547,0.6961,-0.3875,0.3124,0.4255,-0.4835,0.2485,-0.4762,-0.529,-0.511,-0.6902,-0.2518,-0.5659,-0.4764,-0.5167,-0.5492,0.7264,-0.1062,0.6744,0.6243,-0.04364,0.7785,0.5454,-0.5382,0.3657,0.2346,-0.7209,0.6185,-0.04193,-0.5105,0.05042,-0.6562,-0.4206,-0.4049,-0.5744,-0.54,-0.4615,-0.08911,-0.2275,-0.1865
6.76,7.183,0.2454,4.313,9.677,1.441,3.653,5.041,-2.54,18.93,8.209,18.92,8.207,0.7005,0.1774,-49.77,-35.73,0.8186,-0.823,3.654,-2.89,54.15,40.72,16.9,16.32,2.025,-3.471,-2.275,3.006,72.52,19.6,14.77,0.1722,0.5666,-2.66,3.29,-3.86,-75.8,-14.61,0.9818,-25.61,1.542,4.334,-25.22,6.568,4.361,10.4,1.974,11.02,-111.5,-4.737,4.381,-111.7,-7.269,4.401,-160.7,-0.6174,11.26,-79.42,-4.948,-0.1409,-83.77,2.199,-0.5516,-81.53,19.02,2.228,-84.87,-53.44,3.161,-88.04,-38.48,4.465,-80.77,18.34,3.89,-81.96,-1.216,3.032,-85.81,-0.8375,0.4359,422.9,111.8,237.3,474.1,-106.9,96.19,536.6,93.74,-65.91,551.3,-309.1,67.39,411.1,58.11,-198.2,452.1,-119.6,-99.12,582.5,-139.2,32.23,510.8,171.9,128.4,151.9,149.4,15.14,826.2,104.5,-179.2,664.1,297.4,-161.2,218.2,445.8,644.5,829.6,151.4,495.1,428.2,43.98,-523.9,212.3,11.25,-4.384,0.4521,-0.01404,0.8779,0.204,-0.6147,0.2614,0.6939,-0.3883,0.3193,0.424,-0.4873,0.2551,-0.475,-0.529,-0.5067,-0.6921,-0.2512,-0.5618,-0.4775,-0.5169,-0.5455,0.7259,-0.1088,0.6745,0.6246,-0.04688,0.7781,0.545,-0.5348,0.3596,0.2271,-0.7203,0.6244,-0.05078,-0.5406,0.05127,-0.6549,-0.4201,-0.3994,-0.5664,-0.5505,-0.4625,-0.08997,-0.2285,-0.1858
6.77,7.245,0.2615,4.43,9.786,1.86,3.344,4.85,-2.381,18.43,8.768,18.42,8.754,0.5824,0.5164,-49.35,-36.4,0.5959,-0.9501,3.353,-3.038,54.22,41.11,17.84,17,2.503,-3.482,-2.416,1.794,74.74,21.67,12.03,1.468,0.06245,-2.707,3.185,-2.724,-75.85,-14.66,1.237,-26.04,1.113,3.992,-25.7,5.95,4.013,9.919,1.901,10.08,-112.2,-4.338,4.072,-112.4,-6.713,4.088,-161,-0.4134,10.77,-79.15,-4.898,-0.3329,-83.65,2.293,-0.7716,-81.33,20.05,2.565,-85.23,-54.62,3.576,-88.52,-42.36,5.659,-81.99,19.2,3.291,-83.21,-2.444,3.162,-85.85,-0.8276,0.4954,197.3,160.2,251,400.4,-106.9,140.6,605.5,168.9,-72.75,617.2,-240.7,58.59,418.5,22.46,-234.4,479,-129.4,-93.75,642.6,-151.4,6.828,465.3,45.89,-82.03,212.9,39.55,-14.15,586.4,-160.6,-140.6,369.6,293.5,-155.2,133,667.5,611.3,29.32,680.2,486.8,-287.5,247.5,-31.75,-109.4,-208.5,-176.8,0.4518,-0.01215,0.8778,0.2048,-0.6161,0.2673,0.6913,-0.3893,0.3269,0.4224,-0.4908,0.2623,-0.4732,-0.5293,-0.5023,-0.694,-0.2503,-0.5575,-0.4788,-0.5161,-0.542,0.7259,-0.1115,0.6741,0.6251,-0.04913,0.7775,0.5449,-0.531,0.3538,0.2204,-0.7203,0.6288,-0.06134,-0.5679,0.05225,-0.6523,-0.419,-0.3941,-0.5565,-0.562,-0.4626,-0.0904,-0.2285,-0.1853
6.78,7.26,0.2513,4.498,10.04,2.337,3.151,4.462,-2.177,18.05,9.41,18.05,9.368,0.2978,0.9089,-49.02,-37.15,0.4424,-0.9816,3.088,-3.1,54.3,41.62,18.83,17.47,2.916,-3.593,-2.677,1.004,76.83,23.51,9.464,2.72,-0.757,-2.986,3.026,-1.853,-75.93,-14.79,1.546,-26.41,0.7844,3.618,-26.13,5.237,3.633,9.45,1.701,9.089,-113,-3.957,3.77,-113.1,-6.128,3.783,-161.2,-0.2876,10.19,-79.02,-4.791,-0.5218,-83.6,2.4,-0.9617,-81.07,21.12,2.922,-85.55,-55.61,3.963,-88.95,-45.91,7.116,-82.85,19.82,2.934,-84.15,-3.656,3.436,-85.84,-0.8296,0.4718,10.75,212.9,337.4,330.1,-60.05,223.6,552.2,180.7,-34.67,577.1,-163.1,55.66,406.7,24.91,-232.4,467.3,-122.1,-89.35,627.5,-153.3,-6.828,333.5,-90.33,-99.11,318.4,-173.8,29.29,292.5,-310.1,-98.14,18.54,287.6,-116.7,302.3,420.4,325.3,-263.2,801.3,138.7,-591.4,521.5,-199.2,-32.64,-300.3,-42.5,0.4509,-0.009766,0.8781,0.2061,-0.6178,0.2724,0.6881,-0.3905,0.3351,0.4198,-0.4942,0.2701,-0.471,-0.5299,-0.4975,-0.696,-0.2495,-0.5528,-0.4801,-0.5145,-0.5387,0.7263,-0.1134,0.6734,0.6257,-0.05072,0.777,0.5457,-0.5264,0.3481,0.2146,-0.7203,0.6325,-0.07386,-0.592,0.0517,-0.6532,-0.4164,-0.3913,-0.5486,-0.5722,-0.463,-0.09021,-0.2285,-0.1854
6.79,7.282,0.2918,4.544,10.3,2.728,3.004,3.92,-1.935,17.71,10.09,17.71,10.01,-0.09449,1.26,-48.76,-38.02,0.4106,-0.9221,2.873,-3.085,54.36,42.28,19.89,17.59,3.199,-3.817,-2.874,0.5427,78.79,24.74,7.261,3.719,-1.875,-3.262,2.816,-1.275,-76.02,-14.97,1.84,-26.74,0.5332,3.169,-26.52,4.448,3.178,9.018,1.359,8.045,-113.9,-3.57,3.497,-114,-5.501,3.507,-161.5,-0.2052,9.508,-78.95,-4.709,-0.6342,-83.6,2.492,-1.124,-80.91,22.25,3.163,-85.93,-56.43,4.411,-89.36,-48.92,8.839,-83.38,20.06,2.819,-84.76,-4.645,3.582,-85.8,-0.8532,0.3281,-15.62,226.6,402.8,353,-34.18,231.9,459,167,25.88,500,-109.4,83.01,420.4,91.3,-195.8,463.9,-102.5,-83.99,601.1,-137.7,4.882,165,-143.1,-20.51,383.3,-279.3,61.52,224.1,-326.2,-59.58,-343.8,352.1,-91.33,-809.1,442.9,55.64,-240.7,936.5,-277.8,-725.1,919.5,-264.7,-6.323,37.1,49.83,0.4497,-0.007385,0.8786,0.2076,-0.62,0.2766,0.6844,-0.3922,0.3438,0.4161,-0.4976,0.2783,-0.4683,-0.5313,-0.492,-0.698,-0.2485,-0.5476,-0.4815,-0.5123,-0.5354,0.7267,-0.1145,0.6728,0.6263,-0.05194,0.7765,0.5476,-0.5216,0.342,0.2097,-0.7198,0.636,-0.08808,-0.6115,0.04999,-0.6566,-0.4136,-0.3913,-0.5425,-0.5793,-0.4644,-0.08906,-0.2285,-0.1861
6.8,7.274,0.3574,4.613,10.54,2.951,2.865,3.358,-1.644,17.33,10.7,17.32,10.6,-0.3998,1.467,-48.57,-39.05,0.4181,-0.783,2.628,-2.979,54.44,43.06,20.95,17.5,3.39,-4.052,-2.933,0.3785,80.59,25.53,4.968,4.513,-3.094,-3.404,2.602,-1.043,-76.07,-15.12,2.034,-26.98,0.2668,2.691,-26.82,3.621,2.696,8.659,0.9641,6.925,-114.9,-3.177,3.273,-115,-4.818,3.28,-161.8,-0.1258,8.735,-78.84,-4.614,-0.6796,-83.57,2.567,-1.244,-80.86,23.38,3.305,-86.36,-57.08,4.838,-89.88,-51.86,10.69,-83.56,20.05,2.867,-85.01,-5.445,3.63,-85.76,-0.8749,0.2268,90.81,197.8,382.3,390.1,-78.62,152.8,393.1,134.8,30.28,443.9,-56.63,125,430.2,182.6,-161.1,483.9,-69.33,-72.76,612.3,-106,1.946,138.2,-136.7,34.18,385.3,-197.7,57.12,295.9,-270.5,-107.4,-596.2,420.4,-23.94,-1216,304.2,-104.1,-45.92,916,-441.4,-627,964.9,177.7,53.23,-50.8,-21.03,0.4486,-0.00586,0.879,0.2083,-0.6225,0.2801,0.6804,-0.3941,0.3526,0.4115,-0.5014,0.2866,-0.4652,-0.5334,-0.4857,-0.7002,-0.2476,-0.5418,-0.4831,-0.5096,-0.5318,0.7271,-0.1155,0.6722,0.6267,-0.05298,0.7761,0.5503,-0.5167,0.336,0.2062,-0.7191,0.639,-0.1024,-0.6301,0.04792,-0.6595,-0.4119,-0.3923,-0.5385,-0.5837,-0.4667,-0.08826,-0.2286,-0.1866
6.81,7.214,0.3854,4.721,10.8,3.064,2.705,2.791,-1.326,16.95,11.26,16.94,11.16,-0.5512,1.549,-48.51,-40.19,0.3374,-0.6112,2.257,-2.772,54.6,43.91,21.96,17.29,3.52,-4.273,-2.911,0.7174,82.1,26.13,2.585,5.246,-4.172,-3.604,2.417,-1.341,-76.07,-15.25,2.129,-27.04,-0.02739,2.271,-26.93,2.761,2.274,8.405,0.5995,5.709,-116,-2.777,3.069,-116.1,-4.1,3.073,-162,-0.028,7.855,-78.67,-4.489,-0.7154,-83.51,2.625,-1.318,-80.85,24.44,3.398,-86.8,-57.51,5.284,-90.55,-54.66,12.51,-83.16,19.87,3.132,-84.72,-6.207,3.712,-85.72,-0.8848,0.1085,220.2,143.6,325.2,364.3,-119.1,54.19,396.5,118.7,39.55,392.6,-13.18,191.9,410.6,236.3,-134.8,481.4,-55.67,-75.2,626,-79.1,-35.64,238.3,-129.9,-57.62,352.1,-44.91,65.91,339.8,-213.4,-102,-752,437,116.2,-1594,-160.2,105.4,199.7,650.9,-424.8,-243.2,843.7,-78.09,105.4,109.9,-25.86,0.4476,-0.005188,0.8793,0.2078,-0.6251,0.2826,0.6762,-0.3957,0.3613,0.4063,-0.5063,0.2946,-0.4618,-0.5358,-0.4789,-0.7024,-0.2467,-0.5354,-0.4851,-0.5063,-0.5278,0.7276,-0.1168,0.6712,0.6271,-0.05384,0.7757,0.5534,-0.5118,0.3304,0.2039,-0.7182,0.6415,-0.1151,-0.6475,0.04602,-0.6598,-0.4129,-0.3927,-0.5374,-0.5854,-0.4705,-0.08734,-0.2285,-0.1872
6.82,7.105,0.3709,4.788,11.05,3.131,2.579,2.228,-1.007,16.58,11.78,16.57,11.69,-0.5669,1.531,-48.62,-41.36,0.09263,-0.3773,1.726,-2.452,54.88,44.78,22.89,17.01,3.595,-4.427,-2.858,1.2,83.32,26.55,0.3582,5.964,-4.538,-3.683,2.445,-1.85,-76.05,-15.36,2.161,-26.92,-0.3568,1.923,-26.85,1.869,1.924,8.248,0.3297,4.375,-117.2,-2.364,2.881,-117.2,-3.37,2.883,-162.3,0.04487,6.873,-78.52,-4.343,-0.7656,-83.43,2.657,-1.36,-80.85,25.4,3.45,-87.24,-57.74,5.782,-91.65,-57.06,14.03,-82.58,19.6,3.411,-84.22,-6.905,3.696,-85.68,-0.8355,0.01503,284.2,108.9,285.2,281.7,-129.9,6.84,420.9,101.1,6.84,367.2,39.06,233.9,399.4,274.9,-92.77,466.8,-35.16,-84.47,620.6,-34.19,-58.59,359.4,-65.91,-126,318.4,119.1,57.62,287.1,-132.3,-144,-806.6,508.8,177.3,-1750,-202.6,472.2,329.1,119.6,-302.2,42.43,584,-193.3,61.47,47.31,-2.416,0.4468,-0.005005,0.8797,0.2058,-0.6276,0.284,0.6719,-0.3968,0.3699,0.4008,-0.5124,0.302,-0.4585,-0.5384,-0.4718,-0.7046,-0.2457,-0.5286,-0.4873,-0.5024,-0.5236,0.7283,-0.1181,0.6702,0.6272,-0.05457,0.7755,0.5567,-0.5073,0.3253,0.2023,-0.7169,0.6437,-0.1222,-0.6627,0.04712,-0.6597,-0.4141,-0.3937,-0.5373,-0.5856,-0.4751,-0.08668,-0.228,-0.1876
6.83,6.977,0.3668,4.771,11.25,3.213,2.498,1.62,-0.6809,16.18,12.27,16.17,12.18,-0.6034,1.493,-48.89,-42.47,-0.2523,-0.06933,1.067,-2.036,55.21,45.61,23.79,16.56,3.661,-4.647,-2.886,1.724,84.21,26.72,-1.66,6.65,-4.323,-3.699,2.943,-2.446,-76.06,-15.42,2.201,-26.65,-0.6729,1.573,-26.61,0.9463,1.574,8.177,0.1319,2.899,-118.2,-1.934,2.687,-118.3,-2.615,2.688,-162.6,0.079,5.786,-78.44,-4.199,-0.8185,-83.34,2.67,-1.409,-80.75,26.31,3.519,-87.53,-57.7,6.222,-93.55,-58.89,15.71,-81.94,19.12,3.754,-83.65,-7.556,3.627,-85.67,-0.7646,-0.06731,249,83.01,243.6,216.3,-142.1,-29.79,389.2,80.08,20.02,373.6,82.03,253.9,398.9,289.6,-63.96,453.1,-12.7,-75.68,592.3,5.845,-80.08,409.7,20.02,-100.6,346.7,218.7,95.7,206,-103,-128.9,-876.5,508.3,162.1,-1106,-33.67,735.3,414.1,-313,-265.6,272,256.8,-215.3,39.12,-34.64,29.79,0.4464,-0.0047,0.8799,0.2028,-0.6304,0.2843,0.6677,-0.3972,0.3787,0.3949,-0.5197,0.3092,-0.4554,-0.5406,-0.4648,-0.707,-0.2447,-0.5214,-0.4896,-0.4978,-0.5192,0.7291,-0.119,0.6692,0.6272,-0.05542,0.7754,0.5599,-0.5031,0.3204,0.2018,-0.7157,0.6449,-0.1254,-0.6748,0.05286,-0.6588,-0.4168,-0.3952,-0.5374,-0.5851,-0.48,-0.08606,-0.2273,-0.1878
6.84,6.864,0.4057,4.735,11.39,3.275,2.411,1.037,-0.3347,15.71,12.73,15.69,12.65,-0.6592,1.468,-49.28,-43.46,-0.5946,0.2624,0.3313,-1.552,55.56,46.33,24.64,16.05,3.72,-4.924,-3.018,2.097,84.72,26.76,-3.518,7.234,-3.664,-3.701,3.6,-2.902,-76.07,-15.43,2.239,-26.29,-0.9902,1.185,-26.26,0.04656,1.185,8.182,-0.03755,1.334,-119.2,-1.519,2.454,-119.2,-1.853,2.454,-162.9,0.09166,4.606,-78.36,-4.081,-0.8528,-83.23,2.669,-1.481,-80.53,27.15,3.606,-87.57,-57.36,6.481,-95.59,-60.21,17.12,-81.45,18.58,4.069,-83.21,-8.119,3.52,-85.67,-0.7212,-0.1758,164.5,79.1,198.7,199.7,-169.4,-66.89,329.1,78.12,41.99,413.6,104.5,242.2,384.8,293,-55.18,439,-5.371,-70.8,556.6,33.69,-96.19,396,96.19,-49.81,411.1,273.9,109.9,185.5,-108.4,-58.59,-950.7,436,211,575.3,-388.7,1299,385.2,-443.3,-243.7,371.1,4.352,-258.8,0,49.25,50.82,0.4463,-0.004395,0.8799,0.1992,-0.6336,0.2839,0.6639,-0.3969,0.3876,0.3883,-0.5279,0.3162,-0.4527,-0.5423,-0.4584,-0.7094,-0.2436,-0.5138,-0.4921,-0.4925,-0.5147,0.7297,-0.1197,0.6684,0.6272,-0.05652,0.7754,0.5625,-0.4995,0.3155,0.2024,-0.7147,0.6448,-0.125,-0.684,0.06012,-0.6576,-0.4201,-0.3968,-0.537,-0.5848,-0.4843,-0.08521,-0.2268,-0.1881
6.85,6.791,0.4668,4.689,11.42,3.323,2.331,0.517,0.0559,15.18,13.15,15.17,13.07,-0.6956,1.471,-49.65,-44.19,-0.8769,0.6014,-0.4839,-1.048,55.92,46.79,25.4,15.62,3.775,-5.214,-3.239,2.144,84.8,26.76,-4.513,7.709,-2.471,-3.663,4.34,-3.057,-76.05,-15.39,2.27,-25.9,-1.304,0.808,-25.9,-0.7874,0.8079,8.182,-0.2279,-0.2554,-119.9,-1.137,2.17,-119.9,-1.082,2.17,-163.1,0.09703,3.37,-78.27,-4.002,-0.8786,-83.09,2.669,-1.566,-80.19,27.9,3.721,-87.22,-56.69,6.383,-96.98,-60.34,17.36,-81.28,18.14,4.271,-83.07,-8.564,3.413,-85.66,-0.6858,-0.247,95.2,88.38,146,181.6,-225.1,-71.77,251.5,80.08,45.9,417,97.16,185.5,333.5,283.2,-3.905,431.1,43.45,-62.01,529.8,54.19,-113.3,352.1,145,-20.51,388.2,264.7,80.56,256.3,-141.1,30.28,-948.8,322.8,143.6,491.1,617.6,866.2,238.8,-308.1,-214.3,407.7,-21.04,-48.35,-11.18,84.03,128.4,0.4466,-0.004273,0.8797,0.1954,-0.6368,0.2833,0.6606,-0.396,0.3964,0.3815,-0.5359,0.3233,-0.4506,-0.5429,-0.453,-0.7119,-0.2424,-0.506,-0.4948,-0.4867,-0.5101,0.73,-0.1205,0.6679,0.627,-0.05786,0.7754,0.5644,-0.4967,0.3106,0.2046,-0.7146,0.6427,-0.1187,-0.6861,0.068,-0.6559,-0.4237,-0.3976,-0.5356,-0.5854,-0.4871,-0.08466,-0.2265,-0.1882
6.86,6.721,0.5272,4.627,11.42,3.333,2.29,0.03063,0.5018,14.68,13.56,14.67,13.48,-0.6948,1.468,-49.93,-44.73,-1.094,0.9625,-1.3,-0.531,56.28,47.03,26.08,15.35,3.829,-5.504,-3.592,1.943,84.45,26.86,-4.428,8.093,-1.596,-3.556,4.972,-2.988,-75.99,-15.33,2.272,-25.57,-1.596,0.4643,-25.57,-1.565,0.4645,8.126,-0.4659,-1.783,-120.4,-0.7782,1.855,-120.4,-0.277,1.855,-163.3,0.09971,2.077,-78.17,-3.949,-0.8908,-82.93,2.648,-1.634,-79.66,28.54,3.927,-86.46,-55.71,5.905,-97.04,-59.17,16.63,-81.35,17.85,4.415,-83.14,-8.946,3.295,-85.66,-0.6956,-0.2594,43.45,91.79,96.69,129.9,-301.3,-36.62,191.4,70.79,53.22,363.3,83.5,146,249.5,265.1,40.53,396,94.73,-39.55,481.9,79.6,-124,285.2,154.8,-31.73,293.9,217.8,53.72,212.4,-166.5,72.27,-882.3,250,31.71,-579.6,1028,806.2,126.9,49.83,-64.46,287.1,-68.37,115.7,-37.06,40.98,31.76,0.447,-0.004517,0.8794,0.192,-0.6396,0.2828,0.6576,-0.3949,0.4049,0.375,-0.5431,0.3307,-0.4494,-0.5425,-0.4489,-0.7146,-0.2407,-0.4979,-0.4977,-0.4805,-0.5053,0.7302,-0.1212,0.6675,0.6268,-0.05921,0.7754,0.5651,-0.4947,0.3059,0.2083,-0.7155,0.6383,-0.1124,-0.6794,0.07221,-0.6532,-0.428,-0.3966,-0.5332,-0.5868,-0.489,-0.08454,-0.2265,-0.1882
6.87,6.663,0.5647,4.537,11.39,3.317,2.265,-0.399,1.003,14.2,13.96,14.18,13.89,-0.6727,1.455,-49.99,-44.98,-1.231,1.343,-2.051,-0.01718,56.56,46.97,26.71,15.18,3.878,-5.731,-3.919,1.667,83.74,27.05,-3.979,8.475,-1.298,-3.399,5.322,-2.871,-75.93,-15.28,2.249,-25.45,-1.873,0.1316,-25.45,-2.272,0.1316,7.943,-0.7388,-3.192,-120.5,-0.4464,1.523,-120.5,0.5556,1.523,-163.6,0.1028,0.7515,-78.08,-3.921,-0.9001,-82.76,2.617,-1.674,-79.14,29.11,4.149,-85.57,-54.45,5.264,-96.15,-57.48,15.53,-81.47,17.66,4.507,-83.27,-9.324,3.174,-85.67,-0.7035,-0.2281,46.38,94.24,66.41,100.6,-359.4,5.369,128.9,50.29,51.76,295.4,79.11,100.1,182.6,241.2,60.06,346.2,131.4,-16.11,406.2,104,-121.6,208.5,149.9,-41.5,168.9,114.3,43.95,134.8,-204.1,81.54,-744.6,303.2,-85.93,-781.7,1187,670.9,88.36,276.8,6.328,82.01,14.15,134.7,-41.47,47.31,19.5,0.4475,-0.004944,0.8791,0.1897,-0.6421,0.2835,0.6549,-0.3935,0.413,0.3692,-0.5491,0.3385,-0.4492,-0.541,-0.4463,-0.7175,-0.2387,-0.4898,-0.5006,-0.474,-0.5003,0.7303,-0.1218,0.6672,0.6265,-0.06043,0.7755,0.5649,-0.4933,0.3013,0.2136,-0.7165,0.6326,-0.1086,-0.6686,0.07197,-0.6502,-0.432,-0.395,-0.5306,-0.5884,-0.4907,-0.08478,-0.2266,-0.1881
6.88,6.625,0.582,4.445,11.3,3.258,2.257,-0.7616,1.571,13.7,14.33,13.68,14.26,-0.6062,1.416,-49.74,-44.91,-1.309,1.742,-2.72,0.4941,56.64,46.64,27.29,15.05,3.844,-5.851,-4.108,1.45,82.77,27.3,-3.404,8.85,-1.696,-3.207,5.314,-2.808,-75.88,-15.2,2.208,-25.67,-2.161,-0.1621,-25.67,-2.922,-0.162,7.617,-1.047,-4.461,-120.4,-0.1281,1.204,-120.4,1.443,1.204,-163.7,0.1335,-0.6093,-78.03,-3.926,-0.883,-82.61,2.577,-1.666,-78.77,29.63,4.269,-84.78,-52.96,4.647,-94.66,-55.52,14.53,-81.55,17.51,4.562,-83.35,-9.731,3.07,-85.68,-0.7429,-0.1405,77.14,75.68,46.87,93.25,-348.2,30.28,93.26,39.55,41.51,243.2,104,94.73,129.4,161.6,42.48,282.7,151.9,-3.42,320.8,133.8,-124.5,85.45,105,-26.85,105,54.2,27.35,140.1,-225.6,83.51,-543.9,438.5,-145.5,-998.6,912.6,432.5,28.33,371.6,91.8,-41.06,118.7,139.7,-48.82,65.93,62,0.4481,-0.005432,0.8788,0.1892,-0.6437,0.2862,0.6526,-0.392,0.4208,0.3645,-0.5536,0.3467,-0.4501,-0.5387,-0.4448,-0.7208,-0.2359,-0.4816,-0.5039,-0.4673,-0.4952,0.7302,-0.1221,0.6672,0.6261,-0.06116,0.7757,0.5642,-0.4924,0.2968,0.2207,-0.7172,0.6263,-0.1088,-0.6553,0.06751,-0.6479,-0.4349,-0.3941,-0.5281,-0.59,-0.4926,-0.08545,-0.2271,-0.1879
6.89,6.559,0.5771,4.351,11.2,3.134,2.24,-1.052,2.224,13.17,14.63,13.16,14.57,-0.4867,1.353,-49.13,-44.62,-1.339,2.128,-3.255,1.01,56.54,46.1,27.84,14.89,3.756,-5.887,-4.195,1.315,81.54,27.51,-2.918,9.199,-2.468,-2.985,4.968,-2.843,-75.85,-15.09,2.134,-26.24,-2.467,-0.4227,-26.24,-3.519,-0.4232,7.131,-1.37,-5.544,-120.1,0.1548,0.905,-120.1,2.378,0.9056,-163.9,0.2144,-2.007,-77.98,-3.922,-0.8356,-82.46,2.521,-1.605,-78.48,30.12,4.341,-84.2,-51.25,4.275,-92.91,-53.48,13.77,-81.52,17.3,4.616,-83.33,-10.14,2.988,-85.69,-0.8079,0,83.02,40.04,20.51,68.86,-314.9,41.51,59.56,49.32,18.07,191.9,132.3,56.64,69.33,93.75,16.6,227.5,156.7,13.19,251.4,166.5,-116.2,8.773,73.74,0.4905,63.96,23.43,38.58,71.3,-278.3,71.29,-374.5,470.7,-60.56,-1265,423.3,263.2,17.09,336.4,115.2,-32.76,99.11,104,-14.7,-1.422,41.51,0.4489,-0.006104,0.8784,0.1906,-0.6445,0.2912,0.6507,-0.3903,0.4282,0.3611,-0.5566,0.3551,-0.4516,-0.5359,-0.4442,-0.7244,-0.2327,-0.4735,-0.5077,-0.4603,-0.4896,0.7302,-0.1221,0.6671,0.6257,-0.06153,0.7759,0.5633,-0.4918,0.2924,0.2287,-0.7167,0.62,-0.1121,-0.6408,0.06037,-0.6467,-0.4367,-0.3943,-0.5263,-0.5911,-0.4947,-0.08655,-0.2277,-0.1876
6.9,6.47,0.5764,4.258,11.08,2.98,2.235,-1.29,2.964,12.62,14.89,12.62,14.84,-0.3519,1.314,-48.24,-44.18,-1.332,2.472,-3.614,1.491,56.32,45.45,28.36,14.68,3.607,-5.862,-4.295,1.284,80.09,27.66,-2.725,9.565,-3.073,-2.73,4.511,-2.99,-75.82,-14.97,2.065,-27.11,-2.801,-0.655,-27.1,-4.091,-0.6556,6.483,-1.717,-6.424,-119.6,0.409,0.6137,-119.6,3.373,0.6146,-164.1,0.3655,-3.417,-77.95,-3.912,-0.7537,-82.32,2.452,-1.513,-78.18,30.57,4.393,-83.74,-49.36,4.14,-91.3,-51.51,13.15,-81.39,17.03,4.674,-83.2,-10.57,2.891,-85.7,-0.867,0.1614,60.05,15.62,7.816,51.74,-198.7,37.11,30.27,64.94,11.23,151.4,162.6,40.04,21.01,40.03,3.421,187,168,16.11,183.1,193.8,-105,-19.53,58.6,0.9809,46.38,37.6,25.39,28.82,-330.6,96.21,-319.8,460.9,123,-1212,7.804,228,29.32,296.4,116.2,-25.93,140.6,43.44,20,-33.74,-23.44,0.4498,-0.006714,0.878,0.1935,-0.6446,0.2981,0.6489,-0.3884,0.4354,0.3592,-0.5578,0.3638,-0.4533,-0.5329,-0.4443,-0.7284,-0.229,-0.4654,-0.5119,-0.4533,-0.4837,0.7303,-0.1219,0.667,0.6252,-0.06159,0.7762,0.5624,-0.4914,0.2882,0.2371,-0.7152,0.6137,-0.1153,-0.6267,0.05317,-0.646,-0.4381,-0.3955,-0.5248,-0.5917,-0.4973,-0.08783,-0.2284,-0.1872
6.91,6.391,0.5781,4.176,10.94,2.811,2.209,-1.487,3.796,12.06,15.09,12.06,15.04,-0.2114,1.3,-47.18,-43.59,-1.291,2.751,-3.802,1.958,56.01,44.7,28.83,14.4,3.388,-5.797,-4.44,1.333,78.43,27.71,-2.778,9.906,-3.297,-2.501,4.187,-3.212,-75.82,-14.83,2,-28.18,-3.153,-0.8603,-28.15,-4.64,-0.862,5.738,-2.083,-7.105,-119.1,0.6157,0.3494,-119,4.411,0.3504,-164.2,0.609,-4.843,-77.92,-3.912,-0.6528,-82.2,2.382,-1.405,-77.82,30.96,4.421,-83.21,-47.3,4.031,-89.96,-49.58,12.49,-81.18,16.67,4.73,-82.98,-10.97,2.773,-85.71,-0.9242,0.2784,20.52,12.7,-32.72,47.87,-79.1,21.97,13.66,86.43,-3.414,108.4,184.6,15.62,-13.66,-23.93,-7.809,143.6,162.6,19.53,135.7,218.8,-92.28,-27.82,44.93,-1.962,23.92,34.67,31.73,57.14,-363.8,112.3,-293,490.2,326.7,-1053,-248.5,95.76,37.59,220.2,55.68,-109.4,232.9,9.751,31.76,36.58,-33.73,0.4508,-0.007202,0.8775,0.1973,-0.6443,0.3062,0.6474,-0.3866,0.4424,0.3584,-0.5576,0.3723,-0.455,-0.5299,-0.4449,-0.7325,-0.2249,-0.4572,-0.5167,-0.4463,-0.4773,0.7303,-0.1215,0.667,0.6247,-0.06146,0.7765,0.5615,-0.4915,0.2839,0.2459,-0.7134,0.6065,-0.1162,-0.613,0.04743,-0.6454,-0.4394,-0.3975,-0.5238,-0.5918,-0.5001,-0.08875,-0.229,-0.187
6.92,6.308,0.5791,4.106,10.79,2.663,2.157,-1.655,4.702,11.49,15.24,11.49,15.19,-0.09032,1.305,-46.05,-42.92,-1.222,2.982,-3.815,2.405,55.68,43.91,29.26,14.07,3.18,-5.697,-4.621,1.297,76.61,27.65,-2.993,10.23,-2.956,-2.379,4.058,-3.345,-75.85,-14.69,1.949,-29.34,-3.518,-1.059,-29.31,-5.173,-1.062,4.927,-2.461,-7.603,-118.4,0.787,0.1215,-118.4,5.489,0.1218,-164.3,0.9265,-6.268,-77.89,-3.917,-0.5619,-82.09,2.303,-1.306,-77.43,31.31,4.471,-82.79,-45.14,4.109,-89.12,-47.66,11.76,-81.08,16.26,4.715,-82.86,-11.32,2.742,-85.71,-0.9498,0.3692,-3.404,18.56,-50.78,45.41,53.72,40.53,-2.452,116.2,-11.23,78.13,219.7,20.51,-38.56,-64.46,-32.72,99.61,139.6,23.93,89.36,239.3,-87.4,-28.79,24.42,7.805,1.473,15.62,20.5,-8.31,-360.8,143.6,-280.3,509.3,316.9,-885.6,-275.4,121.1,14.66,126.5,34.19,-110.3,161.1,22.97,32.2,36.58,-0.9842,0.4519,-0.007507,0.8771,0.2017,-0.6437,0.315,0.646,-0.3848,0.4492,0.3585,-0.5562,0.3805,-0.4565,-0.5272,-0.4455,-0.7368,-0.2207,-0.4491,-0.5219,-0.4393,-0.4705,0.7302,-0.1212,0.667,0.6242,-0.06134,0.7769,0.5603,-0.4918,0.2799,0.2547,-0.7107,0.5995,-0.1136,-0.5998,0.04468,-0.6448,-0.4405,-0.4001,-0.5229,-0.5924,-0.502,-0.08948,-0.2293,-0.1868
6.93,6.215,0.5757,4.023,10.66,2.529,2.101,-1.789,5.654,10.92,15.35,10.92,15.3,0.03355,1.317,-44.95,-42.22,-1.15,3.152,-3.731,2.824,55.38,43.13,29.64,13.73,2.994,-5.626,-4.544,1.272,74.66,27.54,-3.368,10.51,-2.192,-2.311,4,-3.481,-75.89,-14.56,1.897,-30.47,-3.898,-1.252,-30.43,-5.687,-1.255,4.113,-2.827,-7.988,-117.8,0.9233,-0.07641,-117.8,6.577,-0.07699,-164.4,1.311,-7.665,-77.87,-3.916,-0.4863,-81.98,2.218,-1.218,-77.36,31.61,4.369,-82.71,-42.88,4.427,-88.81,-45.77,11,-80.96,15.84,4.722,-82.74,-11.64,2.749,-85.72,-0.9695,0.445,-23.44,30.76,-75.69,26.84,159.7,48.33,-22.95,145,-35.15,62.51,260.3,16.6,-66.41,-103.5,-58.11,68.83,123,19.05,56.13,269,-84.48,-16.12,13.18,17.08,-25.39,-2.452,16.6,-56.16,-306.7,126.5,-489.8,472.7,217.3,-748.7,-55.24,152.3,32.25,66.44,-6.328,-81.1,69.37,-13.7,50.73,17.06,0,0.4529,-0.007752,0.8767,0.2058,-0.643,0.3236,0.6447,-0.383,0.4558,0.3592,-0.5543,0.3882,-0.4576,-0.5249,-0.4461,-0.7411,-0.2164,-0.441,-0.5275,-0.4325,-0.4635,0.7303,-0.1209,0.6669,0.6236,-0.06128,0.7773,0.5585,-0.4925,0.2762,0.2648,-0.7063,0.5932,-0.1077,-0.5871,0.04529,-0.6441,-0.4418,-0.4027,-0.5223,-0.5931,-0.5036,-0.09009,-0.2296,-0.1866
6.94,6.138,0.5699,3.936,10.51,2.433,2.019,-1.888,6.653,10.35,15.41,10.35,15.35,0.1431,1.363,-43.99,-41.52,-1.066,3.266,-3.6,3.221,55.17,42.37,29.95,13.38,2.802,-5.553,-4.298,1.255,72.52,27.4,-3.958,10.81,-1.351,-2.226,4.122,-3.66,-75.94,-14.43,1.866,-31.48,-4.29,-1.436,-31.43,-6.178,-1.44,3.349,-3.192,-8.305,-117.1,1.011,-0.2396,-117.2,7.664,-0.2416,-164.5,1.753,-9.029,-77.84,-3.939,-0.4263,-81.85,2.124,-1.142,-77.47,31.86,4.135,-82.63,-40.51,4.567,-88.78,-43.96,10.2,-80.83,15.4,4.715,-82.6,-11.94,2.739,-85.74,-0.9656,0.5215,-45.42,46.39,-101.1,-8.301,235.3,74.22,-57.14,182.1,-40.53,19.52,292,15.14,-85.44,-105,-75.19,36.63,102.5,14.65,28.81,295.4,-78.12,-24.89,3.412,19.04,-70.79,-6.834,6.347,-94.22,-290,83.51,-521,341.3,114.3,-516.5,253.4,183.5,1.488,0.9453,-35.13,-101.6,48.78,-11.69,39.12,42.53,7.336,0.4539,-0.007813,0.8763,0.2091,-0.6426,0.3314,0.6436,-0.3811,0.4622,0.3598,-0.5522,0.3953,-0.4581,-0.5234,-0.4464,-0.7452,-0.2123,-0.433,-0.5333,-0.426,-0.4563,0.7301,-0.1208,0.667,0.6229,-0.06141,0.7777,0.5562,-0.4937,0.2726,0.2764,-0.7018,0.586,-0.1,-0.5752,0.04761,-0.6433,-0.4431,-0.4054,-0.5218,-0.5934,-0.5052,-0.0907,-0.2296,-0.1863
6.95,6.065,0.5496,3.867,10.34,2.343,1.921,-1.966,7.659,9.772,15.41,9.768,15.35,0.2698,1.406,-43.2,-40.86,-0.9911,3.332,-3.455,3.598,55.05,41.65,30.18,13.04,2.596,-5.491,-3.924,1.152,70.23,27.25,-4.658,11.1,-0.6447,-2.187,4.225,-3.745,-75.98,-14.29,1.824,-32.3,-4.694,-1.623,-32.24,-6.66,-1.629,2.671,-3.544,-8.6,-116.5,1.063,-0.3797,-116.6,8.722,-0.3843,-164.6,2.221,-10.35,-77.79,-3.97,-0.386,-81.72,2.027,-1.072,-77.73,32.03,3.791,-82.61,-38.06,4.679,-88.81,-42.19,9.498,-80.78,14.97,4.689,-82.54,-12.22,2.776,-85.75,-0.9478,0.5947,-96.19,40.53,-118.2,-53.71,263.7,97.66,-103.5,205.1,-47.85,-36.64,309.6,17.58,-120.6,-107.4,-88.87,9.289,97.66,15.63,-18.54,292.5,-75.69,-62.01,-0.4905,27.34,-124,15.62,-21.48,-141.6,-319.4,34.18,-546.8,255.4,128,-285.3,438,234.9,-79.59,-83.52,-41.98,-57.67,15.14,-27.32,72.2,46.41,-8.321,0.4549,-0.007996,0.8759,0.2113,-0.6425,0.3383,0.6424,-0.3791,0.4683,0.3601,-0.5503,0.4018,-0.458,-0.5224,-0.4465,-0.7489,-0.2086,-0.425,-0.5391,-0.4197,-0.4491,0.7299,-0.1209,0.6672,0.6222,-0.06159,0.7782,0.5534,-0.4956,0.2692,0.2888,-0.6967,0.5783,-0.09284,-0.5634,0.04999,-0.6424,-0.4446,-0.408,-0.5212,-0.5943,-0.5063,-0.09131,-0.2296,-0.186
6.96,5.975,0.5081,3.783,10.19,2.275,1.825,-2.044,8.653,9.204,15.4,9.196,15.33,0.3869,1.463,-42.63,-40.24,-0.9408,3.342,-3.323,3.94,55.05,40.98,30.34,12.73,2.42,-5.407,-3.289,0.9459,67.89,27.15,-5.334,11.42,-0.2969,-2.215,4.105,-3.759,-76.01,-14.17,1.784,-32.9,-5.09,-1.823,-32.83,-7.133,-1.83,2.089,-3.868,-8.904,-116,1.09,-0.5099,-116.1,9.742,-0.5174,-164.8,2.711,-11.61,-77.73,-3.985,-0.3644,-81.58,1.928,-0.9994,-78.29,32.13,3.309,-82.8,-35.62,4.773,-88.76,-40.44,8.94,-80.83,14.59,4.621,-82.58,-12.5,2.856,-85.77,-0.9124,0.6398,-154.3,22.95,-153.3,-97.67,260.7,113.3,-168.9,207.5,-46.88,-92.29,324.7,-0.9815,-154.8,-87.4,-92.28,-27.84,103.5,11.72,-50.3,301.8,-72.26,-111.3,12.2,32.22,-187,19.53,-41.5,-198.2,-384.8,20.03,-443.4,211.9,236.3,-142,447.3,206.6,-160.2,-94.73,-0.4722,-60.06,-50.33,74.71,36.62,47.31,-90.36,0.4559,-0.008179,0.8755,0.2123,-0.6428,0.3438,0.6411,-0.3772,0.474,0.3601,-0.5488,0.4077,-0.4572,-0.522,-0.4461,-0.7522,-0.2054,-0.4171,-0.5448,-0.4138,-0.4419,0.7298,-0.1212,0.6672,0.6215,-0.06183,0.7786,0.5505,-0.4977,0.2664,0.3025,-0.6908,0.571,-0.08723,-0.5513,0.05146,-0.6412,-0.446,-0.4103,-0.5202,-0.5957,-0.5069,-0.09168,-0.2293,-0.1857
6.97,5.899,0.4626,3.719,10.04,2.203,1.748,-2.097,9.623,8.623,15.36,8.609,15.3,0.4986,1.519,-42.23,-39.69,-0.8883,3.335,-3.211,4.239,55.16,40.34,30.42,12.48,2.275,-5.305,-2.547,0.7878,65.46,27.15,-6.047,11.84,-0.2767,-2.215,3.774,-3.796,-76.03,-14.04,1.737,-33.3,-5.49,-2.052,-33.22,-7.586,-2.061,1.609,-4.171,-9.233,-115.5,1.096,-0.6287,-115.6,10.72,-0.6398,-164.9,3.181,-12.79,-77.67,-4.015,-0.3439,-81.45,1.828,-0.9247,-79,32.15,2.785,-83.09,-33.17,4.803,-88.57,-38.76,8.498,-80.84,14.24,4.551,-82.6,-12.85,2.925,-85.79,-0.8296,0.6986,-180.7,12.2,-170.9,-152.8,237.3,123.5,-226.1,213.4,-51.76,-135.8,331.5,-8.297,-203.6,-58.59,-74.71,-63.97,131.4,27.34,-95.23,292.5,-73.24,-179.7,9.276,49.81,-223.1,24.91,-25.89,-209.5,-417,27.84,-286.2,175.3,121.1,-135.3,351,132.8,-253,-93.24,28.33,-46.86,-193.9,43.44,-68.38,-34.13,7.784,0.4568,-0.008484,0.8751,0.2122,-0.6437,0.3481,0.6397,-0.3756,0.4793,0.3597,-0.5478,0.4129,-0.4558,-0.5221,-0.4453,-0.755,-0.2028,-0.4092,-0.55,-0.4083,-0.4348,0.7295,-0.1214,0.6673,0.6208,-0.06196,0.7791,0.5475,-0.4998,0.2643,0.317,-0.6844,0.5636,-0.08332,-0.5394,0.05152,-0.6397,-0.4475,-0.4123,-0.519,-0.5972,-0.5078,-0.09223,-0.2287,-0.1854
6.98,5.83,0.4207,3.64,9.916,2.131,1.682,-2.151,10.57,8.078,15.32,8.056,15.25,0.5993,1.57,-42.01,-39.11,-0.8394,3.323,-3.117,4.5,55.34,39.65,30.43,12.23,2.18,-5.187,-1.924,0.7428,62.9,27.23,-6.957,12.3,-0.3135,-2.103,3.344,-3.934,-76.05,-13.95,1.695,-33.53,-5.875,-2.294,-33.44,-8.024,-2.305,1.22,-4.461,-9.572,-114.9,1.087,-0.7228,-115.1,11.66,-0.7377,-165.1,3.624,-13.91,-77.63,-4.04,-0.3188,-81.32,1.739,-0.8494,-79.56,32.11,2.385,-83.3,-30.66,4.8,-88.22,-37.21,8.067,-80.74,13.91,4.496,-82.48,-13.26,2.901,-85.8,-0.7764,0.7809,-192.9,1.951,-169.9,-209.5,210,121.6,-282.7,209,-53.71,-192.4,326.2,-28.81,-246.1,-21.48,-81.54,-103.5,163.6,32.22,-143.6,285.6,-64.46,-254.4,21,65.91,-253.4,24.41,-2.443,-257.8,-462.4,6.348,-156.8,117.2,60.06,-156.3,147.5,61.95,-278.8,-131.3,37.59,-85.42,-286.6,-22.48,-118.2,-50.29,46.35,0.4576,-0.008729,0.8748,0.2113,-0.645,0.3513,0.6381,-0.3742,0.4842,0.3588,-0.5473,0.4177,-0.4539,-0.5228,-0.4442,-0.7573,-0.2006,-0.4013,-0.5548,-0.4033,-0.4279,0.7294,-0.1215,0.6675,0.6201,-0.06208,0.7794,0.5443,-0.5019,0.2629,0.3313,-0.6778,0.5554,-0.0802,-0.5283,0.05023,-0.6385,-0.4487,-0.4143,-0.5179,-0.5981,-0.5098,-0.09296,-0.2283,-0.1852
6.99,5.781,0.3879,3.54,9.797,2.062,1.635,-2.225,11.5,7.557,15.29,7.527,15.21,0.6775,1.639,-41.89,-38.54,-0.8133,3.301,-3.023,4.706,55.54,38.9,30.39,12,2.116,-5.088,-1.381,0.6285,60.24,27.37,-8.125,12.72,-0.2685,-2.076,2.877,-4.001,-76.07,-13.86,1.664,-33.65,-6.242,-2.543,-33.55,-8.465,-2.556,0.9148,-4.731,-9.915,-114.4,1.066,-0.8125,-114.6,12.57,-0.8323,-165.4,4.028,-14.97,-77.6,-4.072,-0.2845,-81.19,1.664,-0.7746,-80.02,32.02,2.066,-83.43,-28.1,4.731,-87.8,-35.89,7.524,-80.71,13.62,4.443,-82.45,-13.69,2.953,-85.8,-0.7823,0.8548,-174.3,-3.418,-167,-232.9,187.5,117.2,-335.9,204.1,-47.36,-230,329.1,-41.02,-271,16.12,-73.73,-128.4,207,48.83,-172.9,293.4,-68.84,-302.8,63.97,44.93,-241.7,45.41,-20.5,-318.4,-496.6,-16.6,-10.77,45.42,139.1,-184.1,27.85,50.72,-212.9,-233.9,-23.42,49.36,-322.3,-88.4,-68.82,-67.87,69.79,0.4582,-0.008911,0.8745,0.21,-0.6465,0.3539,0.6362,-0.3734,0.4887,0.3576,-0.5471,0.4219,-0.4518,-0.5237,-0.4428,-0.7591,-0.199,-0.3935,-0.5589,-0.3989,-0.4211,0.7291,-0.1215,0.6676,0.6196,-0.06226,0.7798,0.5417,-0.5038,0.2621,0.3455,-0.6711,0.5463,-0.07654,-0.5187,0.04816,-0.6379,-0.4494,-0.4163,-0.5165,-0.5996,-0.5113,-0.09357,-0.2285,-0.185
7,5.731,0.3974,3.432,9.681,1.999,1.577,-2.274,12.42,7.031,15.25,6.993,15.16,0.7422,1.728,-41.83,-37.92,-0.7745,3.269,-2.934,4.85,55.73,38.04,30.31,11.81,2.065,-5.029,-0.8159,0.4885,57.52,27.58,-9.564,13.14,-0.08236,-2.058,2.322,-4.045,-76.09,-13.77,1.649,-33.71,-6.61,-2.799,-33.6,-8.882,-2.814,0.6873,-4.992,-10.26,-113.8,1.045,-0.9043,-114,13.46,-0.9298,-165.7,4.387,-15.99,-77.56,-4.099,-0.2397,-81.03,1.591,-0.7317,-80.51,31.88,1.711,-83.56,-25.52,4.629,-87.31,-34.81,6.8,-80.69,13.37,4.394,-82.45,-14.16,2.995,-85.81,-0.8257,0.9123,-131.3,6.835,-181.6,-234.9,185.5,110.3,-351.1,209.5,-41.99,-247.6,329.6,-48.83,-285.6,44.92,-71.78,-142.1,240.7,49.81,-184.1,315.4,-68.84,-299.3,112.8,55.17,-249.5,56.65,-34.68,-336,-503.4,4.38,56.15,18.07,154.8,-190.1,-15.15,74.24,-135.3,-260.3,-23.94,140.6,-286.6,-88.4,-22.94,-63.99,37.58,0.4589,-0.008973,0.8742,0.2083,-0.6482,0.3561,0.6341,-0.3731,0.4926,0.3562,-0.5471,0.4256,-0.4496,-0.5247,-0.4414,-0.7606,-0.1977,-0.3857,-0.5625,-0.3949,-0.4143,0.729,-0.1215,0.6677,0.619,-0.06275,0.7801,0.54,-0.5056,0.2618,0.3599,-0.6641,0.5368,-0.07166,-0.5111,0.04553,-0.6373,-0.45,-0.418,-0.5149,-0.6013,-0.5129,-0.094,-0.2289,-0.1849
7.01,5.702,0.4218,3.372,9.534,1.957,1.476,-2.319,13.33,6.534,15.2,6.487,15.1,0.7869,1.846,-41.82,-37.22,-0.7313,3.244,-2.859,4.949,55.87,37.05,30.19,11.72,2.037,-4.971,-0.2355,0.3412,54.74,27.95,-11.24,13.61,0.2613,-2.012,1.706,-4.075,-76.1,-13.69,1.654,-33.72,-6.957,-3.044,-33.59,-9.273,-3.061,0.5549,-5.24,-10.59,-113.1,1.009,-0.9937,-113.4,14.34,-1.025,-166.1,4.676,-16.97,-77.47,-4.159,-0.2001,-80.88,1.504,-0.7097,-81.03,31.69,1.349,-83.72,-22.94,4.496,-86.82,-33.97,5.889,-80.68,13.2,4.322,-82.45,-14.69,3.004,-85.81,-0.8828,0.9639,-121.6,19.04,-185.5,-246.6,171.9,103.5,-361.3,205.6,-52.74,-251,339.8,-49.32,-279.3,66.89,-79.1,-139.2,278.3,40.04,-183.6,335.9,-72.26,-288.6,110.8,60.05,-279.8,53.72,-29.29,-298.8,-480.5,53.23,20.54,-9.787,124.5,-86.53,-58.15,102.1,-124.5,-220.7,-31.73,137.7,-220.3,-41.99,-19.12,-12.15,-21.47,0.4595,-0.008911,0.8739,0.2064,-0.6498,0.3579,0.6318,-0.3733,0.496,0.3543,-0.5475,0.4287,-0.4474,-0.5256,-0.4403,-0.7617,-0.1967,-0.378,-0.5653,-0.3913,-0.4075,0.7285,-0.1218,0.6681,0.6184,-0.06336,0.7804,0.539,-0.5072,0.2622,0.3743,-0.6569,0.527,-0.06531,-0.5055,0.04267,-0.6366,-0.4504,-0.4193,-0.5127,-0.6032,-0.5148,-0.09436,-0.2294,-0.1848
7.02,5.702,0.4688,3.361,9.387,1.925,1.345,-2.392,14.19,6.075,15.17,6.02,15.05,0.8204,1.982,-41.8,-36.51,-0.6973,3.195,-2.791,5.02,55.94,35.96,29.99,11.68,2.023,-4.926,0.3148,0.1277,51.9,28.46,-13.12,14.16,0.7799,-1.999,1.077,-4.035,-76.1,-13.6,1.663,-33.71,-7.269,-3.266,-33.57,-9.657,-3.286,0.5145,-5.477,-10.92,-112.4,0.9767,-1.101,-112.7,15.17,-1.141,-166.5,4.899,-17.93,-77.33,-4.217,-0.1683,-80.73,1.445,-0.721,-81.53,31.44,0.9859,-83.85,-20.35,4.309,-86.3,-33.33,4.77,-80.75,13.12,4.216,-82.53,-15.29,3.035,-85.82,-0.936,1.002,-158.2,19.04,-208,-262.2,174.3,98.14,-354.5,203.6,-72.27,-265.1,350.6,-42.97,-280.3,67.39,-72.27,-137.7,295.9,41.99,-192.4,371.1,-77.14,-278.8,97.17,62.5,-307.1,34.67,-41.02,-260.7,-441.4,115.2,-52.23,-92.79,79.58,35.08,-43.46,143.6,-187.5,-170.4,6.847,71.32,-200.7,-3.385,-25.44,-7.756,22.46,0.4602,-0.008911,0.8736,0.2046,-0.6513,0.3594,0.6294,-0.374,0.4989,0.3521,-0.5481,0.4313,-0.4456,-0.526,-0.4397,-0.7625,-0.196,-0.3706,-0.5674,-0.3879,-0.4007,0.7281,-0.1225,0.6683,0.6179,-0.06421,0.7807,0.5384,-0.5091,0.2629,0.3886,-0.6495,0.5166,-0.05738,-0.5015,0.03949,-0.6357,-0.4507,-0.42,-0.51,-0.6057,-0.5166,-0.09461,-0.2299,-0.1846
7.03,5.712,0.5045,3.352,9.264,1.915,1.215,-2.474,15.03,5.663,15.17,5.598,15.03,0.8631,2.139,-41.78,-35.79,-0.6532,3.146,-2.73,5.062,55.9,34.81,29.73,11.73,2.013,-4.888,0.7925,-0.09809,49,29.13,-15.15,14.75,1.396,-1.982,0.5115,-3.978,-76.09,-13.54,1.673,-33.71,-7.572,-3.464,-33.55,-10.04,-3.487,0.5883,-5.72,-11.24,-111.7,0.9427,-1.229,-112.1,15.97,-1.278,-167,5.042,-18.86,-77.19,-4.274,-0.1565,-80.59,1.396,-0.7417,-81.94,31.14,0.6688,-83.91,-17.77,4.053,-85.78,-32.84,3.53,-80.84,13.13,4.104,-82.64,-15.94,3.051,-85.84,-1.007,1.029,-198.7,20.51,-211.9,-276.4,185.5,80.56,-365.2,195.3,-79.59,-282.7,363.8,-49.8,-289.6,68.85,-77.64,-137.2,323.7,42.48,-213.4,394,-87.4,-272.9,90.82,48.83,-302.3,17.1,-79.1,-202.6,-381.3,158.2,-108.4,-181.2,11.69,208.1,-85.39,134.8,-250.5,-173.3,44.91,-4.436,-219.3,16.6,-10.29,14.61,22.01,0.4607,-0.008912,0.8733,0.2029,-0.6527,0.3609,0.6267,-0.3751,0.5016,0.3494,-0.5491,0.4332,-0.444,-0.5261,-0.4394,-0.7631,-0.1955,-0.3634,-0.5689,-0.3847,-0.3941,0.7276,-0.1233,0.6686,0.6175,-0.06513,0.7809,0.5378,-0.511,0.264,0.4026,-0.6422,0.5054,-0.04852,-0.4987,0.03613,-0.635,-0.4507,-0.4202,-0.5068,-0.6084,-0.5187,-0.09473,-0.2305,-0.1845
7.04,5.691,0.5268,3.36,9.177,1.917,1.082,-2.581,15.82,5.284,15.18,5.206,15.02,0.904,2.311,-41.73,-35.1,-0.6197,3.074,-2.667,5.106,55.75,33.65,29.41,11.84,1.986,-4.872,1.154,-0.3039,46,29.91,-17.3,15.38,2.121,-1.964,0.106,-3.917,-76.07,-13.47,1.679,-33.71,-7.852,-3.645,-33.54,-10.43,-3.671,0.7571,-5.947,-11.57,-111,0.9078,-1.379,-111.4,16.72,-1.44,-167.6,5.122,-19.78,-77.04,-4.3,-0.1619,-80.44,1.348,-0.7668,-82.23,30.77,0.4071,-83.85,-15.15,3.73,-85.29,-32.4,2.212,-80.92,13.21,4.013,-82.74,-16.65,3.072,-85.84,-1.09,1.061,-228,35.15,-193.4,-279.8,203.6,74.22,-377.9,193.9,-82.52,-302.7,359.9,-45.9,-288.1,60.55,-94.73,-147,334.5,40.04,-232.9,426.3,-78.12,-269.5,70.31,28.81,-289.5,1.953,-83.99,-181.6,-352.6,136.7,-160.6,-264.2,-51.29,399.6,-76.21,160.6,-262.2,-188.4,60.54,-41.97,-210.9,27.32,-24.41,-1.939,24.87,0.4612,-0.008973,0.873,0.2014,-0.6539,0.3624,0.6238,-0.3765,0.504,0.3463,-0.5504,0.4345,-0.4427,-0.5259,-0.4396,-0.7635,-0.195,-0.3568,-0.5698,-0.3817,-0.3875,0.7273,-0.1243,0.6686,0.617,-0.06604,0.781,0.5372,-0.5133,0.2653,0.4162,-0.6353,0.4931,-0.03882,-0.4966,0.03302,-0.6344,-0.4505,-0.4199,-0.5034,-0.6113,-0.5209,-0.09492,-0.2313,-0.1845
7.05,5.663,0.5295,3.367,9.105,1.942,0.9778,-2.685,16.56,4.933,15.22,4.846,15.03,0.93,2.494,-41.67,-34.42,-0.576,3.009,-2.61,5.136,55.5,32.45,29.01,11.97,1.952,-4.83,1.395,-0.5097,42.86,30.76,-19.53,16.03,2.911,-1.949,-0.1376,-3.873,-76.03,-13.43,1.691,-33.71,-8.115,-3.82,-33.53,-10.79,-3.849,1.033,-6.156,-11.89,-110.3,0.8753,-1.536,-110.8,17.43,-1.61,-168.1,5.122,-20.66,-76.89,-4.326,-0.1826,-80.3,1.293,-0.7869,-82.36,30.32,0.2253,-83.7,-12.48,3.401,-84.88,-31.97,0.9177,-81,13.3,3.902,-82.85,-17.4,3.103,-85.86,-1.19,1.101,-235.8,30.28,-202.6,-288.1,215.8,75.19,-399.4,191.4,-81.55,-306.6,360.8,-56.16,-290,51.27,-86.92,-139.6,354,41.02,-242.7,455.6,-90.33,-273.4,48.34,1.471,-287.1,-5.858,-105.5,-212.9,-258.3,93.76,-159.7,-305.6,-94.75,651.8,-12.24,151.4,-299.3,-224.1,91.8,-73.71,-174.3,28.77,1.47,11.25,44.91,0.4616,-0.009094,0.8728,0.1999,-0.6551,0.3637,0.6209,-0.3783,0.506,0.3427,-0.552,0.4352,-0.4416,-0.5253,-0.4401,-0.7638,-0.1946,-0.3505,-0.5701,-0.3788,-0.3813,0.7269,-0.1253,0.6687,0.6166,-0.0669,0.7812,0.5367,-0.5159,0.2673,0.4292,-0.6283,0.4798,-0.02899,-0.4944,0.03034,-0.6336,-0.4504,-0.4195,-0.4998,-0.6144,-0.5232,-0.0951,-0.2322,-0.1843
7.06,5.631,0.5338,3.356,9.026,1.96,0.9067,-2.79,17.22,4.602,15.28,4.499,15.06,0.9721,2.662,-41.58,-33.84,-0.5297,2.944,-2.573,5.15,55.17,31.33,28.58,12.16,1.914,-4.782,1.63,-0.7608,39.67,31.7,-21.66,16.72,3.704,-1.989,-0.3363,-3.795,-75.96,-13.38,1.692,-33.71,-8.371,-3.976,-33.51,-11.15,-4.01,1.399,-6.353,-12.23,-109.7,0.8709,-1.708,-110.2,18.08,-1.797,-168.7,5.077,-21.48,-76.75,-4.356,-0.2041,-80.16,1.23,-0.8088,-82.48,29.82,0.04853,-83.6,-9.791,3.197,-84.59,-31.43,-0.2171,-81.11,13.44,3.77,-83.01,-18.2,3.188,-85.89,-1.303,1.134,-236.8,27.34,-219.7,-298.8,235.3,70.31,-411.6,193.9,-90.33,-318.4,366.2,-55.17,-290.5,55.18,-83.5,-132.8,372.1,32.22,-242.7,488.8,-89.36,-289.6,50.77,-23.93,-291.5,12.69,-113.8,-296.4,-248,25.87,-171.8,-362.3,-153.3,923.7,56.16,36.58,-297.9,-216.8,143.1,-51.3,-193.9,121.6,-78.08,29.34,-57.62,0.4619,-0.0094,0.8725,0.1984,-0.6561,0.365,0.618,-0.3803,0.5078,0.3388,-0.5541,0.4354,-0.441,-0.5243,-0.4409,-0.7639,-0.1944,-0.3447,-0.57,-0.3761,-0.3755,0.7266,-0.1263,0.6687,0.616,-0.06781,0.7815,0.5367,-0.5185,0.2697,0.4417,-0.6203,0.4668,-0.0199,-0.4913,0.02838,-0.6324,-0.4505,-0.4186,-0.496,-0.6179,-0.5253,-0.09522,-0.2332,-0.1841
7.07,5.591,0.5215,3.364,8.946,1.984,0.8311,-2.904,17.81,4.3,15.36,4.183,15.12,1.001,2.814,-41.5,-33.33,-0.4839,2.872,-2.561,5.155,54.78,30.28,28.09,12.39,1.861,-4.687,2.037,-0.9324,36.5,32.74,-23.51,17.48,4.255,-2.009,-0.6367,-3.792,-75.87,-13.34,1.695,-33.69,-8.604,-4.124,-33.47,-11.5,-4.161,1.839,-6.528,-12.59,-109.1,0.8884,-1.874,-109.7,18.69,-1.979,-169.2,5.006,-22.24,-76.59,-4.394,-0.2303,-80,1.15,-0.8182,-82.78,29.25,-0.2167,-83.67,-7.193,3.029,-84.34,-30.7,-1.138,-81.14,13.6,3.621,-83.08,-19.09,3.264,-85.89,-1.427,1.178,-255.4,27.34,-224.6,-310.1,246.6,71.29,-417,183.6,-92.78,-334.5,366.2,-50.78,-301.3,45.89,-80.57,-128.9,386.7,41.5,-268.6,499,-96.67,-301.7,59.58,11.24,-320.8,34.67,-95.7,-362.3,-240.7,-4.888,-132.3,-322.3,-140.6,1118,-4.897,-54.26,-301.3,-156.2,99.59,-18.54,-272.5,1.934,-106.9,-52.23,60.57,0.4622,-0.009766,0.8722,0.197,-0.6571,0.3661,0.6149,-0.3825,0.5093,0.3345,-0.5564,0.4351,-0.4406,-0.5232,-0.4417,-0.764,-0.1942,-0.3393,-0.5697,-0.3737,-0.3701,0.7262,-0.1275,0.6689,0.6154,-0.06867,0.7818,0.5374,-0.521,0.2729,0.4543,-0.6116,0.4547,-0.01227,-0.4866,0.02655,-0.6311,-0.4503,-0.4178,-0.4923,-0.6212,-0.528,-0.09546,-0.2343,-0.1841
7.08,5.577,0.5175,3.36,8.868,2.004,0.7794,-3.04,18.33,4.024,15.46,3.897,15.2,1.011,2.948,-41.39,-32.89,-0.4614,2.82,-2.54,5.138,54.34,29.3,27.55,12.64,1.826,-4.573,2.645,-1.05,33.44,33.88,-24.95,18.22,4.59,-2.006,-1.053,-3.846,-75.76,-13.3,1.701,-33.66,-8.811,-4.266,-33.43,-11.84,-4.307,2.332,-6.666,-12.94,-108.6,0.9306,-2.032,-109.3,19.25,-2.152,-169.7,4.9,-22.93,-76.43,-4.439,-0.247,-79.84,1.091,-0.8273,-83.29,28.65,-0.5612,-83.96,-4.743,2.858,-84.14,-29.71,-1.911,-81.1,13.79,3.465,-83.08,-20.03,3.319,-85.89,-1.618,1.229,-276.4,28.81,-219.2,-324.2,252,71.29,-417,166,-96.19,-352.5,350.1,-35.16,-306.6,40.53,-102.1,-132.8,407.2,44.92,-286.1,523.9,-97.67,-332,69.35,21.49,-318.4,51.27,-89.35,-396.5,-190.9,31.74,-62,-251,-143.6,1260,-61.97,-154.3,-271.5,-165,133.3,36.17,-377.5,-41.02,-146.9,-120.1,38.56,0.4625,-0.01019,0.8719,0.1957,-0.6581,0.367,0.6118,-0.385,0.5106,0.3302,-0.559,0.4344,-0.4406,-0.5218,-0.4426,-0.7641,-0.1939,-0.3344,-0.5692,-0.3715,-0.3652,0.7257,-0.1285,0.669,0.6149,-0.06958,0.7821,0.5385,-0.5233,0.2766,0.4672,-0.6022,0.4439,-0.005433,-0.4798,0.02484,-0.6303,-0.4495,-0.4172,-0.4885,-0.6244,-0.5311,-0.09571,-0.2359,-0.1842
7.09,5.562,0.5032,3.32,8.817,2.04,0.7711,-3.168,18.8,3.759,15.57,3.62,15.29,1.014,3.067,-41.29,-32.51,-0.4574,2.758,-2.533,5.111,53.9,28.41,26.96,12.92,1.832,-4.488,3.46,-1.179,30.5,35.11,-25.93,18.94,4.732,-2.065,-1.67,-3.886,-75.62,-13.28,1.7,-33.61,-9.01,-4.418,-33.36,-12.17,-4.464,2.831,-6.764,-13.31,-108.1,0.9757,-2.183,-108.8,19.76,-2.319,-170.1,4.79,-23.54,-76.29,-4.468,-0.2839,-79.66,1.047,-0.8464,-84.02,28,-0.9672,-84.48,-2.448,2.675,-83.91,-28.43,-2.597,-81.07,14.03,3.322,-83.11,-21.02,3.408,-85.88,-1.894,1.253,-270.5,24.42,-205.6,-329.1,251,75.68,-424.3,133.8,-98.63,-352.5,334,-37.6,-320.8,27.84,-98.15,-141.1,418.9,48.34,-308.1,541.5,-96.19,-344.3,107.9,27.83,-317.4,89.85,-89.35,-379.4,-118.2,101.6,-22.46,-215.3,-86.42,1298,-111.9,-365.7,-209,-141.6,119.1,126.5,-301.2,-102.5,-136.8,-131.3,92.24,0.4627,-0.01074,0.8716,0.1944,-0.6592,0.3678,0.6087,-0.3874,0.5117,0.3259,-0.5619,0.4335,-0.4408,-0.5204,-0.4435,-0.7641,-0.1936,-0.33,-0.5686,-0.3695,-0.3609,0.7254,-0.1296,0.6691,0.6145,-0.07062,0.7822,0.5394,-0.5256,0.2807,0.4803,-0.5922,0.4346,8.55E-04,-0.4706,0.02264,-0.6297,-0.4484,-0.4164,-0.4845,-0.6278,-0.5342,-0.09565,-0.2382,-0.1843
7.1,5.571,0.517,3.28,8.75,2.083,0.7806,-3.283,19.22,3.481,15.65,3.34,15.35,0.9862,3.187,-41.21,-32.17,-0.4565,2.671,-2.534,5.069,53.52,27.59,26.33,13.18,1.869,-4.463,4.345,-1.296,27.71,36.37,-26.47,19.58,4.803,-2.137,-2.371,-3.901,-75.47,-13.24,1.715,-33.53,-9.186,-4.573,-33.26,-12.46,-4.624,3.319,-6.832,-13.66,-107.6,1.016,-2.314,-108.4,20.22,-2.466,-170.5,4.705,-24.08,-76.15,-4.492,-0.31,-79.48,1.029,-0.8845,-84.82,27.34,-1.375,-85.07,-0.335,2.408,-83.62,-26.87,-3.303,-81.03,14.28,3.222,-83.12,-22.03,3.474,-85.85,-2.26,1.247,-231.4,43.95,-175.8,-334,253.4,86.91,-433.1,121.6,-111.3,-342.8,328.1,-45.9,-328.1,17.1,-110.8,-146,432.6,52.25,-328.6,556.1,-86.42,-334.5,141.6,2.431,-300.8,138.7,-93.26,-309.1,-50.31,158.7,84,-186.5,-28.35,1210,-97.17,-452.2,-183.6,-125,73.24,168.9,-114.7,-110.3,-74.26,-82.99,102.1,0.463,-0.01129,0.8712,0.193,-0.6603,0.3682,0.6059,-0.3897,0.5127,0.322,-0.5647,0.4325,-0.4411,-0.5191,-0.4445,-0.7642,-0.1931,-0.3261,-0.5681,-0.3677,-0.357,0.7251,-0.1306,0.6692,0.6142,-0.07184,0.7822,0.5396,-0.5281,0.2847,0.4931,-0.5826,0.4259,0.007386,-0.4593,0.01965,-0.6297,-0.4471,-0.4156,-0.4804,-0.6311,-0.5374,-0.09528,-0.2413,-0.1848
7.11,5.609,0.5299,3.224,8.667,2.146,0.8096,-3.402,19.59,3.209,15.72,3.073,15.4,0.9234,3.303,-41.13,-31.94,-0.4468,2.558,-2.518,5.035,53.2,26.95,25.69,13.44,1.995,-4.547,5.104,-1.472,25.14,37.7,-26.66,20.19,4.862,-2.252,-3.053,-3.829,-75.29,-13.19,1.728,-33.42,-9.326,-4.744,-33.13,-12.72,-4.799,3.76,-6.883,-13.97,-107.2,1.054,-2.446,-108.1,20.62,-2.613,-170.8,4.657,-24.55,-76,-4.53,-0.3572,-79.29,1.028,-0.9434,-85.46,26.68,-1.629,-85.55,1.584,2.044,-83.19,-25.14,-4.036,-81.03,14.55,3.193,-83.22,-23.09,3.572,-85.81,-2.711,1.226,-182.6,61.03,-175.8,-318.4,252.4,102.5,-427.7,124,-123,-330.1,320.8,-52.25,-320.3,5.378,-121.6,-146.5,433.6,39.55,-319.8,581.5,-80.08,-304.2,157.7,30.28,-332.5,170.9,-72.25,-300.8,33.69,195.8,243.7,-232.4,-0.9927,1121,-150.9,-572.3,-129.4,-114.7,69.32,210.9,-53.68,14.18,-13.68,7.368,45.45,0.4633,-0.01196,0.8707,0.1917,-0.6615,0.3683,0.6034,-0.3917,0.5136,0.3184,-0.5672,0.4315,-0.4413,-0.5177,-0.4455,-0.7643,-0.1926,-0.3227,-0.568,-0.3661,-0.3537,0.7247,-0.1318,0.6693,0.614,-0.07331,0.7821,0.5388,-0.5305,0.2887,0.5047,-0.5744,0.4171,0.01386,-0.4467,0.01532,-0.6304,-0.4457,-0.4145,-0.4757,-0.635,-0.5404,-0.09473,-0.245,-0.1855
7.12,5.736,0.5608,3.197,8.56,2.227,0.8136,-3.495,19.93,2.94,15.76,2.816,15.42,0.845,3.424,-41.04,-31.77,-0.4128,2.42,-2.503,4.999,52.94,26.41,25.02,13.67,2.266,-4.636,5.562,-1.638,22.78,39.12,-26.62,20.84,5.024,-2.377,-3.594,-3.792,-75.09,-13.15,1.744,-33.3,-9.454,-4.918,-33,-12.94,-4.977,4.151,-6.936,-14.26,-106.8,1.064,-2.562,-107.8,20.98,-2.744,-171,4.652,-24.95,-75.81,-4.595,-0.4198,-79.07,1.085,-1.039,-85.76,26.08,-1.617,-85.76,3.327,1.652,-82.66,-23.34,-4.777,-81.02,14.85,3.129,-83.3,-24.21,3.657,-85.79,-3.18,1.182,-155.8,72.26,-189,-305.7,248.5,107.9,-416.5,156.7,-131.8,-314.9,313,-60.55,-309.1,-14.17,-127,-127.9,437.5,36.14,-305.7,590.8,-75.69,-289.1,153.3,8.295,-290,170.9,-88.37,-255.4,154.3,241.2,361.3,-307.6,7.335,945.8,-210.4,-820.4,-107.4,-92.77,-5.856,150.8,4.352,75.19,-84.41,66.45,35.16,0.4636,-0.0127,0.8703,0.1904,-0.6628,0.3682,0.6013,-0.3935,0.5145,0.3152,-0.5695,0.4307,-0.4416,-0.5165,-0.4467,-0.7645,-0.1922,-0.3198,-0.5681,-0.3647,-0.3507,0.724,-0.1333,0.6696,0.6142,-0.07514,0.7817,0.537,-0.5327,0.2927,0.5141,-0.5681,0.4078,0.02014,-0.4335,0.009827,-0.6313,-0.4438,-0.4135,-0.4707,-0.6388,-0.5437,-0.09394,-0.2489,-0.1861
7.13,5.889,0.5999,3.214,8.474,2.314,0.7699,-3.609,20.22,2.718,15.83,2.612,15.47,0.7509,3.545,-40.95,-31.67,-0.3749,2.269,-2.484,4.964,52.74,26.02,24.37,13.92,2.579,-4.69,5.684,-1.81,20.59,40.61,-26.58,21.46,5.415,-2.466,-3.921,-3.774,-74.88,-13.13,1.762,-33.17,-9.55,-5.083,-32.85,-13.15,-5.148,4.51,-6.996,-14.53,-106.5,1.071,-2.68,-107.5,21.27,-2.875,-171.2,4.676,-25.29,-75.56,-4.662,-0.4912,-78.86,1.164,-1.154,-85.68,25.52,-1.416,-85.66,4.949,1.299,-82.07,-21.67,-5.579,-81.02,15.18,3.006,-83.37,-25.37,3.758,-85.77,-3.714,1.19,-156.2,72.75,-174.8,-292,250.5,112.8,-403.8,191.9,-111.3,-303.2,337.9,-60.06,-291,-31.74,-141.6,-108.9,429.2,21.49,-280.7,598.1,-80.57,-277.8,124.5,-21.96,-246.1,134.8,-110.4,-272,187.5,309.1,333.5,-368.1,-29.29,700.6,-392,-980.1,-177.7,18.1,-72.77,27.3,50.78,23.45,-47.79,104.5,108.9,0.4638,-0.01343,0.8699,0.1893,-0.6641,0.3679,0.5992,-0.3953,0.5155,0.3122,-0.5715,0.43,-0.4419,-0.5152,-0.4479,-0.7647,-0.1916,-0.3175,-0.5685,-0.3634,-0.3483,0.7233,-0.1352,0.6698,0.6145,-0.07715,0.7811,0.5346,-0.5348,0.2964,0.5211,-0.5634,0.3977,0.02673,-0.4213,0.003723,-0.6318,-0.4417,-0.4126,-0.4657,-0.6427,-0.547,-0.09351,-0.2533,-0.1866
7.14,5.967,0.6283,3.24,8.469,2.404,0.7102,-3.714,20.46,2.558,15.91,2.471,15.53,0.6628,3.664,-40.89,-31.63,-0.3299,2.114,-2.484,4.949,52.6,25.76,23.8,14.22,2.845,-4.682,5.597,-2.006,18.61,42.16,-26.66,22.04,6.048,-2.472,-4.104,-3.748,-74.67,-13.15,1.779,-33.01,-9.627,-5.232,-32.67,-13.32,-5.301,4.829,-7.063,-14.78,-106.3,1.055,-2.783,-107.3,21.49,-2.991,-171.3,4.724,-25.55,-75.3,-4.684,-0.5679,-78.63,1.213,-1.262,-85.37,25.02,-1.161,-85.35,6.418,1.05,-81.48,-20.26,-6.45,-81.03,15.54,2.818,-83.44,-26.55,3.854,-85.74,-4.315,1.276,-193.4,62.01,-149.4,-284.7,252.9,101.6,-396.5,191.4,-109.9,-309.6,356.9,-39.07,-269,-48.34,-136.7,-101.6,418.9,21.97,-271,600.6,-76.66,-253.9,100.1,-37.59,-210.9,105,-92.78,-250.5,181.1,257.8,253.9,-395,-99.11,574.3,-520,-1139,-242.2,46.86,-63.99,36.63,-38.54,77.12,-224.1,185.1,200.7,0.4636,-0.01416,0.8696,0.1881,-0.6652,0.3673,0.5972,-0.3971,0.5163,0.3093,-0.5733,0.4295,-0.442,-0.5142,-0.4491,-0.7648,-0.1911,-0.3159,-0.5691,-0.3623,-0.3465,0.7228,-0.1373,0.6698,0.6147,-0.07917,0.7807,0.5318,-0.5371,0.2992,0.526,-0.5598,0.3878,0.03369,-0.4113,-0.002503,-0.6321,-0.4393,-0.4118,-0.4605,-0.6465,-0.5504,-0.09369,-0.2584,-0.1871
7.15,5.986,0.6307,3.251,8.462,2.503,0.6685,-3.863,20.64,2.429,15.95,2.365,15.55,0.551,3.748,-40.86,-31.66,-0.3224,1.982,-2.503,4.952,52.51,25.62,23.33,14.58,3.007,-4.666,5.424,-2.134,16.9,43.78,-26.91,22.56,6.877,-2.296,-4.229,-3.784,-74.44,-13.15,1.788,-32.83,-9.645,-5.373,-32.45,-13.49,-5.448,5.12,-7.096,-15.03,-106.1,1.031,-2.855,-107.2,21.64,-3.071,-171.3,4.795,-25.75,-75.03,-4.693,-0.659,-78.38,1.217,-1.356,-84.94,24.56,-0.9626,-84.93,7.675,0.9104,-80.89,-19.24,-7.397,-80.95,15.9,2.652,-83.41,-27.82,3.896,-85.7,-5.062,1.506,-218.3,55.67,-161.6,-263.7,244.6,85.94,-375.5,166.5,-131.8,-313.5,362.8,5.858,-249,-51.75,-127.9,-77.63,410.7,11.23,-246.1,604,-84.96,-224.6,83.02,-33.69,-182.6,51.27,-72.25,-205.1,186,92.27,182.2,-343.3,-149.9,552.9,-493.7,-1196,-315.9,1.958,110.4,175.3,-277.8,102,-97.64,-35.16,144,0.4636,-0.01502,0.8693,0.187,-0.6664,0.3663,0.5953,-0.3989,0.5169,0.3068,-0.5751,0.429,-0.4422,-0.5134,-0.4502,-0.765,-0.1906,-0.3148,-0.57,-0.3613,-0.3454,0.7224,-0.1394,0.6697,0.6144,-0.08112,0.7806,0.5289,-0.5399,0.301,0.5291,-0.5571,0.379,0.04096,-0.4044,-0.008606,-0.6327,-0.4366,-0.4113,-0.4551,-0.65,-0.5545,-0.09497,-0.2648,-0.1875
7.16,5.999,0.6422,3.318,8.416,2.556,0.6188,-4.01,20.74,2.313,15.95,2.27,15.54,0.4466,3.794,-40.83,-31.76,-0.3502,1.882,-2.555,4.965,52.48,25.58,22.95,14.94,3.054,-4.682,5.283,-2.189,15.49,45.43,-27.31,23,7.614,-2.07,-4.379,-3.886,-74.19,-13.13,1.777,-32.6,-9.63,-5.505,-32.21,-13.62,-5.585,5.386,-7.084,-15.27,-106,1.003,-2.906,-107.1,21.72,-3.128,-171.3,4.856,-25.86,-74.74,-4.719,-0.7253,-78.16,1.198,-1.434,-84.57,24.16,-0.888,-84.55,8.674,0.7947,-80.32,-18.64,-8.262,-80.83,16.25,2.555,-83.32,-29.11,3.859,-85.7,-5.914,1.731,-203.1,53.71,-160.2,-249.5,215.8,63.96,-330.1,118.2,-134.8,-287.1,365.7,32.71,-218.8,-49.8,-116.2,-51.77,406.7,16.61,-218.3,596.2,-83,-203.6,83.97,-24.91,-176.8,83.49,-68.35,-158.7,178.7,-72.27,152.8,-334,-79.58,689.5,-407.2,-1145,-277.4,-1.485,-78.63,164,-227.5,-32.72,-63.97,-23.92,130.9,0.4637,-0.01611,0.8688,0.186,-0.6675,0.3649,0.5937,-0.4005,0.5173,0.3047,-0.577,0.4284,-0.4425,-0.5127,-0.4511,-0.7651,-0.1902,-0.3144,-0.5708,-0.3604,-0.345,0.7218,-0.1416,0.6696,0.6141,-0.08283,0.7806,0.5265,-0.5429,0.3019,0.5313,-0.5551,0.3717,0.04712,-0.4007,-0.01428,-0.6341,-0.4336,-0.4108,-0.4495,-0.6531,-0.5591,-0.09601,-0.2721,-0.1877
7.17,6.021,0.6437,3.422,8.34,2.6,0.5309,-4.208,20.81,2.251,15.9,2.23,15.47,0.3057,3.82,-40.85,-31.87,-0.4252,1.816,-2.634,4.985,52.49,25.6,22.64,15.35,3.015,-4.68,5.214,-2.354,14.42,47.13,-27.76,23.38,8.086,-1.836,-4.56,-3.885,-73.94,-13.1,1.765,-32.35,-9.536,-5.628,-31.93,-13.72,-5.713,5.619,-7.021,-15.51,-105.8,0.9514,-2.925,-106.9,21.73,-3.148,-171.2,4.912,-25.9,-74.41,-4.764,-0.7872,-77.95,1.168,-1.498,-84.28,23.82,-0.9251,-84.24,9.405,0.6662,-79.77,-18.35,-8.906,-80.81,16.63,2.418,-83.33,-30.43,3.831,-85.7,-6.852,1.966,-170.9,54.69,-144.5,-235.8,187,66.89,-294.4,98.15,-155.8,-243.7,357.9,36.62,-205.6,-50.29,-124,-31.74,394,20.51,-188.5,588.4,-90.33,-192.4,70.31,-11.24,-157.2,93.75,-83.01,-127.5,202.1,-159.2,187.5,-358.4,-94.75,819.8,-368.6,-1107,-207.5,25.39,56.15,101.1,-160.1,-59.07,-68.82,-3.361,65.94,0.4639,-0.01721,0.8683,0.1853,-0.6686,0.3629,0.5925,-0.4013,0.518,0.303,-0.579,0.4278,-0.4428,-0.5122,-0.4522,-0.7651,-0.1899,-0.3146,-0.5716,-0.3597,-0.3453,0.7211,-0.144,0.6696,0.6137,-0.08442,0.7806,0.5246,-0.5458,0.3021,0.5329,-0.554,0.3659,0.05109,-0.3993,-0.01941,-0.6356,-0.4303,-0.4103,-0.4432,-0.6565,-0.5634,-0.09705,-0.28,-0.1879
7.18,6.036,0.6315,3.536,8.24,2.604,0.4808,-4.387,20.83,2.178,15.78,2.172,15.36,0.1622,3.819,-40.85,-32.06,-0.4936,1.778,-2.714,5,52.57,25.71,22.38,15.8,2.814,-4.604,5.113,-2.644,13.62,48.91,-28.12,23.76,8.317,-1.641,-4.72,-3.78,-73.67,-13.03,1.725,-32.1,-9.413,-5.76,-31.65,-13.78,-5.851,5.787,-6.934,-15.71,-105.8,0.8772,-2.934,-106.9,21.67,-3.157,-171,4.953,-25.86,-74.09,-4.8,-0.8345,-77.75,1.143,-1.534,-83.96,23.52,-1.085,-83.9,9.894,0.5871,-79.23,-18.21,-9.263,-80.95,17.05,2.194,-83.48,-31.79,3.888,-85.71,-7.835,2.224,-137.7,50.78,-137.7,-202.2,173.3,63.96,-268.1,117.2,-159.7,-207,348.6,29.79,-173.3,-36.62,-122.1,-8.794,387.7,51.75,-166,578.6,-85.94,-167,66.4,-37.1,-138.2,79.11,-86.43,-100.6,250.5,-220.2,132.3,-457,-104,834.9,-381.8,-1095,-208.5,39.57,6.847,63.47,-197.2,16.6,-89.41,-104.1,73.72,0.4643,-0.01862,0.8677,0.1847,-0.6698,0.3607,0.5921,-0.401,0.5191,0.3018,-0.5808,0.4272,-0.4433,-0.5117,-0.4535,-0.7652,-0.1897,-0.3153,-0.5722,-0.3593,-0.3462,0.7205,-0.1462,0.6696,0.6134,-0.0857,0.7806,0.5234,-0.549,0.3016,0.5333,-0.5539,0.3614,0.05243,-0.3989,-0.02411,-0.6373,-0.4264,-0.4101,-0.4362,-0.6607,-0.5671,-0.09821,-0.2884,-0.1881
7.19,6.035,0.619,3.627,8.157,2.593,0.4752,-4.6,20.81,2.168,15.66,2.169,15.23,-0.001787,3.811,-40.85,-32.3,-0.5531,1.786,-2.785,5.013,52.72,25.89,22.16,16.26,2.454,-4.538,5.044,-2.893,13.08,50.73,-28.32,24.11,8.302,-1.492,-4.917,-3.706,-73.39,-12.98,1.671,-31.85,-9.233,-5.885,-31.36,-13.81,-5.982,5.886,-6.859,-15.89,-105.7,0.7768,-2.935,-106.8,21.56,-3.156,-170.8,4.959,-25.74,-73.82,-4.828,-0.8773,-77.57,1.11,-1.564,-83.7,23.24,-1.416,-83.59,10.16,0.5324,-78.69,-18.14,-9.363,-81.06,17.48,1.993,-83.62,-33.18,3.935,-85.74,-8.877,2.428,-88.87,53.71,-133.3,-171.9,167,65.43,-276.9,163.6,-146.5,-175.8,343.3,31.24,-186.5,-18.55,-107.9,6.348,378.4,89.85,-143.1,562,-89.85,-142.6,67.38,-53.23,-124,42.96,-109.4,-70.32,311.5,-268.6,105.9,-600.1,-111.8,740.7,-442.4,-1078,-172.9,89.33,5.856,-16.15,-19.5,22.48,-13.23,-72.26,20.49,0.4647,-0.02014,0.8672,0.1845,-0.6709,0.3582,0.5923,-0.3999,0.5207,0.3011,-0.5822,0.427,-0.4438,-0.5113,-0.455,-0.7652,-0.1897,-0.3166,-0.5727,-0.359,-0.3479,0.72,-0.1481,0.6695,0.613,-0.08686,0.7806,0.5233,-0.5526,0.3003,0.533,-0.5544,0.3584,0.05152,-0.3986,-0.02857,-0.6393,-0.4224,-0.4098,-0.4292,-0.6648,-0.571,-0.09882,-0.2972,-0.1884
7.2,6.047,0.6139,3.688,8.058,2.575,0.5046,-4.788,20.76,2.198,15.52,2.193,15.08,-0.1479,3.845,-40.86,-32.65,-0.5897,1.807,-2.878,5.029,52.98,26.22,21.95,16.71,2.052,-4.455,5.028,-3.151,12.78,52.52,-28.36,24.4,8.124,-1.382,-5.134,-3.629,-73.11,-12.92,1.609,-31.58,-9.033,-5.985,-31.07,-13.79,-6.086,5.899,-6.81,-16.02,-105.8,0.6351,-2.974,-106.9,21.36,-3.193,-170.5,4.941,-25.56,-73.57,-4.867,-0.9176,-77.39,1.078,-1.598,-83.5,22.95,-1.818,-83.34,10.18,0.4703,-78.18,-18.15,-9.322,-81.18,17.9,1.763,-83.76,-34.55,4.001,-85.76,-9.963,2.61,-65.43,47.36,-126.9,-146,155.8,64.94,-278.3,226.1,-115.7,-143.1,356.9,14.16,-228.5,0.9764,-82.52,22.94,357.4,93.26,-122.5,549.8,-82.51,-126,84.47,-30.28,-109.9,44.91,-71.78,-72.28,341.3,-289.5,98.15,-680.7,-131.4,627.4,-539.6,-1092,-125,14.65,-8.311,-67.91,152.8,-16.12,23.97,83.51,56.19,0.465,-0.02173,0.8666,0.1843,-0.6719,0.3555,0.5929,-0.3984,0.5222,0.3008,-0.583,0.4271,-0.4441,-0.5106,-0.457,-0.7651,-0.19,-0.3182,-0.5729,-0.3589,-0.3501,0.7194,-0.1498,0.6696,0.6126,-0.08802,0.7807,0.5239,-0.556,0.2991,0.5321,-0.5558,0.3568,0.04938,-0.3989,-0.03259,-0.6413,-0.4183,-0.4096,-0.4222,-0.6687,-0.5746,-0.09919,-0.3063,-0.1887
7.21,6.113,0.6344,3.768,7.933,2.545,0.5193,-4.965,20.73,2.262,15.31,2.244,14.85,-0.2797,3.894,-40.9,-32.93,-0.6131,1.835,-2.995,5.027,53.33,26.48,21.68,17.08,1.725,-4.382,5.078,-3.378,12.7,54.28,-28.3,24.67,7.938,-1.211,-5.361,-3.573,-72.84,-12.84,1.545,-31.3,-8.807,-6.049,-30.76,-13.74,-6.155,5.841,-6.787,-16.11,-105.8,0.4328,-2.988,-107,21.13,-3.204,-170.3,4.893,-25.33,-73.32,-4.915,-0.949,-77.22,1.09,-1.652,-83.39,22.66,-2.193,-83.19,9.964,0.4289,-77.75,-18.29,-9.269,-81.29,18.28,1.532,-83.86,-35.93,4.05,-85.78,-11.08,2.839,-58.11,40.53,-128.4,-127,139.7,69.33,-272.9,269,-98.15,-123.1,364.7,3.906,-233.4,34.67,16.11,41.99,342.8,81.05,-136.7,523,-67.87,-127.9,61.52,7.314,-97.66,42.96,-95.22,-76.17,312.5,-228.5,79.61,-686,-75.67,499.4,-627.9,-1140,-69.84,23.9,-67.39,-28.78,96.66,170.4,-44.85,82.09,73.72,0.4655,-0.02332,0.8659,0.1842,-0.6727,0.3526,0.5936,-0.3969,0.5235,0.3009,-0.5834,0.4277,-0.4443,-0.5102,-0.4594,-0.7649,-0.1905,-0.3202,-0.5729,-0.359,-0.3526,0.7187,-0.1516,0.6697,0.6125,-0.0893,0.7805,0.5255,-0.5586,0.299,0.5307,-0.5576,0.3569,0.04724,-0.4002,-0.03577,-0.6431,-0.4143,-0.4097,-0.4152,-0.6724,-0.5784,-0.09992,-0.3156,-0.189
7.22,6.217,0.6448,3.877,7.811,2.54,0.5026,-5.137,20.67,2.385,15.02,2.351,14.55,-0.4012,3.902,-40.99,-33.09,-0.6281,1.861,-3.126,5.038,53.76,26.58,21.39,17.35,1.566,-4.231,5.182,-3.453,12.83,56.02,-28.29,24.96,7.868,-0.8996,-5.534,-3.697,-72.59,-12.76,1.495,-31,-8.546,-6.065,-30.44,-13.65,-6.173,5.73,-6.787,-16.15,-105.8,0.2013,-2.916,-106.9,20.85,-3.12,-170.1,4.847,-25.03,-73.06,-4.958,-0.9946,-77.08,1.145,-1.714,-83.37,22.4,-2.433,-83.13,9.582,0.3939,-77.48,-18.66,-9.331,-81.26,18.6,1.266,-83.74,-37.35,3.946,-85.81,-12.21,3.119,-61.52,32.72,-129.4,-125.5,110.4,96.19,-245.1,291.5,-78.12,-110.3,401.9,9.278,-182.6,64.94,13.18,44.93,303.7,73.73,-148,507.3,-36.14,-135.2,39.07,-13.67,-107.4,104.5,-133.8,-50.3,244.6,-70.31,69.85,-634.3,-76.66,361.5,-553.2,-1140,-132.3,63.47,-45.9,57.67,-24.39,185.5,-55.14,124.5,46.35,0.4661,-0.02472,0.8653,0.184,-0.6732,0.3494,0.5944,-0.396,0.5241,0.3013,-0.5833,0.4284,-0.4447,-0.5102,-0.4617,-0.7644,-0.1913,-0.3226,-0.5726,-0.3598,-0.3551,0.7181,-0.1534,0.6697,0.6127,-0.09052,0.7802,0.5276,-0.5599,0.3,0.5291,-0.5596,0.3585,0.04633,-0.4032,-0.03754,-0.6446,-0.4102,-0.4105,-0.4085,-0.675,-0.5832,-0.101,-0.3251,-0.1891
7.23,6.349,0.6531,3.942,7.733,2.575,0.4581,-5.328,20.58,2.572,14.71,2.509,14.21,-0.563,3.944,-41.15,-33.15,-0.6426,1.841,-3.246,5.055,54.22,26.6,21.01,17.54,1.568,-4.06,5.376,-3.47,13.1,57.72,-28.49,25.21,8.012,-0.4632,-5.728,-3.93,-72.42,-12.7,1.489,-30.69,-8.254,-6.065,-30.11,-13.55,-6.175,5.593,-6.793,-16.15,-105.6,-0.05725,-2.808,-106.7,20.5,-2.998,-169.9,4.817,-24.69,-72.85,-4.971,-1.039,-76.94,1.257,-1.776,-83.43,22.12,-2.544,-83.17,9.037,0.3764,-77.29,-19.39,-9.638,-81.17,18.88,1.001,-83.49,-38.78,3.735,-85.89,-13.37,3.473,-67.37,44.92,-83.5,-116.2,68.36,114.3,-215.8,282.7,-62.5,-107.4,416,28.32,-97.18,89.85,4.881,74.72,295.9,54.69,-108.9,517.6,-11.22,-118.2,66.89,-94.72,-116.7,142.1,-193.8,-81.04,192.9,124.5,13.69,-558.6,-76.66,1645,1457,-1141,-147.9,138.2,41.98,-9.327,-4.897,117.7,38.53,104.1,-23.89,0.4665,-0.02551,0.8647,0.184,-0.6736,0.346,0.5949,-0.3955,0.5241,0.302,-0.5829,0.4292,-0.4453,-0.5104,-0.4643,-0.7636,-0.1923,-0.3255,-0.5721,-0.3612,-0.3574,0.7177,-0.155,0.6696,0.6133,-0.0918,0.7795,0.5288,-0.5607,0.3019,0.5274,-0.5617,0.3614,0.04724,-0.4094,-0.03839,-0.6461,-0.406,-0.4117,-0.4018,-0.6769,-0.5885,-0.1026,-0.3349,-0.1889
7.24,6.484,0.6117,3.991,7.698,2.636,0.3885,-5.534,20.43,2.813,14.39,2.711,13.87,-0.7497,4.001,-41.36,-33.2,-0.6576,1.783,-3.354,5.055,54.7,26.61,20.55,17.66,1.586,-3.872,5.636,-3.517,13.48,59.4,-29.16,25.46,7.113,-0.01891,-6.238,-4.161,-72.28,-12.64,1.495,-30.39,-7.919,-6.054,-29.79,-13.42,-6.165,5.436,-6.784,-16.11,-105.6,-0.3246,-2.698,-106.6,20.08,-2.872,-169.8,4.786,-24.26,-72.65,-4.948,-1.099,-76.8,1.411,-1.807,-83.55,21.8,-2.626,-83.28,8.335,0.3535,-76.79,-20.73,-9.108,-81.1,19.14,0.7423,-83.25,-40.19,3.54,-85.97,-14.52,3.863,-78.6,72.75,-16.6,-101.5,41.01,129.4,-190.4,254.4,-46.38,-81.53,427.7,40.52,-41.98,82.52,-10.25,89.86,273.4,53.23,-56.13,534.7,-27.83,-123.5,96.19,-149.9,-48.84,183.1,-182.1,-25.87,198.3,289.1,133.3,-758.3,3.916,3221,1024,467.3,-157.7,160.6,40.05,-139.7,60.57,39.57,42.94,33.22,-12.7,0.4669,-0.02606,0.8643,0.1843,-0.674,0.3424,0.5954,-0.3956,0.5235,0.3029,-0.5824,0.4299,-0.4463,-0.5102,-0.4673,-0.7626,-0.1937,-0.3289,-0.5712,-0.3634,-0.3598,0.7175,-0.1566,0.6693,0.6142,-0.0929,0.7785,0.5291,-0.5617,0.3039,0.5254,-0.5643,0.3654,0.03894,-0.4194,-0.04053,-0.6478,-0.4017,-0.413,-0.3952,-0.6789,-0.5935,-0.1044,-0.3446,-0.1886
7.25,6.576,0.5737,4.126,7.667,2.649,0.2454,-5.728,20.2,3.053,14.06,2.905,13.5,-0.9415,4.072,-41.59,-33.27,-0.6687,1.707,-3.436,5.053,55.18,26.62,20.05,17.73,1.649,-3.661,5.43,-3.62,14.12,61.02,-27.64,25.73,5.308,0.4028,-6.66,-4.349,-72.15,-12.56,1.491,-30.07,-7.56,-6.041,-29.45,-13.26,-6.153,5.288,-6.75,-16.03,-105.5,-0.6074,-2.606,-106.5,19.57,-2.765,-169.7,4.722,-23.76,-72.38,-4.892,-1.129,-76.67,1.556,-1.813,-83.17,21.47,-2.444,-82.9,7.366,0.3323,-75.97,-20.17,-7.412,-81.08,19.35,0.4722,-83.09,-41.61,3.402,-86.06,-15.67,4.276,-24.91,98.63,26.37,-58.59,39.55,126.9,-155.8,227.1,-54.2,-57.12,424.3,34.18,9.264,52.73,-18.56,118.2,255.9,36.14,-2.429,551.8,-28.81,-109.9,54.21,-83.97,65.92,154.8,-70.79,107,236.8,249,43.92,-897.4,-387.7,8539,-1986,-951.2,-147.9,85.48,-14.64,-182.1,81.52,34.17,-15.59,11.76,109.3,0.4676,-0.02667,0.8638,0.1847,-0.6743,0.3385,0.596,-0.396,0.5222,0.3042,-0.5817,0.4302,-0.4476,-0.5096,-0.4709,-0.7613,-0.1951,-0.333,-0.5699,-0.366,-0.3625,0.7175,-0.1585,0.6687,0.6151,-0.09376,0.7776,0.5289,-0.5627,0.3064,0.52,-0.5701,0.3685,0.02228,-0.413,-0.04682,-0.6498,-0.3974,-0.4148,-0.3883,-0.681,-0.5981,-0.1065,-0.3543,-0.1883
7.26,6.664,0.5358,4.364,7.602,2.597,0.0517,-5.887,19.89,3.28,13.7,3.085,13.11,-1.116,4.111,-41.86,-33.42,-0.674,1.651,-3.486,5.081,55.66,26.72,19.55,17.77,1.713,-3.358,4.38,-3.703,15.41,62.61,-20.51,25.92,3.378,0.8219,-4.661,-4.565,-72.02,-12.45,1.457,-29.71,-7.186,-6.039,-29.07,-13.04,-6.15,5.172,-6.674,-15.89,-105.5,-0.8937,-2.509,-106.4,18.98,-2.653,-169.6,4.633,-23.2,-72.05,-4.851,-1.128,-76.58,1.679,-1.79,-81.92,21.14,-1.905,-81.62,5.745,-0.2145,-76.72,-14.7,-4.825,-81.08,19.49,0.1509,-82.91,-43.06,3.284,-86.17,-16.91,4.731,41.99,100.6,28.32,5.847,33.2,116.7,-117.7,209,-50.29,0,429.2,34.66,64.93,11.24,-7.809,160.6,230,12.21,53.22,574.7,-25.38,-56.16,-21.96,-3.902,131.8,61.53,26.37,119.6,287.6,140.1,89.38,-16.12,-1659,-1955,-1382,-5037,-127.9,-119.2,-32.21,41.97,16.59,22,-159.7,18.62,302.8,0.4683,-0.02753,0.8632,0.1849,-0.6748,0.3343,0.5967,-0.3966,0.5205,0.3056,-0.5811,0.43,-0.4492,-0.5087,-0.4748,-0.76,-0.197,-0.3376,-0.5684,-0.3689,-0.3656,0.7173,-0.1605,0.6681,0.6159,-0.09418,0.7769,0.5299,-0.5627,0.3101,0.5093,-0.5847,0.3684,0.01099,-0.3661,-0.04407,-0.6518,-0.3928,-0.4173,-0.3815,-0.6832,-0.6026,-0.1086,-0.3647,-0.188
7.27,6.747,0.5119,4.595,7.486,2.482,-0.06919,-6.011,19.52,3.511,13.3,3.276,12.68,-1.266,4.133,-42.17,-33.6,-0.6823,1.604,-3.542,5.101,56.15,26.86,19.14,17.82,1.696,-2.963,3.888,-3.716,17.56,64.21,-14.15,25.93,3.055,1.357,-2.7,-4.899,-71.87,-12.32,1.399,-29.29,-6.777,-6.009,-28.64,-12.75,-6.119,5.109,-6.549,-15.7,-105.6,-1.198,-2.407,-106.4,18.31,-2.535,-169.5,4.513,-22.55,-71.78,-4.833,-1.081,-76.53,1.779,-1.735,-81.3,20.84,-1.643,-80.91,3.291,-0.8409,-77.95,-10.8,-4.426,-81.04,19.62,-0.2015,-82.59,-44.53,3.052,-86.34,-18.36,5.29,115.2,82.03,1.954,76.65,24.41,99.61,-44.91,224.6,-48.34,72.74,439.9,37.11,108.4,-45.41,-38.57,212.4,189.9,-29.3,115.7,567.4,-17.1,50.76,-18.55,17.08,114.7,-46.39,116.7,132.3,497.6,-120.1,895.5,890.2,-666.5,-1348,1162,2159,-97.18,-360.4,-41.51,500,-21.04,-25.87,-243.2,16.16,488.8,0.4692,-0.02863,0.8625,0.1849,-0.6753,0.3296,0.5978,-0.3972,0.5183,0.3073,-0.5805,0.429,-0.4509,-0.5076,-0.479,-0.7585,-0.1989,-0.3429,-0.5666,-0.3721,-0.3693,0.717,-0.162,0.6677,0.6166,-0.09412,0.7763,0.5328,-0.5619,0.3142,0.4982,-0.6,0.3749,0.01697,-0.3341,-0.03668,-0.6537,-0.3879,-0.4202,-0.3746,-0.6848,-0.6076,-0.1113,-0.3769,-0.1873
7.28,6.856,0.471,4.843,7.358,2.309,-0.1372,-6.102,19.07,3.791,12.89,3.528,12.25,-1.392,4.138,-42.56,-33.84,-0.6859,1.575,-3.607,5.112,56.63,27.06,18.86,17.92,1.487,-2.499,4.4,-3.676,19.64,65.85,-8.719,25.65,2.974,2.047,-2.923,-5.341,-71.71,-12.21,1.32,-28.79,-6.334,-5.955,-28.14,-12.4,-6.061,5.12,-6.384,-15.46,-105.7,-1.523,-2.295,-106.5,17.53,-2.407,-169.3,4.355,-21.79,-71.55,-4.851,-0.9944,-76.54,1.872,-1.624,-81.8,20.64,-1.911,-81.44,1.009,-0.1476,-78.47,-7.693,-3.518,-80.97,19.79,-0.5488,-82.16,-46.02,2.677,-86.61,-20.11,6,158.7,61.53,20.01,125,10.74,76.17,21.48,231.9,-61.04,134.3,443.4,41.99,146.5,-79.59,-46.38,262.2,145,-62.5,171.9,527.8,-24.41,193.3,-22.94,100.6,85.93,-96.68,206.1,279.3,436,-510.7,425.8,1702,407.7,-2508,309.1,1910,1.929,-488.8,-243.2,959.4,-97.21,-48.35,-325.1,42.92,597.2,0.47,-0.02991,0.8619,0.1847,-0.6757,0.3242,0.5992,-0.398,0.5157,0.3089,-0.5801,0.4273,-0.4528,-0.5064,-0.4836,-0.7567,-0.2011,-0.3491,-0.5644,-0.3757,-0.3739,0.7167,-0.163,0.6675,0.6173,-0.09339,0.7758,0.5361,-0.5613,0.3166,0.4895,-0.6034,0.392,0.01502,-0.3075,-0.03339,-0.6553,-0.3832,-0.4226,-0.3675,-0.6858,-0.613,-0.1144,-0.3915,-0.1861
7.29,6.994,0.4179,5.172,7.245,2.091,-0.2672,-6.145,18.51,4.134,12.51,3.86,11.85,-1.486,4.107,-43,-34.09,-0.6942,1.594,-3.686,5.091,57.07,27.31,18.81,18.16,0.8538,-1.97,5.318,-3.691,20.79,67.62,-5.542,24.98,2.148,2.845,-3.131,-5.839,-71.55,-12.16,1.238,-28.23,-5.891,-5.868,-27.59,-12,-5.968,5.223,-6.181,-15.19,-105.8,-1.849,-2.139,-106.5,16.65,-2.231,-169.1,4.153,-20.89,-71.26,-4.912,-0.8714,-76.56,1.957,-1.467,-82.75,20.6,-2.723,-82.28,-0.1599,0.1699,-79.15,-5.703,-2.29,-80.98,20.1,-0.9429,-81.72,-47.48,2.239,-87,-22.22,6.884,196.8,21,100.1,187.5,9.759,44.93,91.3,234.4,-55.18,196.8,428.7,42.48,185.5,-90.33,-29.79,311,111.3,-81.55,248.5,475.6,-30.27,309.6,-93.27,174.8,106,-134.8,287.6,424.3,674.8,-58.12,1171,1814,1418,-1337,548.9,1056,108.4,-630.4,-210.9,1471,-177.7,-100.6,-389.1,6.851,658.2,0.4702,-0.03113,0.8615,0.1841,-0.6759,0.3186,0.6007,-0.399,0.5124,0.3104,-0.58,0.4247,-0.4547,-0.5054,-0.4879,-0.7548,-0.2033,-0.3561,-0.5617,-0.38,-0.3794,0.716,-0.1641,0.6675,0.618,-0.09223,0.7752,0.537,-0.5637,0.3138,0.488,-0.6029,0.4029,0.009095,-0.2894,-0.02704,-0.6561,-0.3787,-0.4239,-0.3601,-0.6866,-0.6184,-0.1182,-0.4091,-0.1843
7.3,7.174,0.3243,5.583,7.091,1.86,-0.449,-6.145,17.93,4.488,12.05,4.214,11.4,-1.55,4.023,-43.52,-34.24,-0.7247,1.656,-3.765,4.954,57.46,27.47,19.03,18.62,-0.06488,-1.391,5.235,-3.771,21.75,69.54,-4.033,23.89,0.5847,3.772,-2.419,-6.355,-71.42,-12.12,1.148,-27.63,-5.444,-5.751,-27,-11.56,-5.843,5.408,-5.919,-14.88,-105.8,-2.193,-1.914,-106.4,15.73,-1.987,-168.8,3.92,-19.8,-70.94,-5.017,-0.7482,-76.64,2.042,-1.273,-82.69,20.85,-3.433,-81.99,-0.868,-0.2352,-79.54,-4.886,-1.028,-81.11,20.61,-1.39,-81.32,-48.88,1.75,-87.53,-24.7,7.985,266.1,3.909,175.3,253.9,-3.425,26.37,155.8,202.6,-75.68,240.7,379.4,65.92,230.9,-97.66,-1.952,391.1,106.9,-83.49,352.5,419.9,-37.6,387.2,-175.3,217.8,185.6,-246.1,375,750.5,460.9,417,1399,1537,225.6,1239,-901.3,31.2,267.6,-704.6,-83.96,1705,-161.6,-282.7,-431.1,-102,698.2,0.4705,-0.03229,0.8613,0.1832,-0.6761,0.3126,0.6025,-0.3999,0.5086,0.3119,-0.5801,0.4213,-0.4566,-0.505,-0.492,-0.7529,-0.2055,-0.3637,-0.5584,-0.3852,-0.3857,0.715,-0.1653,0.6678,0.6188,-0.09052,0.7748,0.5349,-0.5684,0.3059,0.4851,-0.6084,0.4032,4.88E-04,-0.281,-0.0221,-0.6567,-0.3739,-0.4236,-0.3524,-0.6874,-0.6236,-0.1226,-0.4297,-0.1821
7.31,7.297,0.2511,6.023,6.918,1.596,-0.5842,-6.114,17.35,4.855,11.52,4.589,10.88,-1.589,3.878,-44.07,-34.32,-0.793,1.805,-3.85,4.699,57.83,27.55,19.57,19.34,-0.5984,-0.8832,5.68,-3.894,23.59,71.61,-1.715,22.32,-1.085,4.66,-2.413,-6.852,-71.29,-12.06,1.034,-27,-4.977,-5.61,-26.39,-11.06,-5.694,5.626,-5.58,-14.53,-105.8,-2.566,-1.627,-106.3,14.78,-1.681,-168.6,3.617,-18.56,-70.68,-5.137,-0.6138,-76.79,2.058,-1.083,-83.28,21.34,-3.998,-82.24,-2.212,-1.053,-79.79,-3.878,-0.1342,-81.36,21.33,-1.803,-81.07,-50.24,1.324,-88.24,-27.59,9.226,363.8,-9.769,192.4,329.6,-37.59,-16.6,241.2,171.4,-107.4,334,327.6,79.59,317.4,-94.23,3.421,451.7,58.11,-101.6,438.5,385.3,-73.24,456.5,-233.9,245.6,230.5,-320.3,294.9,290,794.4,327.6,2272,1207,-384.3,-1144,-1571,892.1,516.6,-764.7,-105.4,1570,-128.9,-277.9,-590.8,-266.2,824.2,0.4708,-0.03363,0.861,0.1823,-0.6762,0.3064,0.6046,-0.4009,0.5042,0.3138,-0.5805,0.4172,-0.4585,-0.5049,-0.4961,-0.7511,-0.2074,-0.3719,-0.5544,-0.3911,-0.393,0.714,-0.1661,0.6681,0.6192,-0.08839,0.7747,0.5365,-0.5681,0.3006,0.484,-0.6155,0.4071,-0.005127,-0.2714,-0.01892,-0.6569,-0.3695,-0.4212,-0.3443,-0.6887,-0.6282,-0.1268,-0.4534,-0.1793
7.32,7.422,0.1796,6.318,6.807,1.367,-0.6136,-6.068,16.78,5.3,10.96,5.05,10.35,-1.615,3.689,-44.65,-34.33,-0.8954,2.043,-3.913,4.361,58.23,27.6,20.28,20.2,-1.452,-0.5269,3.874,-4.043,25.98,73.8,0.0403,20.25,-0.4266,5.431,-0.5171,-7.384,-71.17,-12.06,0.9049,-26.34,-4.483,-5.439,-25.75,-10.52,-5.515,5.835,-5.188,-14.12,-105.7,-2.967,-1.285,-106.1,13.8,-1.321,-168.3,3.251,-17.19,-70.53,-5.244,-0.5177,-76.93,2.088,-0.9299,-81.46,22.15,-4.041,-80.37,-3.782,-0.7395,-79.85,-3.734,-0.347,-81.64,22.19,-2.131,-80.92,-51.55,0.9603,-89.14,-30.92,10.59,393.1,-4.885,238.8,407.7,-58.11,-40.04,333,155.3,-136.2,432.6,282.2,65.43,397,-50.78,11.71,490.7,-1.459,-135.3,494.1,376,-81.05,522,-213.9,169,249.5,-317.4,194.8,669.9,1237,-630.9,1584,886.2,938.9,-178.1,421.9,850.2,880.4,-790,-91.33,1489,-180.6,-230.5,-532.8,-366.2,859.4,0.4707,-0.03498,0.861,0.1814,-0.6761,0.2999,0.607,-0.4015,0.4995,0.3162,-0.5807,0.4126,-0.4602,-0.5053,-0.5001,-0.7494,-0.2091,-0.3805,-0.5497,-0.3974,-0.4013,0.7132,-0.1665,0.6686,0.6196,-0.08661,0.7746,0.542,-0.5677,0.2937,0.4662,-0.6275,0.4086,-0.002991,-0.2705,-0.0188,-0.6569,-0.3658,-0.4169,-0.3362,-0.6902,-0.6321,-0.1301,-0.4803,-0.176
7.33,7.529,0.1619,6.44,6.768,1.153,-0.6239,-6.017,16.14,5.797,10.37,5.567,9.798,-1.627,3.451,-45.31,-34.3,-1.006,2.361,-3.961,4.014,58.66,27.68,21.12,21.16,-1.589,-0.3474,1.725,-4.172,28.5,76.06,1.459,17.82,-0.09594,6.177,1.445,-7.997,-71.11,-12.06,0.7697,-25.67,-3.958,-5.222,-25.12,-9.95,-5.289,6.016,-4.782,-13.63,-105.6,-3.366,-0.8943,-105.9,12.77,-0.9156,-168,2.828,-15.73,-70.46,-5.287,-0.4406,-76.97,2.16,-0.8477,-79.18,23.19,-3.251,-78.25,-5.274,-0.4714,-79.71,-3.826,-0.2783,-81.84,23.21,-2.369,-80.63,-52.79,0.4619,-90.18,-34.53,12.07,355,-27.83,291,449.7,-82.51,-60.54,419.9,170.4,-164.1,519,257.8,45.41,436.5,13.19,39.07,497.6,-68.85,-164.6,530.3,370.6,-98.64,505.8,-122.6,57.62,246.1,-75.2,54.68,426.3,-560.5,624,-566.4,443.4,400.9,139.6,59.07,-428.7,1133,-627,-71.78,1183,-324.7,-289.1,-418.5,-397.9,546.8,0.4705,-0.03613,0.861,0.1806,-0.6758,0.2931,0.61,-0.4016,0.4948,0.3192,-0.5805,0.4079,-0.4619,-0.5061,-0.5037,-0.7475,-0.2109,-0.3895,-0.5446,-0.4039,-0.4102,0.7129,-0.1665,0.6687,0.6202,-0.08588,0.7742,0.5428,-0.5654,0.287,0.4471,-0.64,0.4084,-0.004028,-0.2712,-0.01984,-0.6565,-0.3624,-0.411,-0.3285,-0.6911,-0.6363,-0.1329,-0.5089,-0.173
7.34,7.538,0.1153,6.468,6.914,1.025,-0.75,-5.974,15.4,6.403,9.789,6.193,9.269,-1.638,3.202,-46.03,-34.31,-1.109,2.697,-4.005,3.737,59.17,27.93,21.99,22.17,-1.523,-0.294,0.3535,-4.402,30.82,78.3,2.825,15.11,-0.5186,6.787,3.015,-8.597,-71.1,-12.11,0.6489,-24.99,-3.401,-4.944,-24.47,-9.352,-5.002,6.137,-4.397,-13.07,-105.6,-3.77,-0.4672,-105.7,11.63,-0.4759,-167.6,2.39,-14.22,-70.33,-5.189,-0.4434,-76.87,2.271,-0.8177,-77.59,24.24,-2.578,-76.65,-6.552,-0.8987,-79.72,-3.769,-0.179,-82.04,24.32,-2.599,-80.27,-53.92,-0.1115,-91.28,-38.3,13.56,275.4,-46.87,320.8,498.5,-88.86,-88.38,455.1,191.4,-163.6,582.5,235.4,35.65,465.3,49.32,30.76,498.5,-124.5,-165.5,554.7,357.9,-107.4,458.5,-1.471,-24.42,255.4,176.3,-6.347,188.5,-1331,365.7,-808.1,-711.4,-306.1,148.3,152.4,112.8,1035,-264.1,-67.39,741.2,-319.4,-231,-235.3,-559.1,530.3,0.4701,-0.03693,0.8614,0.1799,-0.675,0.2861,0.6133,-0.4013,0.4901,0.3226,-0.5797,0.4033,-0.4635,-0.5073,-0.507,-0.7452,-0.2132,-0.3993,-0.5396,-0.4102,-0.4198,0.7133,-0.1674,0.6679,0.6209,-0.08631,0.7735,0.5426,-0.5626,0.2799,0.4342,-0.652,0.4064,-0.004761,-0.2706,-0.01959,-0.656,-0.3588,-0.4045,-0.3212,-0.6915,-0.6405,-0.1345,-0.5381,-0.1705
7.35,7.545,0.006109,6.458,7.16,1.008,-0.9926,-5.931,14.58,7.087,9.227,6.891,8.748,-1.67,2.982,-46.84,-34.37,-1.175,3.028,-4.052,3.534,59.76,28.39,22.55,23.21,-1.288,-0.2355,-1.842,-4.779,32.5,80.48,3.866,12.15,-1.188,7.068,5.422,-9.16,-71.14,-12.18,0.5582,-24.27,-2.817,-4.615,-23.79,-8.728,-4.664,6.22,-4.052,-12.45,-105.7,-4.189,-0.02436,-105.7,10.39,-0.02489,-167.1,1.942,-12.67,-70.14,-5.012,-0.5341,-76.67,2.456,-0.8202,-74.98,25.06,-1.333,-74.19,-7.435,-1.469,-79.72,-3.692,0.07202,-82.33,25.51,-2.962,-79.95,-54.9,-0.5994,-92.52,-42.15,14.98,205.6,-39.55,399.4,535.2,-97.18,-90.33,484.4,223.6,-141.6,629.9,225.6,38.08,491.2,73.73,3.905,495.6,-141.6,-138.2,585.9,321.8,-120.1,350.1,72.27,-107.4,367.7,350.1,-10.75,52.23,-1232,-137.2,-949.7,-1822,-315.9,86.53,-291.1,-289.6,683.6,42,47.84,445.3,-243.2,-236.4,157.8,-597.6,331,0.4694,-0.03729,0.8619,0.1792,-0.6741,0.2787,0.6167,-0.4009,0.485,0.3262,-0.5783,0.3989,-0.4646,-0.5089,-0.51,-0.7425,-0.2161,-0.4095,-0.5346,-0.4163,-0.43,0.714,-0.1692,0.6667,0.622,-0.08753,0.7723,0.5446,-0.5589,0.2763,0.4182,-0.6661,0.3984,-0.006775,-0.2696,-0.01917,-0.6558,-0.3539,-0.3982,-0.315,-0.6919,-0.6439,-0.134,-0.5672,-0.1683
7.36,7.522,-0.1227,6.407,7.406,1.036,-1.238,-5.884,13.64,7.808,8.716,7.621,8.267,-1.725,2.798,-47.72,-34.61,-1.198,3.328,-4.083,3.381,60.45,29.16,22.6,24.27,-1.239,-0.1634,-3.438,-5.264,33.61,82.51,5.009,9.165,-1.726,7.018,7.35,-9.622,-71.2,-12.26,0.4863,-23.49,-2.216,-4.255,-23.05,-8.084,-4.295,6.279,-3.747,-11.79,-106,-4.583,0.3994,-105.9,9.057,0.4032,-166.5,1.481,-11.08,-69.95,-4.837,-0.6499,-76.45,2.61,-0.823,-73,25.28,-0.5265,-72.24,-8.31,-2.056,-79.78,-3.538,0.1277,-82.72,26.69,-3.416,-79.69,-55.73,-1.036,-93.81,-45.86,16.22,175.3,2.442,415.5,521,-94.23,-87.89,492.2,245.1,-119.1,648.9,246.1,37.6,520.5,123.5,-50.78,486.3,-152.3,-110.3,609.4,273.9,-143.1,261.7,152.8,-116.7,489.7,335,15.62,83.01,-939.9,-408.7,-850.6,-2056,-352,34.74,32.75,30.28,494.2,252,148,125.5,-139.6,-266.1,335,-470.2,175.8,0.4688,-0.03748,0.8624,0.1782,-0.673,0.2708,0.6202,-0.4007,0.4793,0.3299,-0.5765,0.3946,-0.4652,-0.5107,-0.5125,-0.7393,-0.2195,-0.4201,-0.5299,-0.422,-0.4407,0.7147,-0.1711,0.6654,0.6228,-0.08887,0.7713,0.5494,-0.5565,0.277,0.405,-0.678,0.3925,-0.006897,-0.2683,-0.01862,-0.6563,-0.3479,-0.3926,-0.3094,-0.6922,-0.6468,-0.131,-0.5944,-0.1662
7.37,7.441,-0.2574,6.386,7.582,1.055,-1.429,-5.871,12.61,8.553,8.255,8.364,7.828,-1.816,2.653,-48.64,-35.11,-1.17,3.585,-4.076,3.237,61.18,30.26,22.4,25.38,-1.248,-0.05199,-3.542,-5.757,34.55,84.39,6.281,6.307,-2.239,6.729,7.741,-9.909,-71.22,-12.3,0.43,-22.64,-1.579,-3.86,-22.24,-7.435,-3.892,6.382,-3.495,-11.05,-106.6,-4.924,0.7892,-106.4,7.681,0.7934,-165.8,1.007,-9.458,-69.8,-4.701,-0.7362,-76.27,2.669,-0.7805,-72.68,25.15,-0.4488,-71.8,-9.38,-2.483,-79.83,-3.407,0.2259,-83.16,27.81,-3.884,-79.5,-56.46,-1.396,-95.05,-49.34,17.24,168.9,46.39,348.2,516.6,-89.84,-67.87,495.1,254.4,-101.6,627.9,244.1,33.69,499,167,-83.99,493.2,-161.1,-83.99,603.5,194.3,-131.4,210,147.5,-59.58,538.6,146,82.53,89.84,-718.7,-294.4,-576.1,-1391,-400.9,-41.09,-5.815,103,387.7,347.2,102.5,-209.5,-45.43,-272,123.5,-520.1,67.91,0.4685,-0.03772,0.8626,0.1771,-0.6717,0.2623,0.6235,-0.4008,0.4731,0.3334,-0.5741,0.3901,-0.4652,-0.5127,-0.5142,-0.7358,-0.2234,-0.4308,-0.5252,-0.4276,-0.4518,0.7152,-0.1727,0.6644,0.6231,-0.0896,0.7708,0.5537,-0.5552,0.28,0.3992,-0.6842,0.3946,-0.007447,-0.267,-0.01813,-0.6579,-0.3413,-0.3876,-0.3045,-0.6927,-0.6491,-0.1262,-0.6191,-0.1647
7.38,7.298,-0.3508,6.393,7.739,1.015,-1.509,-5.844,11.51,9.302,7.863,9.111,7.453,-1.905,2.536,-49.56,-35.83,-1.104,3.742,-4.03,3.055,61.95,31.58,22.16,26.46,-1.253,0.1045,-2.758,-6.149,35.32,86.04,7.423,3.616,-2.564,6.092,7.161,-10.04,-71.17,-12.35,0.363,-21.72,-0.9476,-3.45,-21.36,-6.78,-3.474,6.526,-3.267,-10.27,-107.3,-5.226,1.138,-107,6.283,1.14,-165.2,0.5453,-7.801,-69.67,-4.588,-0.7664,-76.15,2.647,-0.7152,-73.41,24.87,-0.7639,-72.35,-10.42,-2.675,-79.86,-3.313,0.3241,-83.53,28.83,-4.326,-79.32,-57.06,-1.665,-96.16,-52.54,17.91,217.8,68.36,297.8,509.3,-101.1,-64.45,484.4,209,-80.08,617.2,233.9,40.04,448.7,214.8,-73.24,501,-158.2,-55.17,584.5,124,-99.12,241.7,74.21,-29.3,467.8,-80.56,130.4,165,-500,-244.1,-319.3,-888.7,-375,-27.39,91.81,38.12,386.2,241.7,36.6,-396.5,-59.12,-260.2,-603,-713.8,81.51,0.468,-0.03833,0.8628,0.1755,-0.6705,0.2534,0.6266,-0.4015,0.466,0.3368,-0.5716,0.3853,-0.4648,-0.5147,-0.5155,-0.7322,-0.2274,-0.4415,-0.5205,-0.4332,-0.463,0.7156,-0.1737,0.6636,0.6229,-0.08979,0.7708,0.5564,-0.5546,0.2835,0.3985,-0.686,0.4015,-0.008057,-0.2661,-0.01764,-0.6605,-0.3341,-0.3837,-0.3006,-0.693,-0.6509,-0.119,-0.641,-0.1637
7.39,7.176,-0.3699,6.352,7.901,0.9147,-1.435,-5.802,10.36,10.06,7.545,9.875,7.157,-1.978,2.414,-50.45,-36.65,-1.022,3.762,-3.932,2.777,62.66,32.95,21.82,27.45,-1.324,0.2733,-1.504,-6.3,35.89,87.44,8.38,0.7569,-2.8,5.003,6.063,-10.29,-71.08,-12.4,0.2727,-20.78,-0.3235,-3.02,-20.47,-6.117,-3.037,6.731,-3.033,-9.428,-108,-5.473,1.449,-107.7,4.881,1.448,-164.6,0.1243,-6.079,-69.66,-4.486,-0.7467,-76.09,2.631,-0.6726,-74.71,24.49,-1.378,-73.44,-11.37,-2.722,-79.9,-3.259,0.4594,-83.71,29.76,-4.675,-78.89,-57.5,-2.097,-97.43,-55.72,18.35,280.8,33.69,286.6,489.7,-141.6,-78.61,477.5,144.5,-62.99,586.4,197.8,34.18,398.9,282.7,-14.65,493.7,-166.5,-35.64,567.9,41.5,-48.34,342.8,0,-54.21,385.8,-251,160.6,429.7,-105,-275.4,225.6,-457.5,-346.2,3.341,35.2,65.94,402.3,90.81,23.42,-457.5,-227.1,-217.3,-771,-613.8,46.88,0.4675,-0.03925,0.863,0.1739,-0.6692,0.2443,0.6294,-0.4025,0.4582,0.34,-0.5689,0.3798,-0.4642,-0.5165,-0.5164,-0.7284,-0.2312,-0.4525,-0.5158,-0.4394,-0.4738,0.7162,-0.1738,0.6629,0.6228,-0.08979,0.7708,0.5594,-0.5544,0.2874,0.4009,-0.6849,0.4104,-0.009034,-0.2655,-0.01709,-0.6637,-0.3267,-0.3805,-0.2982,-0.6923,-0.6531,-0.1086,-0.6621,-0.1618
7.4,7.124,-0.3624,6.337,7.995,0.7868,-1.3,-5.739,9.154,10.83,7.278,10.65,6.919,-2.015,2.279,-51.3,-37.45,-0.962,3.616,-3.783,2.392,63.31,34.2,21.48,28.32,-1.472,0.4631,-0.3525,-6.277,36.41,88.49,9.259,-2.318,-2.984,3.692,5.041,-10.77,-70.95,-12.45,0.1685,-19.84,0.2801,-2.543,-19.58,-5.453,-2.555,6.997,-2.774,-8.507,-108.7,-5.659,1.724,-108.4,3.491,1.719,-164.1,-0.224,-4.309,-69.68,-4.441,-0.7109,-76.08,2.628,-0.6432,-75.96,24.12,-2.019,-74.47,-12.25,-2.707,-79.95,-3.226,0.6089,-83.74,30.61,-4.95,-78.18,-57.69,-2.805,-99.09,-58.83,18.95,290,-29.3,265.1,442.4,-169.9,-83.49,472.6,80.56,-60.06,559.1,176.3,21.98,354,339.8,49.32,487.3,-155.3,-34.66,555.7,-28.81,-16.11,445.3,-109.9,-91.8,366.2,-312.5,126.5,590.8,258.3,-300.3,728.5,-66.44,-174.3,21.05,-32.75,28.74,341.3,18.1,-23.94,-624,-479.5,-206.5,-971.3,-77.69,275.9,0.467,-0.04041,0.8631,0.1722,-0.6675,0.2354,0.6323,-0.4036,0.4499,0.3435,-0.566,0.3736,-0.464,-0.5179,-0.5172,-0.7245,-0.2348,-0.4636,-0.5109,-0.4465,-0.4838,0.7165,-0.1735,0.6626,0.6228,-0.0896,0.7708,0.562,-0.5546,0.2907,0.4029,-0.6837,0.4189,-0.01013,-0.265,-0.01642,-0.6671,-0.3195,-0.378,-0.2973,-0.6903,-0.6559,-0.09656,-0.6825,-0.158
7.41,7.117,-0.349,6.362,7.994,0.6982,-1.16,-5.657,7.915,11.57,7.033,11.39,6.71,-2.062,2.125,-52.06,-38.05,-0.9007,3.319,-3.556,1.868,63.83,35.14,21.25,29.14,-1.564,0.6018,0.5016,-6.286,36.95,89.2,10.08,-5.275,-3.077,2.824,4.227,-11.16,-70.81,-12.47,0.07553,-18.97,0.8666,-2.049,-18.77,-4.786,-2.056,7.311,-2.496,-7.507,-109.2,-5.781,1.971,-108.9,2.128,1.963,-163.7,-0.4859,-2.477,-69.69,-4.462,-0.7042,-76.12,2.599,-0.6477,-76.92,23.83,-2.493,-75.29,-13.09,-2.635,-79.98,-3.201,0.7366,-83.86,31.37,-5.22,-77.54,-57.61,-3.542,-100.8,-61.59,19.91,229.5,-80.57,210,391.1,-193.4,-66.89,430.2,25.87,-54.68,512.7,152.8,-0.9815,309.6,336.9,88.38,454.1,-149.4,-17.09,552.8,-91.31,0,485.8,-261.2,-79.09,349.6,-356.9,142.6,378.9,455.6,-238.3,732.9,337.9,-132.8,-42.09,-64.88,87.46,262.7,-119.2,-162.6,-697.3,-476.6,-17.57,-776.9,944.8,1339,0.4667,-0.04157,0.8631,0.1708,-0.6656,0.227,0.6353,-0.4044,0.4413,0.3471,-0.563,0.3667,-0.4646,-0.5184,-0.5185,-0.7203,-0.2381,-0.4746,-0.5059,-0.4546,-0.4928,0.7164,-0.1734,0.6628,0.6227,-0.08942,0.771,0.5631,-0.5552,0.2927,0.4037,-0.6828,0.4265,-0.01111,-0.2647,-0.01593,-0.6708,-0.3127,-0.3757,-0.297,-0.688,-0.6583,-0.08765,-0.7002,-0.1552
7.42,7.189,-0.2988,6.422,7.848,0.623,-1.023,-5.513,6.704,12.25,6.756,12.09,6.47,-2.083,1.961,-52.71,-38.39,-0.8429,2.918,-3.292,1.245,64.19,35.68,21.11,29.94,-1.623,0.7016,0.7519,-6.267,37.49,89.71,10.77,-7.325,-3.08,2.98,3.943,-11.01,-70.67,-12.44,-0.009721,-18.21,1.409,-1.525,-18.06,-4.102,-1.528,7.685,-2.19,-6.45,-109.4,-5.884,2.196,-109.1,0.8149,2.184,-163.4,-0.6688,-0.6324,-69.69,-4.577,-0.7052,-76.19,2.55,-0.6962,-77.28,23.62,-2.711,-75.59,-13.83,-2.543,-80.01,-3.236,0.8249,-84,32.1,-5.484,-76.92,-57.37,-4.314,-100.9,-63.5,20.29,156.2,-113.8,137.7,340.3,-204.1,-74.7,377.9,0,-45.41,471.2,121.6,8.793,257.8,306.6,95.7,408.2,-118.7,-5.367,555.2,-126,25.87,414.1,-336.4,10.26,291.5,-361.3,126.5,193.8,430.7,-186.5,425.8,563,-12.19,-63.48,-17.6,93.3,275.9,-196.8,-176.3,-730.9,-381.4,198.2,-1163,896,1426,0.4669,-0.04273,0.8629,0.1699,-0.6634,0.2194,0.6388,-0.4049,0.4327,0.3507,-0.5599,0.3591,-0.4661,-0.5181,-0.5203,-0.7161,-0.2412,-0.4852,-0.5008,-0.4634,-0.5007,0.7158,-0.1733,0.6635,0.6223,-0.08936,0.7713,0.5624,-0.5564,0.2934,0.4017,-0.6835,0.4315,-0.01184,-0.2648,-0.01556,-0.6739,-0.3066,-0.3732,-0.2974,-0.6853,-0.6606,-0.08546,-0.7112,-0.1593
7.43,7.232,-0.2228,6.52,7.699,0.5778,-0.9249,-5.29,5.532,12.9,6.476,12.74,6.223,-2.099,1.808,-53.23,-38.4,-0.7617,2.463,-2.983,0.5663,64.35,35.81,21.11,30.74,-1.742,0.8021,0.449,-5.996,38.08,90.12,11.34,-8.41,-3.109,3.688,4.155,-10.29,-70.57,-12.39,-0.07095,-17.6,1.899,-0.9972,-17.5,-3.39,-0.9986,8.098,-1.865,-5.348,-109.3,-5.984,2.393,-109.1,-0.4558,2.38,-163.3,-0.7992,1.196,-69.69,-4.68,-0.7147,-76.29,2.479,-0.778,-77.09,23.56,-2.786,-75.35,-14.48,-2.528,-80.01,-3.311,0.8915,-83.91,32.83,-5.625,-76.14,-57.01,-5.112,-98.75,-64.57,19.17,136.2,-117.2,72.75,302.3,-201.2,-61.03,329.1,-6.829,-26.85,444.3,83,-3.906,188.5,250,97.66,349.1,-79.1,8.303,539.1,-159.7,29.29,313,-345.7,61.03,227.5,-271.5,119.6,216.8,82.5,-120.1,48.31,376,-11.69,32.74,17.6,41.04,210.9,-108.4,-99.59,-677.7,-266.6,421.4,348.7,154.4,1435,0.4671,-0.04358,0.8626,0.1695,-0.6609,0.2131,0.6427,-0.4048,0.424,0.3545,-0.5567,0.351,-0.4683,-0.517,-0.5229,-0.7117,-0.244,-0.4955,-0.4954,-0.4727,-0.5076,0.7151,-0.1732,0.6642,0.6219,-0.0893,0.7719,0.5605,-0.5584,0.2919,0.3972,-0.686,0.4339,-0.01251,-0.2654,-0.01544,-0.6756,-0.3016,-0.3703,-0.2992,-0.6819,-0.6631,-0.08698,-0.7151,-0.1706
7.44,7.266,-0.1284,6.567,7.589,0.5552,-0.7882,-4.995,4.429,13.53,6.186,13.37,5.966,-2.101,1.643,-53.61,-38.13,-0.681,2.039,-2.634,-0.1043,64.34,35.56,21.15,31.51,-1.849,0.9205,-0.2536,-5.354,38.67,90.32,11.88,-8.496,-3.267,4.672,4.754,-9.385,-70.49,-12.35,-0.111,-17.14,2.338,-0.4635,-17.1,-2.657,-0.4637,8.536,-1.515,-4.201,-109,-6.088,2.595,-108.8,-1.663,2.581,-163.2,-0.9051,2.958,-69.76,-4.751,-0.7217,-76.41,2.43,-0.8759,-76.48,23.59,-2.693,-74.71,-15.04,-2.64,-80.01,-3.371,0.9853,-83.39,33.58,-5.549,-75.29,-56.45,-5.653,-95.36,-64.46,17.26,136.2,-101.1,51.28,249.5,-190.9,-65.91,302.7,-12.22,-22.46,404.3,50.3,-6.84,137.2,164.1,84.97,286.6,-32.71,19.05,495.6,-185.5,38.57,231.9,-271.5,23.44,159.2,-156.3,105.5,120.1,-234.4,-109.9,-181.2,32.69,-31.71,52.78,3.367,-39.5,156.3,75.69,-25.88,-570.3,-162.1,223.1,1685,-631.4,957.1,0.4674,-0.04419,0.8624,0.1698,-0.6581,0.208,0.6469,-0.4044,0.4152,0.3585,-0.5534,0.3424,-0.4712,-0.5153,-0.526,-0.7075,-0.2465,-0.5053,-0.4899,-0.482,-0.5136,0.7148,-0.1728,0.6647,0.6216,-0.0893,0.7723,0.5577,-0.5607,0.2896,0.3913,-0.69,0.4338,-0.01337,-0.2658,-0.0152,-0.6758,-0.2976,-0.3671,-0.3039,-0.6781,-0.6646,-0.09296,-0.7113,-0.1852
7.45,7.292,-0.05,6.534,7.501,0.571,-0.6116,-4.624,3.431,14.14,5.857,14,5.666,-2.101,1.494,-53.84,-37.62,-0.6025,1.677,-2.249,-0.6935,64.15,35.03,21.19,32.27,-1.939,1.026,-1.271,-4.636,39.2,90.23,12.43,-6.996,-3.517,4.883,5.665,-8.31,-70.44,-12.32,-0.1275,-16.85,2.734,0.06409,-16.85,-1.89,0.06424,8.981,-1.127,-3.014,-108.4,-6.246,2.812,-108.2,-2.819,2.798,-163.2,-1.001,4.608,-69.88,-4.813,-0.7395,-76.51,2.385,-0.9657,-75.5,23.63,-2.438,-73.73,-15.53,-2.844,-80.01,-3.376,1.093,-82.75,34.34,-5.379,-74.76,-55.62,-5.71,-91.3,-62.42,13.92,132.8,-99.61,37.1,182.6,-163.1,-71.77,272.9,-46.88,-15.14,346.2,-9.77,-1.467,89.36,64.46,91.31,212.9,0.481,38.58,433.1,-199.2,33.69,146,-130.9,23.44,126.5,-34.67,83.49,-51.29,-402.3,-123.5,-302.2,-148.9,21.01,90.87,42.54,-114.2,167.5,176.8,36.13,-404.2,-171.4,-86.39,-600.5,-868.7,283.7,0.4676,-0.04456,0.8622,0.1707,-0.6551,0.2041,0.6515,-0.4037,0.4062,0.3628,-0.55,0.3334,-0.4744,-0.5135,-0.5298,-0.7035,-0.2486,-0.5147,-0.4845,-0.4907,-0.5189,0.7146,-0.1721,0.6653,0.6213,-0.08936,0.7726,0.5547,-0.5629,0.2872,0.3839,-0.6954,0.4318,-0.01428,-0.2656,-0.01502,-0.6751,-0.2942,-0.3636,-0.3112,-0.6748,-0.6643,-0.09491,-0.6956,-0.1982
7.46,7.322,0.0158,6.467,7.427,0.6337,-0.4398,-4.193,2.58,14.75,5.479,14.61,5.306,-2.103,1.374,-53.93,-36.96,-0.5363,1.432,-1.84,-1.186,63.84,34.34,21.14,33,-2.029,1.1,-2.187,-3.996,39.64,89.82,13.05,-5.414,-3.809,4.58,6.507,-7.278,-70.4,-12.3,-0.1165,-16.7,3.099,0.5883,-16.74,-1.095,0.5875,9.412,-0.7056,-1.795,-107.7,-6.469,3.047,-107.6,-3.893,3.035,-163.3,-1.119,6.113,-70.01,-4.867,-0.7766,-76.58,2.35,-1.062,-74.62,23.59,-2.234,-72.82,-16.01,-3.056,-80.02,-3.292,1.225,-82.17,35.08,-5.216,-74.43,-54.48,-5.6,-87.91,-59.89,10.68,114.3,-77.15,50.29,127.9,-125.5,-55.66,230.5,-73.24,-19.05,306.1,-45.89,-12.2,55.67,-9.764,61.03,147,11.72,59.08,364.2,-190.9,39.06,63.47,-10.26,44.44,96.67,66.41,77.14,-44.45,-374,-53.7,-436.1,-344.7,-23.94,-8.352,-43.92,-146.9,196.8,272.4,54.21,-277.9,-370.6,-132.8,-1278,-804.7,339.8,0.4677,-0.04468,0.862,0.1723,-0.6518,0.2013,0.6564,-0.4025,0.3972,0.3675,-0.5465,0.3242,-0.4776,-0.5116,-0.5341,-0.6999,-0.2501,-0.5236,-0.4792,-0.4986,-0.5238,0.7145,-0.1714,0.6658,0.621,-0.08961,0.7729,0.5518,-0.5654,0.2852,0.377,-0.7003,0.43,-0.01526,-0.2648,-0.01471,-0.6741,-0.2912,-0.3599,-0.32,-0.6715,-0.6629,-0.0932,-0.6772,-0.2089
7.47,7.328,0.07344,6.465,7.365,0.697,-0.3647,-3.698,1.864,15.31,5.039,15.18,4.876,-2.109,1.275,-53.88,-36.26,-0.4693,1.267,-1.4,-1.549,63.44,33.63,21,33.74,-2.177,1.154,-2.901,-3.248,39.94,89.18,13.66,-4.162,-4.024,3.871,7.219,-6.635,-70.36,-12.27,-0.09123,-16.69,3.433,1.082,-16.76,-0.265,1.08,9.794,-0.2506,-0.5527,-107,-6.758,3.306,-106.9,-4.897,3.295,-163.3,-1.233,7.452,-70.05,-4.904,-0.8082,-76.63,2.309,-1.146,-73.92,23.45,-2.172,-72.08,-16.45,-3.218,-80.06,-3.173,1.312,-81.42,35.83,-4.921,-73.82,-53.1,-5.795,-85.34,-57.39,7.803,79.11,-74.22,35.15,85.46,-106.5,-57.12,181.6,-73.74,-24.9,275.4,-89.85,-34.18,29.3,-51.27,51.27,99.12,-0.9781,54.69,305.2,-183.1,49.8,14.66,50.77,41.01,90.33,128.4,87.89,79.61,-89.35,-89.35,-327.6,-440,-98.61,-89.87,-94.26,71.78,198.2,320.8,63.47,-188.5,-633.8,-21.03,-1432,-467.3,132.3,0.4679,-0.04468,0.8618,0.1745,-0.6486,0.1995,0.6617,-0.401,0.3884,0.3728,-0.5427,0.315,-0.4804,-0.5101,-0.5385,-0.6968,-0.2511,-0.5321,-0.4745,-0.5054,-0.5282,0.7143,-0.1713,0.6661,0.6207,-0.08991,0.7732,0.5492,-0.5683,0.2839,0.371,-0.7044,0.4288,-0.01575,-0.2637,-0.01428,-0.6732,-0.2882,-0.3563,-0.3297,-0.6664,-0.6625,-0.0882,-0.6591,-0.2173
7.48,7.328,0.1312,6.53,7.302,0.763,-0.3901,-3.149,1.294,15.85,4.58,15.72,4.418,-2.127,1.212,-53.74,-35.54,-0.3789,1.176,-0.9073,-1.789,63.01,33,20.76,34.47,-2.366,1.187,-3.366,-2.275,40.09,88.33,14.18,-3.395,-4.089,3.033,7.702,-6.437,-70.35,-12.27,-0.05449,-16.79,3.742,1.528,-16.87,0.5943,1.525,10.11,0.2166,0.7208,-106.2,-7.111,3.568,-106.2,-5.82,3.559,-163.2,-1.358,8.607,-70.01,-4.963,-0.84,-76.66,2.238,-1.231,-73.48,23.17,-2.269,-71.58,-16.88,-3.262,-80.08,-3.115,1.357,-80.36,36.56,-4.41,-72.79,-51.52,-6.365,-83.37,-55.15,5.357,74.21,-71.78,43.95,68.35,-59.09,-48.33,144.1,-51.27,-5.863,248.1,-128.4,-50.78,22.95,-68.85,56.15,59.08,-56.65,44.92,250.5,-176.3,67.87,-9.261,61.03,41.01,94.73,115.2,83.01,218.3,81.53,-68.37,-20.54,-404.8,-40.54,-38.42,0.4591,45.96,168.9,375.5,88.87,-142.1,-800.8,58.59,-1299,-198.3,179.7,0.468,-0.0445,0.8617,0.1772,-0.6455,0.1986,0.6672,-0.3991,0.3797,0.3785,-0.5386,0.306,-0.4826,-0.509,-0.5429,-0.6942,-0.2515,-0.5403,-0.4706,-0.5108,-0.5324,0.7139,-0.1716,0.6665,0.6202,-0.09027,0.7737,0.5467,-0.5717,0.2833,0.3661,-0.7072,0.4289,-0.01599,-0.2631,-0.01398,-0.673,-0.2849,-0.353,-0.3406,-0.659,-0.6634,-0.08198,-0.643,-0.2243
7.49,7.336,0.1754,6.605,7.222,0.8051,-0.4474,-2.558,0.8197,16.38,4.096,16.26,3.931,-2.133,1.155,-53.56,-34.87,-0.281,1.116,-0.3969,-1.908,62.58,32.54,20.46,35.16,-2.576,1.173,-3.434,-1.195,40.15,87.27,14.63,-3.06,-4.075,2.385,7.813,-6.528,-70.34,-12.27,-0.01552,-16.94,4.034,1.965,-17.03,1.478,1.961,10.38,0.6904,2.024,-105.6,-7.499,3.846,-105.5,-6.682,3.839,-163,-1.473,9.604,-69.95,-5.045,-0.8491,-76.68,2.157,-1.278,-73.44,22.8,-2.524,-71.47,-17.29,-3.207,-80.1,-3.078,1.403,-79.1,37.23,-3.686,-71.57,-49.75,-7.178,-81.77,-53.17,3.373,82.51,-83.01,45.41,59.08,-44.44,-42,127,-29.3,5.368,232.9,-158.2,-66.41,28.8,-65.44,41.5,41.99,-136.2,23.44,218.3,-171.9,92.28,3.899,53.72,48.83,74.23,57.13,57.62,213.9,-39.08,10.25,175.8,-341.3,-87.41,-12.7,-2.448,24.9,112.8,390.1,50.29,-138.2,-834,162.6,-1160,-109.4,140.6,0.468,-0.04425,0.8617,0.1801,-0.6423,0.1981,0.6728,-0.3973,0.3709,0.3847,-0.5341,0.2973,-0.4844,-0.5084,-0.5472,-0.6919,-0.2515,-0.5481,-0.4677,-0.5149,-0.5365,0.7133,-0.172,0.6669,0.6196,-0.09046,0.7742,0.5437,-0.5755,0.283,0.3632,-0.7083,0.4308,-0.0163,-0.2628,-0.01379,-0.674,-0.2815,-0.3499,-0.3519,-0.6498,-0.6652,-0.07654,-0.6286,-0.2308
7.5,7.334,0.1954,6.637,7.13,0.8538,-0.505,-1.904,0.4176,16.87,3.59,16.75,3.416,-2.115,1.109,-53.37,-34.26,-0.1614,1.055,0.1021,-1.962,62.2,32.27,20.15,35.78,-2.765,1.091,-3.291,-0.1896,40.15,86.02,15.02,-2.999,-3.998,2.033,7.742,-6.696,-70.35,-12.26,0.02468,-17.11,4.289,2.389,-17.19,2.386,2.384,10.6,1.161,3.323,-105,-7.908,4.125,-105,-7.492,4.121,-162.7,-1.574,10.49,-69.9,-5.127,-0.8636,-76.66,2.07,-1.303,-73.6,22.42,-2.823,-71.57,-17.68,-3.083,-80.11,-3.055,1.446,-77.87,37.83,-2.888,-70.43,-47.85,-7.983,-80.41,-51.33,1.834,63.49,-96.2,34.18,56.17,-6.833,-50.79,117.2,-8.31,11.71,217.8,-168,-51.27,43.46,-66.89,46.88,39.08,-216.3,-16.11,195.3,-184.6,104,38.58,45.89,28.81,41.51,0,42.96,129.9,-123,20.03,258.3,-215.8,-11.69,-43.1,-29.84,25.36,73.26,413.6,5.383,-211.9,-733.4,227,-1041,-19,190.4,0.4681,-0.04395,0.8616,0.1827,-0.6392,0.1979,0.6782,-0.3956,0.362,0.391,-0.5293,0.2888,-0.4856,-0.5083,-0.551,-0.6899,-0.2515,-0.5555,-0.4657,-0.518,-0.5407,0.7127,-0.1723,0.6674,0.619,-0.09064,0.7746,0.5403,-0.5793,0.2828,0.3615,-0.7084,0.4335,-0.0166,-0.2625,-0.01361,-0.6757,-0.2783,-0.3469,-0.3633,-0.6401,-0.6669,-0.07282,-0.6152,-0.2372
7.51,7.291,0.1948,6.666,7.036,0.9058,-0.5885,-1.23,0.01751,17.32,3.086,17.21,2.898,-2.081,1.062,-53.22,-33.73,-0.05161,0.9735,0.5871,-1.955,61.87,32.21,19.89,36.36,-2.942,1.024,-3.108,0.5739,40.16,84.61,15.38,-3.07,-3.91,1.993,7.649,-6.745,-70.39,-12.24,0.08291,-17.25,4.514,2.827,-17.31,3.285,2.823,10.8,1.619,4.625,-104.5,-8.298,4.416,-104.5,-8.28,4.416,-162.3,-1.658,11.31,-69.84,-5.195,-0.866,-76.63,1.958,-1.293,-73.76,22.04,-3.085,-71.69,-18.06,-2.952,-80.12,-3.055,1.486,-76.88,38.33,-2.218,-69.67,-45.89,-8.497,-79.27,-49.52,0.7927,23.92,-85.45,12.2,54.2,9.277,-53.72,127.5,-6.829,2.437,196.8,-182.1,-41.5,41.98,-86.92,40.53,20.99,-295.4,-35.64,193.4,-203.6,110.3,73.26,20.51,-16.12,19.54,-39.05,21.48,83.01,-107,48.34,214.8,-20.01,69.82,-13.03,-32.29,19.06,33.68,440.4,-26.35,-343.7,-593.7,232.9,-863.8,-51.71,222.2,0.4683,-0.04346,0.8615,0.1851,-0.636,0.1978,0.6832,-0.3944,0.3529,0.3974,-0.5244,0.2805,-0.4865,-0.5086,-0.5542,-0.6877,-0.2515,-0.5625,-0.4646,-0.5203,-0.545,0.7122,-0.1726,0.6678,0.6182,-0.09065,0.7752,0.5372,-0.5827,0.2828,0.3599,-0.7085,0.4363,-0.01691,-0.2625,-0.01343,-0.6775,-0.2755,-0.3443,-0.3744,-0.6311,-0.6673,-0.07172,-0.602,-0.2435
7.52,7.251,0.195,6.693,6.932,0.9491,-0.6784,-0.5891,-0.3832,17.78,2.598,17.68,2.389,-2.044,1.023,-53.12,-33.34,0.01897,0.8804,1.055,-1.924,61.6,32.36,19.67,36.87,-3.119,1.003,-2.879,1.137,40.23,83.04,15.75,-3.229,-3.782,2.145,7.519,-6.664,-70.42,-12.22,0.1473,-17.34,4.732,3.275,-17.37,4.144,3.272,11,2.072,5.902,-104.2,-8.675,4.716,-104.2,-9.058,4.721,-161.8,-1.756,12.09,-69.78,-5.274,-0.855,-76.6,1.841,-1.269,-73.97,21.7,-3.345,-71.85,-18.47,-2.802,-80.13,-3.063,1.503,-76.11,38.75,-1.717,-69.26,-43.87,-8.639,-78.35,-47.7,0.2196,-22.46,-68.36,6.355,36.14,21.48,-76.17,141.1,-16.6,-0.9771,183.1,-193.4,-26.37,47.85,-78.13,43.95,2.941,-332,-51.75,183.6,-235.4,101.1,60.06,-22.45,-9.766,4.89,-69.34,19.54,71.3,-108.9,69.83,90.85,94.23,97.18,-57.46,-46.83,37.04,-9.756,416,-2.928,-426.3,-426.7,169.4,-769.5,-159.1,222.2,0.4686,-0.04291,0.8614,0.1871,-0.6328,0.1973,0.6877,-0.3933,0.3437,0.4037,-0.5194,0.2723,-0.4869,-0.5096,-0.5567,-0.6853,-0.2518,-0.5692,-0.4638,-0.5221,-0.5496,0.7117,-0.1729,0.6682,0.6174,-0.09058,0.7758,0.5345,-0.5857,0.2828,0.3583,-0.7084,0.4394,-0.01703,-0.2625,-0.01331,-0.6792,-0.2727,-0.3424,-0.3859,-0.6233,-0.6659,-0.07312,-0.5888,-0.2495
7.53,7.202,0.1997,6.749,6.788,0.9749,-0.7834,0.04008,-0.8015,18.21,2.12,18.11,1.884,-2,0.9738,-52.43,-33.07,0.08821,0.7656,1.489,-1.891,60.74,32.69,19.52,37.35,-3.224,1.028,-2.787,1.588,40.35,81.29,16.12,-3.473,-3.658,2.386,7.503,-6.537,-70.44,-12.17,0.2002,-18,4.987,3.66,-17.99,5.027,3.66,11.23,2.512,7.135,-104,-9.023,5.013,-104.1,-9.822,5.025,-161.2,-1.864,12.86,-69.69,-5.368,-0.8399,-76.55,1.698,-1.243,-74.01,21.41,-3.473,-71.89,-18.89,-2.695,-80.14,-3.098,1.492,-75.48,39.09,-1.34,-69.07,-41.77,-8.528,-77.63,-45.85,-0.009803,-42.49,-54.69,-15.14,3.423,26.85,-70.8,133.8,-56.63,-0.9771,147.5,-212.4,-15.14,35.17,-82.04,37.11,-24.9,-327.1,-62.5,165,-280.8,103.5,10.24,-42.97,31.24,-19.54,-94.23,-0.9817,27.83,-147,50.78,34.69,121.6,136.2,-51.78,-43.92,41.96,-93.76,436,7.32,-475.1,-317.9,128.9,-714.4,-222.6,202.1,0.469,-0.04254,0.8611,0.1889,-0.6298,0.1967,0.6917,-0.3924,0.3345,0.4096,-0.5147,0.2642,-0.4869,-0.5109,-0.5586,-0.6826,-0.2528,-0.5753,-0.4634,-0.5234,-0.5544,0.711,-0.1733,0.6687,0.6164,-0.09052,0.7765,0.5322,-0.5881,0.2832,0.3561,-0.7088,0.442,-0.01697,-0.2628,-0.01325,-0.6803,-0.2703,-0.341,-0.3981,-0.616,-0.6631,-0.07624,-0.5753,-0.2548
7.54,7.152,0.2066,6.842,6.659,0.9861,-0.8852,0.5882,-1.24,18.63,1.687,18.54,1.418,-1.965,0.9141,-52.28,-32.91,0.1023,0.6443,1.922,-1.883,60.41,33.14,19.38,37.74,-3.305,1.049,-2.794,2.064,40.52,79.34,16.46,-3.848,-3.545,2.655,7.554,-6.473,-70.43,-12.12,0.24,-18.1,5.225,4.069,-18.05,5.812,4.073,11.49,2.946,8.329,-103.8,-9.335,5.305,-104,-10.57,5.325,-160.6,-1.995,13.63,-69.57,-5.452,-0.8229,-76.53,1.565,-1.22,-73.97,21.14,-3.538,-71.83,-19.32,-2.638,-80.14,-3.173,1.451,-74.83,39.36,-0.935,-68.96,-39.55,-8.293,-77.1,-44,0.01568,-59.07,-44.43,-20.01,-32.72,39.55,-90.33,108.9,-102.1,-9.277,122.1,-222.7,-24.9,6.844,-70.32,41.02,-62.49,-296.4,-44.92,130.4,-332.5,97.16,-41.99,-82.03,41.5,-58.6,-112.8,16.12,-38.11,-88.38,51.26,7.846,127,169.4,-38.42,-29.23,29.36,-147,408.2,38.11,-448.3,-266.6,106.5,-622,-238.8,175.8,0.4694,-0.04236,0.8609,0.1903,-0.6269,0.1955,0.6953,-0.3914,0.3255,0.4153,-0.5103,0.2561,-0.4867,-0.5125,-0.56,-0.6797,-0.254,-0.5811,-0.463,-0.5245,-0.5593,0.7104,-0.1738,0.669,0.6155,-0.0904,0.7772,0.5303,-0.59,0.2837,0.3535,-0.7098,0.4441,-0.01672,-0.2635,-0.01331,-0.6813,-0.2683,-0.3399,-0.411,-0.6085,-0.6593,-0.08039,-0.5617,-0.2592
7.55,7.134,0.234,6.902,6.55,0.9913,-0.9496,1.112,-1.66,19.05,1.311,18.97,0.9932,-1.93,0.856,-52.12,-32.86,0.1363,0.5435,2.332,-1.906,60.04,33.67,19.21,38.02,-3.322,0.9842,-2.809,2.592,40.69,77.16,16.81,-4.382,-3.448,2.922,7.608,-6.487,-70.39,-12.09,0.2653,-18.19,5.469,4.456,-18.1,6.578,4.465,11.79,3.341,9.48,-103.8,-9.626,5.586,-103.9,-11.28,5.616,-160,-2.163,14.39,-69.47,-5.531,-0.8108,-76.49,1.466,-1.225,-73.92,20.88,-3.567,-71.77,-19.75,-2.604,-80.14,-3.261,1.408,-74.1,39.54,-0.434,-68.85,-37.19,-8.016,-76.71,-42.16,0.1784,-61.52,-36.62,-36.14,-63.95,34.66,-95.21,77.63,-147.5,2.437,103,-251.5,-31.24,-30.27,-54.2,56.64,-94.72,-243.2,-28.32,94.74,-381.4,97.16,-79.11,-97.17,36.61,-70.32,-105.5,-0.9817,-82.51,-105.4,84.97,-38.54,80.05,138.2,2.339,-30.76,-4.458,-190.4,360.4,38.11,-443.8,-274.4,86.39,-497.6,-188,156.8,0.4696,-0.04236,0.8607,0.1914,-0.6243,0.1939,0.6988,-0.3905,0.3165,0.4203,-0.5061,0.248,-0.4862,-0.5144,-0.561,-0.6768,-0.2553,-0.5864,-0.4624,-0.5255,-0.5643,0.7098,-0.1743,0.6694,0.6148,-0.09058,0.7777,0.5289,-0.5915,0.2847,0.3509,-0.7108,0.4461,-0.01648,-0.2643,-0.01337,-0.6823,-0.2671,-0.3389,-0.4246,-0.6005,-0.6548,-0.0849,-0.5482,-0.2628
7.56,7.142,0.2562,6.945,6.473,1.002,-0.9731,1.641,-2.078,19.45,1.003,19.38,0.6198,-1.864,0.7895,-51.91,-32.85,0.2077,0.4623,2.723,-1.956,59.64,34.18,19.01,38.15,-3.265,0.8403,-2.891,3.123,40.85,74.73,17.18,-5.081,-3.388,3.271,7.704,-6.582,-70.32,-12.08,0.2729,-18.3,5.686,4.813,-18.16,7.32,4.829,12.13,3.68,10.58,-103.7,-9.89,5.848,-103.9,-11.96,5.889,-159.5,-2.358,15.13,-69.37,-5.597,-0.8176,-76.44,1.403,-1.247,-73.79,20.61,-3.517,-71.65,-20.19,-2.614,-80.14,-3.328,1.36,-73.39,39.6,0.1239,-68.76,-34.69,-7.77,-76.43,-40.36,0.4744,-63.49,-46.39,-54.69,-90.34,20.52,-95.21,49.33,-178.7,10.25,85.93,-269,-52.25,-68.36,-53.22,62.99,-130.9,-207,-26.86,57.14,-424.3,92.76,-116.2,-99.11,18.06,-72.76,-79.58,-43.47,-117.2,-110.8,159.7,-141.1,4.392,155.2,18.71,-12.24,-27.82,-208,371.1,22.95,-514.1,-243.2,83.49,-421.9,-161.1,115.2,0.4697,-0.0426,0.8605,0.192,-0.6219,0.1922,0.702,-0.3893,0.3078,0.4248,-0.502,0.2402,-0.4857,-0.5161,-0.5619,-0.6739,-0.2564,-0.5916,-0.4615,-0.5264,-0.5692,0.7092,-0.1749,0.6697,0.6143,-0.09095,0.778,0.5277,-0.5926,0.2863,0.348,-0.7122,0.4477,-0.01618,-0.2649,-0.01349,-0.6835,-0.2667,-0.3382,-0.4383,-0.5917,-0.6498,-0.08991,-0.5349,-0.2656
7.57,7.142,0.2883,6.968,6.431,1.017,-0.9576,2.201,-2.447,19.86,0.7804,19.79,0.2858,-1.748,0.7257,-51.67,-32.85,0.3043,0.4121,3.042,-2.027,59.23,34.63,18.78,38.13,-3.159,0.6277,-3.01,3.733,41.03,72.06,17.61,-5.908,-3.411,3.631,7.817,-6.746,-70.24,-12.09,0.2722,-18.4,5.87,5.185,-18.2,8.063,5.21,12.46,3.976,11.63,-103.7,-10.14,6.089,-103.9,-12.57,6.142,-159,-2.561,15.84,-69.3,-5.643,-0.832,-76.39,1.352,-1.288,-73.63,20.34,-3.424,-71.49,-20.64,-2.694,-80.13,-3.359,1.324,-72.58,39.52,0.7823,-68.63,-32.09,-7.517,-76.21,-38.58,0.8568,-65.91,-49.31,-58.1,-105,-16.11,-98.63,27.82,-206.5,11.23,66.91,-305.7,-79.59,-94.73,-37.6,65.43,-162.1,-183.1,-8.303,28.81,-453.1,84.48,-146.5,-88.39,-4.883,-88.39,-64.46,-52.26,-129.9,-91.79,103,-232.9,-39.52,149.4,0,-30.3,-61.02,-231,397.5,-9.256,-550.7,-249.5,146.5,-337.9,-167,67.37,0.4696,-0.04297,0.8604,0.1924,-0.6193,0.1907,0.7052,-0.3882,0.2993,0.4288,-0.498,0.2327,-0.4854,-0.5176,-0.5627,-0.6714,-0.257,-0.5965,-0.4605,-0.5274,-0.5738,0.7088,-0.1754,0.6699,0.6139,-0.09143,0.7783,0.5266,-0.5935,0.2882,0.3452,-0.7139,0.449,-0.01593,-0.2652,-0.01361,-0.6849,-0.2671,-0.3379,-0.4525,-0.5822,-0.6444,-0.09528,-0.5217,-0.268
7.58,7.132,0.3051,6.981,6.431,1.047,-0.9285,2.793,-2.784,20.27,0.6509,20.21,-0.004309,-1.576,0.6509,-51.39,-32.83,0.4212,0.3972,3.308,-2.102,58.82,35.02,18.51,37.97,-3.02,0.3754,-3.067,4.38,41.2,69.17,18.08,-6.848,-3.474,3.953,7.876,-6.949,-70.14,-12.11,0.2628,-18.55,6.023,5.572,-18.27,8.803,5.607,12.76,4.232,12.65,-103.6,-10.36,6.314,-103.9,-13.13,6.378,-158.6,-2.773,16.49,-69.24,-5.661,-0.8682,-76.35,1.317,-1.338,-73.54,20.03,-3.332,-71.38,-21.11,-2.826,-80.14,-3.386,1.278,-71.75,39.3,1.484,-68.5,-29.4,-7.225,-76.04,-36.83,1.282,-94.72,-55.17,-71.29,-137.7,-59.09,-93.26,3.889,-238.3,16.6,36.64,-336.4,-107.9,-120.6,-35.65,71.29,-191.4,-189.9,-20.51,-7.811,-463.4,90.33,-155.3,-60.05,-23.44,-99.13,-37.1,-57.62,-94.22,7.826,82.53,-181.2,-29.8,10.26,-79.51,0,61.48,-264.1,450.7,-23.94,-560.5,-247.1,182.6,-271,-105,26.84,0.4694,-0.0434,0.8603,0.1926,-0.6167,0.1895,0.7083,-0.387,0.291,0.4326,-0.494,0.2258,-0.4852,-0.5189,-0.5636,-0.6692,-0.2571,-0.6012,-0.4593,-0.5282,-0.5781,0.7086,-0.1759,0.67,0.6136,-0.09198,0.7785,0.5259,-0.5941,0.2905,0.3427,-0.7157,0.4505,-0.01556,-0.2655,-0.01361,-0.6866,-0.2681,-0.3382,-0.4671,-0.5721,-0.6383,-0.1007,-0.5085,-0.2699
7.59,7.104,0.3075,7.026,6.441,1.089,-0.9118,3.416,-3.095,20.63,0.6538,20.59,-0.27,-1.4,0.5958,-51.05,-32.78,0.5624,0.3913,3.568,-2.156,58.43,35.28,18.25,37.7,-2.889,0.1338,-3.035,4.992,41.38,66.08,18.5,-7.881,-3.5,4.259,7.845,-7.096,-70.05,-12.12,0.2637,-18.74,6.146,5.927,-18.39,9.543,5.975,12.99,4.474,13.63,-103.5,-10.57,6.509,-103.8,-13.65,6.585,-158.2,-2.973,17.07,-69.16,-5.668,-0.9074,-76.32,1.276,-1.375,-73.56,19.73,-3.268,-71.37,-21.6,-2.935,-80.15,-3.467,1.22,-70.98,38.95,2.137,-68.42,-26.67,-6.836,-75.9,-35.11,1.765,-128.4,-61.03,-66.41,-173.8,-92.77,-100.6,-11.7,-258.8,29.3,1.465,-360.4,-131.8,-146,-38.58,73.73,-221.7,-205.6,-10.74,-35.17,-462.4,94.24,-174.8,-62.01,-39.56,-102.1,-51.27,-74.7,-20.51,133.8,25.87,64,34.19,5.35,-98.22,14.69,80.08,-298.3,525.4,-9.775,-564.4,-215.8,146,-253.4,-63.47,35.61,0.4693,-0.04376,0.8602,0.1928,-0.6142,0.1887,0.7113,-0.3858,0.283,0.4366,-0.4898,0.2194,-0.4852,-0.5198,-0.5646,-0.6673,-0.2567,-0.6058,-0.4581,-0.529,-0.5818,0.7084,-0.1766,0.67,0.6133,-0.09235,0.7787,0.5254,-0.5945,0.2932,0.3408,-0.7172,0.4524,-0.01514,-0.2663,-0.01355,-0.6883,-0.2698,-0.3392,-0.4818,-0.562,-0.6311,-0.1065,-0.4955,-0.2716
7.6,7.06,0.3057,7.12,6.436,1.115,-0.8935,4.039,-3.39,20.94,0.735,20.91,-0.5077,-1.276,0.5311,-50.68,-32.67,0.7569,0.3926,3.856,-2.197,58.06,35.48,18.01,37.33,-2.772,-0.03707,-2.922,5.54,41.56,62.87,18.86,-8.994,-3.494,4.597,7.679,-7.163,-69.96,-12.13,0.2629,-18.99,6.289,6.206,-18.54,10.3,6.27,13.15,4.716,14.6,-103.3,-10.75,6.678,-103.7,-14.12,6.766,-157.9,-3.158,17.59,-69.09,-5.678,-0.9321,-76.35,1.218,-1.393,-73.71,19.41,-3.225,-71.5,-22.09,-3.007,-80.16,-3.605,1.164,-70.35,38.49,2.67,-68.41,-23.93,-6.369,-75.76,-33.44,2.335,-133.8,-56.15,-71.78,-189.5,-106.5,-110.8,-38.08,-280.8,41.51,-26.84,-382.8,-152.8,-149.9,-39.55,69.34,-240.2,-223.1,-34.66,-52.73,-457,91.79,-173.8,-85.45,-50.77,-108.9,-82.51,-74.22,28.32,187,28.82,236.3,71.77,-35.63,-51.78,22.95,61.48,-330.1,603.5,68.85,-535.6,-138.6,112.3,-238.8,-22.49,30.78,0.4692,-0.04413,0.8601,0.1928,-0.6122,0.1876,0.7145,-0.3844,0.2752,0.4407,-0.4854,0.2136,-0.4855,-0.5203,-0.5657,-0.6656,-0.2559,-0.6101,-0.4571,-0.5297,-0.5852,0.7082,-0.1771,0.67,0.6129,-0.09229,0.779,0.5249,-0.5948,0.296,0.3395,-0.718,0.455,-0.01483,-0.2675,-0.01355,-0.6893,-0.2722,-0.3408,-0.4964,-0.5522,-0.623,-0.1129,-0.4828,-0.273
7.61,7.047,0.2815,7.22,6.388,1.126,-0.8271,4.666,-3.658,21.21,0.8725,21.18,-0.7361,-1.177,0.4686,-50.24,-32.53,0.9712,0.3989,4.143,-2.223,57.7,35.62,17.76,36.87,-2.675,-0.1226,-2.759,5.998,41.78,59.53,19.2,-10.2,-3.448,4.942,7.423,-7.08,-69.86,-12.11,0.2593,-19.3,6.449,6.44,-18.77,11.08,6.522,13.23,4.974,15.54,-103.1,-10.92,6.818,-103.5,-14.55,6.917,-157.6,-3.333,18.04,-69.07,-5.711,-0.9411,-76.42,1.171,-1.374,-73.95,19.1,-3.179,-71.74,-22.62,-3.021,-80.17,-3.776,1.124,-69.85,37.95,3.068,-68.5,-21.18,-5.772,-75.6,-31.84,2.988,-134.8,-66.89,-86.43,-180.6,-83.99,-136.2,-49.33,-299.3,57.13,-49.79,-393.6,-154.3,-153.3,-55.66,80.07,-254.4,-244.6,-51.75,-72.77,-455.6,90.33,-175.3,-108.9,-88.39,-124,-107.9,-103,-4.378,148.9,15.62,271.5,68.82,-11.25,-28.4,-28.77,29.36,-379.4,670.4,133.8,-491.3,-28.29,113.8,-186.5,20.94,57.17,0.4693,-0.04456,0.8599,0.1931,-0.6103,0.1866,0.7177,-0.3831,0.2677,0.4453,-0.4808,0.2083,-0.486,-0.5204,-0.567,-0.6641,-0.2549,-0.6141,-0.4562,-0.5301,-0.5884,0.708,-0.1773,0.6702,0.6126,-0.09174,0.7793,0.524,-0.5951,0.2985,0.3385,-0.7185,0.4583,-0.01471,-0.2689,-0.01355,-0.6896,-0.2752,-0.3429,-0.5108,-0.5428,-0.6136,-0.1201,-0.4704,-0.2744
7.62,7.053,0.2346,7.26,6.324,1.133,-0.6911,5.295,-3.915,21.48,1.006,21.46,-0.9228,-1.071,0.3996,-49.78,-32.31,1.149,0.396,4.399,-2.237,57.38,35.7,17.58,36.31,-2.605,-0.1933,-2.715,6.428,42.09,56.05,19.56,-11.55,-3.4,5.333,7.258,-6.842,-69.78,-12.1,0.2536,-19.65,6.611,6.674,-19.03,11.87,6.774,13.24,5.272,16.45,-102.8,-11.06,6.927,-103.3,-14.95,7.037,-157.2,-3.494,18.44,-69.13,-5.768,-0.9408,-76.51,1.126,-1.322,-74.08,18.86,-3.08,-71.87,-23.17,-3.051,-80.16,-3.963,1.072,-69.41,37.32,3.444,-68.65,-18.39,-5.047,-75.38,-30.31,3.772,-129.4,-83.98,-95.7,-197.8,-64.46,-137.7,-47.37,-303.7,62.02,-68.84,-401.4,-147.9,-157.2,-85.45,97.66,-262.2,-254.9,-57.13,-70.3,-449.2,77.63,-173.8,-109.9,-100.1,-144,-112.8,-113.3,-120.6,64.95,53.23,201.2,167.9,37.61,-27.39,8.722,6.763,-371.6,631.8,170.4,-386.7,96.66,95.74,-24.85,114.8,74.71,0.4693,-0.04492,0.8597,0.1937,-0.6084,0.1859,0.7209,-0.3817,0.2605,0.4502,-0.4762,0.2035,-0.4869,-0.52,-0.5684,-0.6628,-0.2539,-0.6178,-0.4557,-0.5302,-0.5913,0.7077,-0.1769,0.6706,0.6125,-0.09082,0.7796,0.5227,-0.5953,0.3005,0.3367,-0.7193,0.4613,-0.01453,-0.2706,-0.01361,-0.6899,-0.2788,-0.3453,-0.5255,-0.5336,-0.6027,-0.1285,-0.4584,-0.276
7.63,7.058,0.1887,7.251,6.257,1.124,-0.482,5.942,-4.169,21.74,1.108,21.72,-1.061,-0.9562,0.3188,-49.26,-32.04,1.298,0.4066,4.641,-2.235,57.06,35.79,17.47,35.65,-2.594,-0.284,-2.665,6.867,42.53,52.38,19.96,-13.04,-3.335,5.874,7.065,-6.517,-69.72,-12.1,0.2398,-20.07,6.767,6.877,-19.35,12.67,7,13.2,5.615,17.34,-102.5,-11.17,7.008,-103,-15.31,7.129,-156.8,-3.67,18.78,-69.27,-5.839,-0.9246,-76.64,1.069,-1.252,-74.24,18.7,-3.019,-72.03,-23.77,-3.056,-80.15,-4.147,1.026,-69,36.55,3.833,-68.79,-15.53,-4.29,-75.11,-28.87,4.736,-133.3,-98.15,-106.9,-207.5,-50.77,-127.4,-42.95,-306.2,66.89,-79.1,-411.1,-152.3,-151.8,-114.3,97.17,-272,-263.2,-70.8,-81.55,-449.7,63.47,-176.3,-93.74,-86.92,-160.2,-92.78,-121.1,-168.5,21,54.69,-8.308,163.1,16.6,10.36,-31.22,-23.98,-308.6,552.7,143.6,-293,181.2,22.97,176.8,85.97,97.7,0.4693,-0.04529,0.8596,0.1943,-0.6066,0.1856,0.724,-0.3803,0.2536,0.4555,-0.4717,0.199,-0.488,-0.5193,-0.57,-0.6615,-0.2529,-0.6211,-0.4554,-0.5298,-0.5943,0.7075,-0.1758,0.6712,0.6122,-0.08961,0.78,0.5213,-0.5956,0.3017,0.3348,-0.7201,0.4647,-0.0144,-0.2722,-0.01373,-0.6905,-0.2829,-0.3482,-0.5402,-0.5241,-0.591,-0.1386,-0.4468,-0.2778
7.64,7.014,0.1702,7.221,6.19,1.115,-0.2581,6.595,-4.405,21.94,1.212,21.92,-1.186,-0.873,0.2481,-48.74,-31.75,1.409,0.441,4.869,-2.217,56.74,35.91,17.45,34.87,-2.594,-0.3875,-2.69,7.272,43.03,48.53,20.41,-14.63,-3.218,6.593,6.931,-6.119,-69.67,-12.08,0.2415,-20.52,6.916,7.042,-19.69,13.46,7.189,13.14,6.009,18.19,-102.1,-11.26,7.069,-102.7,-15.63,7.2,-156.4,-3.871,19.06,-69.45,-5.889,-0.8911,-76.79,0.9824,-1.189,-74.33,18.59,-2.948,-72.14,-24.39,-3.04,-80.14,-4.313,0.9461,-68.67,35.65,4.163,-68.92,-12.62,-3.551,-74.8,-27.47,5.861,-148.4,-111.8,-125,-180.6,-15.13,-135.3,-22.95,-299.8,43.95,-78.6,-421.9,-125.5,-155.8,-150.9,101.1,-278.8,-258.3,-76.17,-85.44,-448.2,47.85,-190.4,-102.1,-84.96,-168,-82.51,-120.6,-170.4,40.06,-0.984,-145,70.83,45.89,41.43,-65.49,-13.22,-239.3,448.7,96.19,-180.2,233.9,37.07,417,-46.93,70.77,0.4694,-0.04548,0.8594,0.195,-0.6051,0.1853,0.7272,-0.379,0.2469,0.461,-0.4674,0.1946,-0.4892,-0.5184,-0.5714,-0.6605,-0.2518,-0.624,-0.4554,-0.5289,-0.5975,0.7076,-0.1745,0.6717,0.6118,-0.08832,0.7806,0.52,-0.5958,0.3023,0.3324,-0.7209,0.468,-0.01398,-0.2736,-0.01392,-0.6913,-0.2876,-0.3519,-0.5546,-0.5142,-0.5786,-0.1501,-0.4354,-0.2797
7.65,6.955,0.1562,7.204,6.111,1.087,-0.04812,7.252,-4.605,22.12,1.333,22.1,-1.321,-0.7662,0.1737,-48.27,-31.45,1.457,0.4942,5.047,-2.199,56.5,36.09,17.45,34.01,-2.607,-0.4414,-2.87,7.735,43.56,44.56,20.9,-16.26,-3.164,7.423,6.932,-5.858,-69.65,-12.04,0.2422,-20.94,7.042,7.218,-20,14.23,7.392,13.06,6.451,18.99,-101.8,-11.34,7.125,-102.4,-15.91,7.264,-156,-4.087,19.29,-69.64,-5.931,-0.8415,-76.95,0.8906,-1.113,-74.29,18.5,-2.824,-72.09,-25.01,-3.1,-80.14,-4.44,0.8675,-68.3,34.65,4.463,-68.91,-9.691,-2.884,-74.53,-26.11,7.123,-152.8,-113.3,-145,-148,-9.759,-175.3,1.471,-293.9,31.74,-57.12,-440.4,-124.5,-159.2,-174.3,87.4,-285.6,-252,-68.36,-93.73,-474.1,44.43,-202.6,-92.29,-32.71,-194.8,-62.51,-97.66,-208.5,17.11,9.268,-201.7,27.35,53.72,18.04,-41.93,-19.52,-185,364.3,60.07,-42.43,271,11.2,767.6,-180.7,-1.432,0.4697,-0.0456,0.8593,0.1953,-0.6035,0.185,0.7302,-0.3776,0.2406,0.4667,-0.4635,0.1904,-0.4904,-0.5175,-0.5728,-0.6597,-0.2508,-0.6266,-0.4555,-0.5276,-0.6007,0.7076,-0.173,0.6722,0.6114,-0.08686,0.7812,0.5184,-0.5961,0.3028,0.3292,-0.7225,0.4705,-0.01349,-0.2748,-0.01404,-0.6916,-0.2927,-0.3563,-0.5689,-0.5032,-0.5664,-0.1625,-0.4242,-0.281
7.66,6.962,0.1491,7.197,5.984,1.021,0.1471,7.912,-4.777,22.25,1.464,22.24,-1.461,-0.6015,0.08648,-47.87,-31.17,1.445,0.5495,5.184,-2.176,56.35,36.33,17.36,32.99,-2.624,-0.4334,-3.121,8.226,44.08,40.55,21.45,-17.78,-3.122,8.249,6.988,-5.884,-69.64,-11.98,0.2239,-21.3,7.125,7.416,-20.25,14.97,7.618,12.97,6.924,19.74,-101.5,-11.4,7.167,-102.1,-16.14,7.315,-155.5,-4.311,19.47,-69.82,-5.995,-0.7744,-77.12,0.8435,-1.032,-74.16,18.38,-2.681,-71.95,-25.65,-3.191,-80.12,-4.551,0.7747,-67.91,33.54,4.682,-68.76,-6.818,-2.295,-74.46,-24.7,8.446,-163.1,-103.5,-161.6,-135.8,4.389,-171.4,24.91,-294.4,23.92,-33.21,-469.7,-140.1,-182.1,-211.9,88.38,-295.9,-246.6,-70.32,-115.2,-488.8,32.72,-224.6,-97.66,-5.374,-252.9,-60.56,-115.2,-229.5,-24.41,46.88,-280.8,42.47,70.32,82.85,-4.438,-88.84,-161.6,254.4,43.45,70.75,286.2,-83.97,1130,-291,-178.7,0.4702,-0.04584,0.859,0.1951,-0.6018,0.1847,0.7333,-0.3762,0.2348,0.4724,-0.4599,0.1865,-0.4915,-0.5166,-0.574,-0.6591,-0.2497,-0.6289,-0.456,-0.5258,-0.604,0.7076,-0.1715,0.6727,0.6112,-0.08539,0.7815,0.5169,-0.5965,0.3036,0.3256,-0.7244,0.4728,-0.01288,-0.2758,-0.01428,-0.6913,-0.2982,-0.3616,-0.5826,-0.4914,-0.5547,-0.1747,-0.4128,-0.2804
7.67,7.047,0.1482,7.195,5.816,0.9485,0.3575,8.539,-4.884,22.34,1.646,22.34,-1.645,-0.4045,-0.001949,-47.55,-30.94,1.351,0.6154,5.296,-2.148,56.38,36.62,17.15,31.8,-2.613,-0.4048,-3.434,8.653,44.53,36.56,22.08,-19.12,-3.179,8.987,7.084,-6.191,-69.62,-11.88,0.1956,-21.57,7.179,7.629,-20.4,15.64,7.862,12.83,7.451,20.42,-101.3,-11.47,7.215,-101.9,-16.31,7.369,-155,-4.521,19.59,-70.01,-6.064,-0.708,-77.3,0.8673,-0.9676,-73.99,18.2,-2.509,-71.77,-26.27,-3.339,-80.13,-4.563,0.7224,-67.65,32.36,4.779,-68.62,-4.042,-1.77,-74.72,-23.21,9.72,-193.8,-100.1,-172.4,-137.7,2.926,-172.9,42.01,-307.6,9.277,-24.91,-509.3,-143.1,-200.7,-222.2,91.31,-311.5,-242.2,-52.25,-134.3,-511.7,25.38,-247.1,-97.66,-13.67,-288.1,-41.98,-157.2,-315.9,-115.2,99.6,-356.5,113.3,44.45,76.5,46.37,-161.1,-137.7,177.7,58.08,196.3,371.1,-101.1,1419,-426.2,-318.3,0.4709,-0.04621,0.8586,0.1944,-0.6003,0.1842,0.7361,-0.3748,0.2293,0.4784,-0.4566,0.1831,-0.4924,-0.5159,-0.5751,-0.6587,-0.2484,-0.6309,-0.4568,-0.5238,-0.6071,0.7075,-0.1699,0.6733,0.6116,-0.08399,0.7815,0.5155,-0.5968,0.305,0.322,-0.7266,0.4746,-0.01245,-0.276,-0.01434,-0.6904,-0.3041,-0.3675,-0.5952,-0.4796,-0.5432,-0.1852,-0.4012,-0.277
7.68,7.195,0.1258,7.15,5.626,0.8752,0.604,9.09,-4.938,22.37,1.888,22.37,-1.885,-0.2426,-0.09197,-47.29,-30.74,1.208,0.6707,5.408,-2.111,56.53,36.93,16.84,30.48,-2.627,-0.3187,-3.751,8.911,44.98,32.65,22.83,-20.21,-3.353,9.487,7.211,-6.762,-69.6,-11.73,0.1551,-21.79,7.251,7.808,-20.51,16.25,8.07,12.62,8.032,21.02,-101.1,-11.54,7.266,-101.7,-16.44,7.423,-154.6,-4.702,19.68,-70.24,-6.108,-0.6491,-77.48,0.9818,-0.8997,-73.82,18.01,-2.36,-71.55,-26.9,-3.551,-80.15,-4.482,0.7202,-67.59,31.15,4.692,-68.59,-1.383,-1.245,-75.4,-21.59,10.83,-194.3,-96.2,-182.6,-164.1,-12.2,-143.6,51.74,-332,9.771,-35.17,-525.9,-137.2,-226.5,-231,84.97,-316.4,-229.5,-41.5,-154.3,-525.9,20.02,-280.7,-80.56,-27.83,-295.9,-39.55,-163.1,-332,-63.49,57.13,-467.8,31.74,-23.44,43.1,31.68,-79.16,-159.2,96.69,55.68,314.5,461.5,-46.42,1659,-326.2,-509.3,0.472,-0.04669,0.858,0.1934,-0.599,0.1831,0.7388,-0.3734,0.2244,0.4847,-0.4536,0.1802,-0.4931,-0.5154,-0.5761,-0.6586,-0.247,-0.6326,-0.4577,-0.5216,-0.6099,0.7076,-0.1682,0.6738,0.6125,-0.08265,0.781,0.5143,-0.5971,0.3064,0.3184,-0.729,0.4762,-0.01227,-0.2753,-0.01416,-0.6888,-0.3101,-0.3738,-0.6064,-0.4689,-0.5314,-0.193,-0.3892,-0.2701
7.69,7.411,0.07431,7.097,5.448,0.8297,0.8601,9.587,-4.935,22.36,2.133,22.36,-2.127,-0.1679,-0.157,-47,-30.54,1.044,0.7192,5.518,-2.063,56.73,37.22,16.41,29.07,-2.66,-0.0956,-4.103,8.956,45.39,28.95,23.61,-21.01,-3.607,9.718,7.37,-7.569,-69.61,-11.58,0.1267,-22.08,7.355,7.905,-20.71,16.85,8.194,12.32,8.673,21.53,-100.9,-11.63,7.307,-101.5,-16.53,7.467,-154.1,-4.856,19.7,-70.5,-6.141,-0.6044,-77.68,1.176,-0.8265,-73.63,17.79,-2.219,-71.29,-27.53,-3.824,-80.2,-4.367,0.7453,-67.8,29.97,4.342,-68.73,1.106,-0.7206,-76.51,-19.82,11.69,-178.7,-87.4,-163.6,-189.9,-37.11,-140.1,5.851,-376.9,23.44,-50.29,-512.2,-147.9,-254.9,-227,88.87,-355,-246.1,-22.95,-189.4,-545.9,20.02,-293,-68.86,-66.4,-308.1,-62.99,-157.7,-292.5,121.1,-19.52,-332,23.9,35.63,-34.08,-7.804,-27.82,-230.5,4.861,90.81,362.8,523.9,-74.22,1724,-104.1,-699.2,0.4731,-0.047,0.8575,0.1926,-0.5982,0.1818,0.7414,-0.3718,0.2199,0.4914,-0.4509,0.1782,-0.4936,-0.515,-0.5771,-0.6587,-0.2454,-0.6341,-0.4589,-0.5194,-0.6124,0.7079,-0.1663,0.6743,0.614,-0.08118,0.7801,0.5135,-0.5975,0.3083,0.3149,-0.7317,0.4774,-0.01221,-0.2744,-0.01373,-0.6864,-0.3158,-0.3808,-0.616,-0.4597,-0.5193,-0.1974,-0.3771,-0.2596
7.7,7.706,0.03227,7.016,5.26,0.7962,1.139,10.01,-4.843,22.36,2.405,22.36,-2.396,-0.1671,-0.2054,-46.73,-30.34,0.8839,0.7532,5.604,-2.02,57.01,37.5,15.9,27.58,-2.696,0.1688,-4.406,8.747,45.84,25.45,24.42,-21.56,-3.833,9.712,7.454,-8.426,-69.66,-11.43,0.11,-22.39,7.503,7.969,-20.94,17.42,8.283,11.91,9.33,21.97,-100.7,-11.74,7.355,-101.4,-16.54,7.513,-153.7,-4.948,19.68,-70.83,-6.181,-0.5572,-77.93,1.442,-0.7681,-73.53,17.56,-2.116,-71.11,-28.21,-4.083,-80.26,-4.274,0.7551,-68.34,28.81,3.794,-69.17,3.406,-0.189,-77.95,-17.98,12.27,-154.3,-92.78,-117.7,-223.6,-71.29,-149.4,-39.55,-394,71.29,-67.88,-484.4,-148.9,-266.1,-232.4,96.68,-375,-252,-22.46,-214.9,-544.9,26.86,-292,-49.81,-81.05,-300.8,-111.8,-131.3,-179.2,250.5,-51.77,27.85,86.45,-88.35,-129.3,-8.263,99.6,-265.1,-91.83,124,424.8,628.9,-128.9,1631,250,-897.5,0.4743,-0.04706,0.857,0.1924,-0.5975,0.1805,0.7441,-0.3701,0.2161,0.4983,-0.4482,0.1771,-0.4937,-0.5149,-0.578,-0.6591,-0.2437,-0.6352,-0.4604,-0.5174,-0.6142,0.7081,-0.164,0.6749,0.6161,-0.07966,0.7788,0.5129,-0.5977,0.3103,0.3115,-0.7341,0.4792,-0.01202,-0.2736,-0.01324,-0.6834,-0.3216,-0.3878,-0.6236,-0.4529,-0.5064,-0.1985,-0.3649,-0.2463
7.71,8.102,-0.01986,6.936,4.988,0.7868,1.454,10.45,-4.694,22.31,2.715,22.31,-2.704,-0.1955,-0.2433,-46.42,-30.18,0.7829,0.7715,5.635,-1.978,57.32,37.76,15.32,26.04,-2.729,0.3873,-4.648,8.287,46.3,22.17,25.18,-22.01,-3.94,9.652,7.455,-9.143,-69.71,-11.25,0.1044,-22.74,7.663,8.008,-21.22,18.01,8.348,11.41,9.975,22.33,-100.6,-11.85,7.416,-101.3,-16.51,7.571,-153.3,-4.977,19.63,-71.2,-6.275,-0.5174,-78.21,1.754,-0.7119,-73.55,17.29,-2.037,-71.07,-28.93,-4.237,-80.33,-4.257,0.7496,-69.2,27.65,3.17,-69.89,5.506,0.2912,-79.54,-16.24,12.64,-115.2,-102,-118.2,-239.8,-101.1,-169.4,-89.83,-416.5,74.22,-93.75,-463.4,-153.3,-262.2,-232.4,99.12,-374.5,-263.2,-30.28,-217.8,-546.4,36.63,-297.8,-65.42,-87.9,-273.4,-169.4,-132.3,-70.81,401.4,-72.75,370.6,122.6,-64.97,-147,48.36,173.4,-186.5,-179.7,149.9,475.1,748.5,-144.5,1394,779.8,-939,0.4757,-0.04706,0.8563,0.1925,-0.5969,0.1794,0.7471,-0.3683,0.2125,0.5053,-0.4455,0.1769,-0.4938,-0.5151,-0.5787,-0.6597,-0.2421,-0.6358,-0.462,-0.5155,-0.6155,0.7081,-0.1614,0.6758,0.6184,-0.07794,0.7773,0.5122,-0.598,0.3126,0.3084,-0.7359,0.4819,-0.01178,-0.2735,-0.01264,-0.6797,-0.3283,-0.3942,-0.6289,-0.4485,-0.4933,-0.1977,-0.3538,-0.2319
7.72,8.544,-0.06826,6.86,4.679,0.7935,1.766,10.95,-4.481,22.22,3.05,22.22,-3.039,-0.2255,-0.2586,-46.14,-30.02,0.7317,0.7613,5.638,-1.929,57.64,38,14.71,24.49,-2.764,0.6668,-4.88,7.668,46.8,19.12,25.86,-22.54,-3.977,9.782,7.385,-9.543,-69.81,-11.05,0.1155,-23.12,7.786,8.032,-21.51,18.62,8.4,10.87,10.61,22.65,-100.6,-11.98,7.479,-101.2,-16.42,7.628,-153,-4.946,19.53,-71.61,-6.39,-0.4756,-78.54,2.09,-0.6597,-73.62,17.03,-1.97,-71.11,-29.69,-4.316,-80.39,-4.344,0.7518,-70.28,26.51,2.432,-70.82,7.403,0.6858,-80.96,-14.81,13.04,-95.2,-123,-103.5,-253.4,-116.2,-161.6,-100.1,-411.6,86.91,-118.2,-459.5,-139.2,-247.6,-226.1,80.57,-360.4,-280.3,-46.39,-194.3,-523.9,43.94,-282.2,-87.41,-120.6,-250.5,-237.3,-172.8,-4.87,366.2,-29.3,565.9,146.5,-112.3,-91.2,67.33,124,-131.4,-265.1,38.11,555.2,882.3,-145.5,1224,1151,-1011,0.4772,-0.04676,0.8557,0.1925,-0.5964,0.1787,0.7502,-0.3665,0.2092,0.5121,-0.4427,0.1771,-0.4934,-0.5155,-0.5793,-0.6604,-0.2406,-0.6361,-0.4639,-0.5138,-0.6162,0.708,-0.1585,0.677,0.621,-0.076,0.7757,0.5113,-0.5984,0.3147,0.3052,-0.7372,0.4853,-0.01178,-0.2742,-0.01215,-0.6748,-0.3355,-0.4003,-0.6323,-0.4459,-0.4803,-0.1976,-0.345,-0.2187
7.73,8.97,-0.1313,6.735,4.355,0.8238,2.1,11.46,-4.23,22.08,3.398,22.08,-3.388,-0.2868,-0.2637,-45.85,-29.87,0.7013,0.7324,5.63,-1.869,57.94,38.22,14.16,23.03,-2.817,1.061,-5.113,7.08,47.37,16.39,26.49,-23.26,-4.027,10.17,7.31,-9.624,-69.96,-10.85,0.1447,-23.54,7.893,8.022,-21.86,19.24,8.419,10.32,11.24,22.94,-100.6,-12.11,7.551,-101.2,-16.3,7.693,-152.7,-4.862,19.39,-72.1,-6.511,-0.4354,-78.89,2.406,-0.5893,-73.71,16.81,-1.899,-71.18,-30.48,-4.376,-80.45,-4.505,0.7944,-71.31,25.44,1.659,-71.71,9.059,1.021,-82.04,-13.82,13.62,-110.9,-141.1,-100.1,-237.3,-114.3,-158.7,-84.47,-387.7,95.21,-140.1,-459.5,-120.1,-220.7,-217.8,105.5,-345.2,-307.6,-62.01,-168,-514.6,36.14,-276.8,-119.1,-139.7,-202.6,-248,-251.5,-62.01,202.6,-22.95,454.6,109.9,-85.93,-46.44,39.48,58.56,-65.43,-348.1,-5.856,734.3,946.3,-229,1292,1315,-1058,0.4788,-0.04615,0.8551,0.1927,-0.596,0.1785,0.7535,-0.3649,0.2063,0.5189,-0.44,0.1776,-0.4929,-0.5161,-0.5797,-0.6613,-0.2394,-0.6359,-0.466,-0.5123,-0.6164,0.708,-0.1552,0.6782,0.6234,-0.07379,0.7742,0.51,-0.5988,0.3163,0.3019,-0.7385,0.489,-0.01221,-0.2755,-0.01154,-0.6686,-0.3427,-0.406,-0.6348,-0.4441,-0.4685,-0.2,-0.3391,-0.2084
7.74,9.205,-0.2282,6.58,4.15,0.9036,2.423,12.02,-3.981,21.9,3.731,21.89,-3.721,-0.3905,-0.2644,-45.53,-29.71,0.6894,0.7107,5.614,-1.785,58.11,38.43,13.77,21.69,-2.873,1.436,-5.417,6.656,48.09,13.98,27.16,-24.05,-4.089,10.9,7.305,-9.472,-70.16,-10.64,0.2074,-24.05,7.978,7.967,-22.29,19.88,8.393,9.793,11.85,23.21,-100.6,-12.2,7.637,-101.2,-16.15,7.773,-152.5,-4.749,19.22,-72.61,-6.511,-0.4163,-79.25,2.654,-0.4955,-73.73,16.67,-1.78,-71.17,-31.34,-4.451,-80.52,-4.697,0.85,-72.14,24.4,1.04,-72.43,10.42,1.227,-82.68,-13.23,14.41,-151.4,-149.4,-91.79,-213.9,-88.38,-157.7,-57.63,-354.5,92.78,-143.5,-431.6,-93.75,-202.1,-214.4,119.6,-326.2,-327.6,-85.45,-141.6,-493.2,31.26,-259.7,-130.4,-148.4,-182.1,-218.7,-278.3,-231,-13.66,62.02,192.8,93.29,-19.03,-19.38,5.815,-22.9,-14.66,-387.7,-99.12,624,981.9,-160.1,1496,1231,-1219,0.4806,-0.04511,0.8545,0.1932,-0.5958,0.1788,0.7568,-0.3633,0.2037,0.5254,-0.4374,0.178,-0.4925,-0.517,-0.5798,-0.6623,-0.2385,-0.6353,-0.468,-0.511,-0.6161,0.7087,-0.1519,0.6787,0.6253,-0.07135,0.7731,0.5089,-0.5988,0.3175,0.2979,-0.74,0.4926,-0.01276,-0.277,-0.0108,-0.662,-0.3504,-0.4109,-0.6365,-0.4422,-0.459,-0.2052,-0.3358,-0.2016
7.75,9.207,-0.359,6.38,4.079,1.039,2.721,12.55,-3.759,21.7,4.037,21.69,-4.028,-0.5236,-0.2628,-45.22,-29.57,0.6695,0.7069,5.581,-1.673,58.19,38.63,13.53,20.54,-2.963,1.701,-5.631,6.355,48.94,11.97,27.89,-24.73,-4.104,11.84,7.263,-9.153,-70.39,-10.43,0.2935,-24.57,8.055,7.9,-22.75,20.48,8.353,9.343,12.43,23.46,-100.7,-12.27,7.731,-101.3,-15.99,7.859,-152.4,-4.642,19.03,-73.14,-6.377,-0.4384,-79.57,2.803,-0.3946,-73.8,16.58,-1.711,-71.22,-32.27,-4.482,-80.59,-4.897,0.898,-72.8,23.42,0.62,-73.01,11.46,1.341,-82.98,-12.87,15.32,-168.9,-130.4,-81.55,-186,-41.5,-179.2,-30.27,-315.9,96.67,-147,-433.6,-61.03,-168.5,-187.5,126,-317.9,-340.8,-94.73,-133.8,-472.2,20.5,-257.3,-128.4,-176.8,-147,-133.3,-243.2,-356,-143.6,-39.07,-113.3,81.56,32.21,31.74,-13.16,-39.04,85.44,-390.1,-248.1,478.1,981.5,-123.1,1645,914.1,-1364,0.4823,-0.04376,0.8539,0.1942,-0.5956,0.1796,0.76,-0.3619,0.2016,0.5313,-0.4351,0.1781,-0.492,-0.518,-0.5795,-0.6632,-0.2382,-0.6344,-0.4698,-0.5097,-0.6156,0.7102,-0.1489,0.6785,0.6266,-0.06897,0.7724,0.5083,-0.5987,0.3184,0.2936,-0.7414,0.4969,-0.01325,-0.2786,-0.01007,-0.656,-0.3581,-0.4147,-0.6375,-0.4409,-0.4518,-0.2123,-0.3338,-0.1976
7.76,9.036,-0.4393,6.133,4.079,1.149,2.989,13.06,-3.563,21.46,4.323,21.45,-4.315,-0.6293,-0.271,-44.93,-29.43,0.6149,0.7201,5.543,-1.557,58.16,38.8,13.4,19.54,-2.996,1.823,-5.702,6.201,49.85,10.39,28.67,-25.11,-4.089,12.75,7.137,-8.879,-70.64,-10.21,0.3764,-25.1,8.093,7.829,-23.21,21.02,8.307,9.006,12.95,23.7,-100.9,-12.3,7.815,-101.4,-15.82,7.937,-152.3,-4.543,18.82,-73.66,-6.16,-0.4477,-79.83,2.858,-0.3176,-73.97,16.5,-1.651,-71.36,-33.26,-4.479,-80.67,-5.093,0.9406,-73.24,22.49,0.3979,-73.42,12.1,1.443,-83.14,-12.62,16.22,-158.7,-101.1,-75.69,-165,-0.981,-179.2,-5.851,-272,98.15,-126,-423.3,-17.09,-133.3,-162.6,119.6,-304.7,-348.6,-93.26,-132.8,-459,22.95,-248.5,-83.02,-165.5,-74.23,-46.39,-189.5,-401.9,-173.4,-34.18,-308.1,57.59,1.93,-31.74,-10.71,14.6,50.77,-427.3,-398.4,267.5,936.1,-122.1,1594,553.7,-1552,0.4841,-0.04236,0.8533,0.1953,-0.5954,0.1811,0.7628,-0.3605,0.1999,0.5363,-0.4333,0.1777,-0.4915,-0.519,-0.579,-0.664,-0.2384,-0.6332,-0.4713,-0.5086,-0.6149,0.7121,-0.1459,0.6776,0.6272,-0.06702,0.7723,0.5081,-0.5983,0.3195,0.2895,-0.7424,0.5018,-0.01367,-0.2802,-0.009278,-0.6508,-0.3655,-0.4178,-0.638,-0.4404,-0.4469,-0.2196,-0.3323,-0.1947
7.77,8.768,-0.4615,5.919,4.111,1.22,3.19,13.51,-3.437,21.17,4.569,21.16,-4.56,-0.7124,-0.2958,-44.63,-29.35,0.5293,0.7184,5.487,-1.427,58,38.95,13.25,18.66,-2.925,1.796,-5.831,6.206,50.71,9.277,29.46,-25.16,-4.084,13.44,7.079,-8.843,-70.87,-9.96,0.4437,-25.63,8.114,7.75,-23.69,21.5,8.249,8.79,13.41,23.9,-101,-12.26,7.876,-101.5,-15.66,7.995,-152.3,-4.44,18.59,-74.09,-5.882,-0.4459,-80.05,2.872,-0.2842,-74.05,16.36,-1.522,-71.44,-34.27,-4.496,-80.76,-5.297,0.9853,-73.47,21.63,0.3559,-73.64,12.35,1.569,-83.37,-12.41,16.99,-121.1,-75.68,-77.15,-140.1,24.9,-163.6,17.59,-242.2,105,-104.5,-439.9,0.9815,-116.2,-159.2,86.92,-289.1,-343.3,-110.3,-119.1,-451.7,20.02,-234.4,-39.07,-143.6,21.97,19.05,-124,-404.8,-104,-53.7,-275.4,108.4,-50.3,-103.6,22.49,70.86,33.68,-415,-351.1,112.3,923.4,-135.2,1231,490.2,-1607,0.4862,-0.04114,0.8526,0.1968,-0.5953,0.183,0.7652,-0.3596,0.1986,0.5405,-0.4321,0.1769,-0.4913,-0.5198,-0.5781,-0.6646,-0.2391,-0.6317,-0.4727,-0.5077,-0.614,0.7143,-0.1434,0.6763,0.6274,-0.06562,0.7723,0.5085,-0.5975,0.3218,0.285,-0.7436,0.5064,-0.0141,-0.2818,-0.008423,-0.6465,-0.3726,-0.4202,-0.6383,-0.4409,-0.4442,-0.2255,-0.3313,-0.1915
7.78,8.49,-0.4141,5.795,4.108,1.249,3.297,13.89,-3.349,20.84,4.783,20.83,-4.772,-0.7575,-0.3254,-44.36,-29.34,0.4181,0.7213,5.434,-1.331,57.76,39.05,13.03,17.86,-2.779,1.593,-5.963,6.409,51.51,8.575,30.2,-25.04,-4.059,13.94,7.039,-9.21,-71.07,-9.681,0.4906,-26.1,8.113,7.675,-24.12,21.87,8.191,8.694,13.77,24.07,-101.2,-12.16,7.907,-101.7,-15.48,8.021,-152.3,-4.339,18.36,-74.39,-5.607,-0.4326,-80.23,2.866,-0.3112,-74.1,16.13,-1.391,-71.51,-35.29,-4.501,-80.84,-5.576,1.033,-73.48,20.81,0.5073,-73.65,12.23,1.707,-83.82,-12.36,17.71,-113.3,-80.08,-92.29,-129.9,43.94,-169.4,26.87,-226.1,98.15,-90.32,-444.3,16.6,-95.2,-142.6,80.07,-256.8,-332,-116.2,-93.73,-445.3,14.16,-157.2,11.73,-147,89.35,120.1,-103.5,-308.1,0.4863,-45.42,-112.3,138.6,-58.13,-34.74,111.9,50.26,38.58,-481.4,-179.2,41.52,882.3,-74.22,828.2,563.5,-1532,0.4884,-0.04023,0.8517,0.1982,-0.5951,0.185,0.7671,-0.3587,0.1977,0.5435,-0.4314,0.1758,-0.491,-0.5205,-0.5769,-0.6653,-0.2402,-0.63,-0.4736,-0.5071,-0.6128,0.7164,-0.1416,0.6748,0.6275,-0.06482,0.7725,0.5093,-0.5965,0.325,0.2802,-0.7448,0.5111,-0.01465,-0.2841,-0.007569,-0.643,-0.3796,-0.4218,-0.6385,-0.442,-0.4438,-0.2304,-0.3321,-0.187
7.79,8.259,-0.3382,5.736,4.057,1.276,3.32,14.18,-3.331,20.48,4.942,20.47,-4.929,-0.795,-0.3576,-44.11,-29.39,0.2982,0.7124,5.394,-1.262,57.45,39.13,12.78,17.09,-2.592,1.231,-6.074,6.728,52.28,8.19,30.91,-24.98,-4.118,14.44,7.024,-9.878,-71.25,-9.396,0.5256,-26.53,8.095,7.585,-24.53,22.14,8.111,8.697,14.05,24.21,-101.4,-12.01,7.91,-101.9,-15.31,8.022,-152.4,-4.245,18.16,-74.59,-5.373,-0.4362,-80.37,2.862,-0.3871,-74.15,15.87,-1.279,-71.55,-36.32,-4.531,-80.94,-5.895,1.151,-73.33,20,0.8065,-73.53,11.82,1.838,-84.45,-12.64,18.55,-82.51,-64.45,-88.87,-118.2,51.75,-152.8,30.27,-222.6,84.48,-83.5,-459.5,37.11,-85.44,-140.1,76.66,-238.8,-316.4,-113.3,-100.1,-454.1,24.41,-60.06,49.32,-157.7,104,130.9,-122.1,-183.6,70.79,-5.872,41.54,18.57,-59.07,1.336,51.72,47.8,47.85,-532.3,-42.5,24.91,758.3,-62.54,1410,29.73,-774.9,0.4906,-0.03949,0.8507,0.1996,-0.5951,0.1871,0.7684,-0.3582,0.1972,0.5456,-0.4311,0.1744,-0.4909,-0.5211,-0.5754,-0.6659,-0.2414,-0.6282,-0.4742,-0.5069,-0.6114,0.718,-0.1406,0.6735,0.6275,-0.06458,0.7726,0.5108,-0.5953,0.3288,0.2753,-0.746,0.5157,-0.01581,-0.2866,-0.00647,-0.6408,-0.3861,-0.4231,-0.6384,-0.4439,-0.4453,-0.2353,-0.3358,-0.1815
7.8,8.133,-0.273,5.714,3.931,1.329,3.303,14.38,-3.362,20.09,5.046,20.08,-5.031,-0.8409,-0.3842,-43.85,-29.45,0.191,0.6818,5.345,-1.23,57.04,39.1,12.5,16.36,-2.359,0.8585,-6.281,7.055,53.07,8.137,31.61,-25.2,-4.281,14.56,7.095,-10.89,-71.4,-9.105,0.5559,-26.94,8.067,7.468,-24.94,22.32,7.996,8.771,14.22,24.28,-101.6,-11.81,7.875,-102.1,-15.14,7.986,-152.6,-4.128,17.97,-74.72,-5.209,-0.4702,-80.49,2.889,-0.488,-74.09,15.61,-1.122,-71.46,-37.36,-4.663,-81.03,-6.251,1.307,-73.16,19.27,1.093,-73.39,11.13,1.973,-85.45,-13.42,19.22,-75.19,-71.78,-83.01,-130.9,39.07,-132.8,16.61,-225.6,93.26,-79.6,-472.2,42.48,-86.91,-127.9,64.94,-223.6,-290,-107.4,-89.36,-437,26.38,12.71,71.29,-120.1,100.1,81.06,-62,-98.64,138.2,-51.26,156.2,-80.55,-59.56,-25.72,-35.2,72.24,-25.41,-461,68.85,18.54,707,-201.1,1080,-3169,-741.3,0.4929,-0.03888,0.8497,0.2011,-0.5954,0.1892,0.7691,-0.3578,0.1972,0.5465,-0.4314,0.1732,-0.4911,-0.5213,-0.5738,-0.6664,-0.2426,-0.6264,-0.4744,-0.5072,-0.6097,0.7191,-0.14,0.6726,0.6277,-0.06464,0.7726,0.5124,-0.594,0.3327,0.27,-0.7478,0.5196,-0.01733,-0.2893,-0.00531,-0.64,-0.3909,-0.4249,-0.6377,-0.4469,-0.4479,-0.2373,-0.3443,-0.1742
7.81,8.068,-0.1987,5.642,3.735,1.411,3.288,14.51,-3.408,19.68,5.119,19.66,-5.105,-0.8851,-0.387,-43.61,-29.51,0.08998,0.6448,5.293,-1.249,56.6,39,12.21,15.73,-2.08,0.5489,-6.403,6.897,53.91,8.439,32.3,-24.93,-4.388,11.11,7.146,-12.2,-71.53,-8.8,0.5918,-27.32,8.023,7.35,-25.33,22.41,7.876,8.886,14.31,24.3,-101.8,-11.59,7.803,-102.3,-14.96,7.913,-152.9,-4.001,17.81,-74.84,-5.103,-0.5243,-80.55,2.919,-0.6156,-74.05,15.33,-0.9723,-71.4,-38.47,-4.761,-81.14,-6.67,1.448,-73.44,18.66,1.133,-73.7,10.22,2.228,-87.23,-13.88,16.49,-46.38,-63.97,-101.1,-138.7,24.9,-116.7,5.36,-239.8,95.21,-70.31,-484.4,48.83,-79.1,-126,72.27,-207.5,-269.5,-89.85,-85.44,-430.7,34.18,43.94,101.6,-82.52,65.43,21,5.867,-126,229.5,-41.99,283.7,-20.01,-40.54,-115.3,48.36,134.3,-88.36,-349.6,244.1,-384.8,280.7,-789.5,4818,-921.8,856.5,0.4953,-0.03833,0.8486,0.2024,-0.5956,0.1914,0.7694,-0.3575,0.1975,0.5467,-0.432,0.1722,-0.4913,-0.5212,-0.5722,-0.667,-0.2437,-0.6245,-0.4743,-0.5079,-0.6078,0.7198,-0.1397,0.672,0.6278,-0.06525,0.7725,0.5141,-0.5926,0.3368,0.2644,-0.7495,0.5239,-0.0188,-0.2926,-0.004151,-0.6398,-0.3941,-0.4272,-0.635,-0.4539,-0.4491,-0.2085,-0.3501,-0.1644
7.82,8.077,-0.1173,5.492,3.488,1.508,3.25,14.61,-3.473,19.23,5.13,19.21,-5.115,-0.9234,-0.3796,-43.39,-29.56,0.03308,0.5912,5.237,-1.329,56.13,38.84,11.92,15.17,-1.752,0.211,-6.273,6.162,54.82,8.975,32.89,-22.31,-4.384,6.187,7.023,-12.24,-71.66,-8.501,0.6262,-27.68,7.944,7.21,-25.72,22.44,7.729,9.017,14.31,24.26,-101.9,-11.32,7.687,-102.4,-14.76,7.795,-153.2,-3.866,17.67,-74.93,-5.054,-0.5931,-80.5,2.963,-0.7624,-74.18,15.07,-0.8603,-71.56,-39.65,-4.694,-81.19,-7.235,1.613,-74.23,18.13,1.008,-74.54,9.167,2.82,-88.15,-12.21,11.8,14.15,-51.27,-88.87,-58.59,30.76,-104.5,10.26,-239.3,91.8,-48.83,-494.6,63.97,-60.54,-133.3,36.62,-186.5,-252.4,-85.45,-55.65,-402.4,36.14,33.71,128.4,17.57,60.05,-10.26,110.8,-139.7,309.6,-89.35,383.8,51.26,-65.91,-177.7,-86,288.5,-10.25,-255.8,308.1,274.5,-446.8,-152.8,1840,4131,-676.7,0.4976,-0.03778,0.8475,0.2037,-0.5961,0.1937,0.7693,-0.3576,0.1981,0.546,-0.4329,0.1715,-0.4918,-0.5206,-0.5707,-0.6677,-0.2443,-0.6227,-0.4742,-0.5088,-0.6057,0.7202,-0.1395,0.6718,0.628,-0.06653,0.7723,0.5155,-0.5913,0.3407,0.2589,-0.7502,0.5295,-0.02075,-0.2971,-0.003296,-0.6401,-0.3964,-0.4294,-0.6311,-0.4656,-0.4468,-0.1681,-0.335,-0.1602
7.83,8.063,-0.01302,5.317,3.222,1.631,3.116,14.7,-3.522,18.73,5.085,18.71,-5.074,-0.9568,-0.3385,-43.11,-29.58,0.004852,0.504,5.181,-1.453,55.58,38.65,11.75,14.74,-1.322,-0.1921,-5.975,5.855,55.87,9.859,33.34,-16.03,-4.192,3.837,6.841,-11.34,-71.79,-8.21,0.6749,-28.1,7.812,7.032,-26.18,22.4,7.538,9.133,14.23,24.17,-102.1,-11.02,7.528,-102.5,-14.51,7.633,-153.5,-3.698,17.51,-74.93,-5.031,-0.6811,-80.35,2.956,-0.9447,-74.37,14.86,-0.7198,-71.87,-40.91,-4.487,-81.25,-7.999,1.712,-74.45,17.68,1.07,-74.83,7.832,3.236,-87.16,-7.378,8.626,69.34,-46.39,-99.12,56.17,15.63,-101.6,50.76,-229,85.94,9.292,-522,65.43,-17.58,-143.6,1.469,-136.7,-250,-88.37,2.429,-377.9,48.34,42.48,124,62.99,10.74,1.953,95.22,-130.9,325.7,-122.1,575.2,118.6,-38.55,-295.3,-30.76,379.8,45.42,-224.6,266.1,1031,-1328,-787.6,-3521,1883,2932,0.4998,-0.03711,0.8464,0.205,-0.5968,0.1968,0.7688,-0.3577,0.1992,0.5448,-0.4339,0.1714,-0.4923,-0.5197,-0.5692,-0.6687,-0.2444,-0.6208,-0.4742,-0.5098,-0.6034,0.7203,-0.14,0.6717,0.6278,-0.06867,0.7723,0.5163,-0.5899,0.344,0.2533,-0.7502,0.5361,-0.0224,-0.3032,-0.002503,-0.6418,-0.3972,-0.432,-0.6279,-0.4749,-0.4489,-0.1493,-0.2919,-0.1664
7.84,8.004,0.03593,5.202,2.957,1.786,2.854,14.76,-3.564,18.23,4.997,18.21,-4.991,-0.927,-0.2594,-42.97,-29.63,-0.03308,0.3743,5.094,-1.59,55.2,38.53,11.71,14.38,-0.8792,-0.7414,-5.638,5.307,57.07,10.61,33.56,-12.87,-3.891,4.687,6.634,-10.04,-71.94,-7.93,0.7334,-28.4,7.619,6.928,-26.5,22.26,7.422,9.208,14.08,24.01,-102.2,-10.71,7.334,-102.7,-14.25,7.435,-153.8,-3.52,17.32,-74.81,-5.018,-0.8007,-80.13,2.897,-1.102,-74.53,14.73,-0.5404,-72.2,-42.26,-4.208,-81.26,-9.07,1.782,-74.86,17.23,1.238,-75.25,6.637,2.911,-85.98,-5.618,8.636,113.3,-14.65,-67.38,69.83,-16.11,-139.6,135.3,-188.5,83.5,107.4,-530.3,57.13,13.19,-147,-46.88,-92.27,-267.6,-95.21,54.68,-376.5,49.31,54.7,106.9,108.4,-109.4,116.2,52.26,-33.19,417.5,-126.5,808.6,211.9,-43.96,-284.3,-20.96,449.3,13.67,-140.6,-87.88,779.8,-1877,-508.3,-551.7,-3035,25.86,0.502,-0.03632,0.8454,0.2063,-0.5971,0.2005,0.7679,-0.3582,0.2009,0.5432,-0.435,0.1719,-0.4927,-0.5187,-0.5675,-0.6698,-0.2443,-0.6188,-0.4745,-0.5105,-0.6011,0.7201,-0.1414,0.6716,0.6272,-0.07093,0.7725,0.517,-0.5883,0.3468,0.247,-0.7501,0.5431,-0.02429,-0.312,-0.002075,-0.647,-0.3958,-0.4353,-0.6214,-0.4815,-0.4543,-0.1541,-0.2759,-0.1739
7.85,7.885,0.0174,5.182,2.757,1.981,2.486,14.71,-3.592,17.79,4.847,17.78,-4.846,-0.8599,-0.126,-42.97,-29.77,-0.0913,0.2161,5.012,-1.75,55.02,38.5,11.75,13.99,-0.4757,-1.586,-5.285,4.955,58.4,11.07,33.5,-9.821,-3.53,3.469,6.375,-9.837,-72.07,-7.674,0.811,-28.53,7.39,6.904,-26.65,21.98,7.386,9.22,13.87,23.78,-102.5,-10.38,7.107,-102.9,-13.94,7.203,-154,-3.343,17.1,-74.57,-4.962,-0.9526,-79.89,2.822,-1.228,-74.69,14.67,-0.3632,-72.55,-43.66,-3.886,-81.2,-10.47,1.839,-75.03,16.72,1.799,-75.44,5.661,2.386,-85.7,-3.685,6.524,127.9,14.65,-18.55,-5.362,-18.55,-83.01,207,-146,83.01,176.3,-508.8,56.64,58.12,-131.8,-59.08,-40.53,-277.3,-101.6,109.9,-372.1,58.1,89.34,101.6,91.8,-118.6,87.39,29.29,136.7,457,-43.45,921.4,165.1,-89.34,-228.2,12.7,563,62.01,-42,-587.9,336.9,-1413,-342.7,-1503,-1594,-414.5,0.5041,-0.0354,0.8444,0.2078,-0.597,0.2046,0.7667,-0.3588,0.2034,0.5412,-0.4361,0.1734,-0.4928,-0.5179,-0.5656,-0.671,-0.244,-0.6167,-0.475,-0.511,-0.5988,0.7201,-0.1437,0.6711,0.6264,-0.07306,0.7728,0.5173,-0.5868,0.3488,0.2402,-0.7498,0.5504,-0.02667,-0.3233,-0.002197,-0.6559,-0.3932,-0.4387,-0.6156,-0.4851,-0.4607,-0.1387,-0.2578,-0.1777
7.86,7.73,-0.01474,5.293,2.608,2.187,2.052,14.64,-3.621,17.33,4.637,17.32,-4.637,-0.7813,0.04165,-42.93,-30,-0.0838,0.0319,4.923,-1.918,54.84,38.56,11.89,13.73,-0.07802,-2.409,-5.203,4.602,59.86,11.4,33.07,-7.711,-3.228,1.275,6.219,-9.39,-72.19,-7.449,0.901,-28.69,7.111,6.858,-26.83,21.64,7.324,9.183,13.57,23.48,-102.8,-10.01,6.858,-103.2,-13.61,6.949,-154.3,-3.166,16.85,-74.26,-4.884,-1.109,-79.71,2.732,-1.35,-74.61,14.69,-0.11,-72.65,-45.11,-3.696,-81.07,-12.3,1.904,-75.24,16.32,2.357,-75.69,4.934,2.041,-85.35,-2.402,3.735,123.5,55.17,16.11,-42.96,14.65,0,232.4,-128.4,99.61,161.6,-467.3,97.66,85.94,-94.23,-48.83,5.853,-292.5,-117.7,150.9,-365.2,69.83,111.3,13.18,10.26,-33.7,45.89,198.2,222.2,477.1,34.18,1114,77.17,-185,-262.6,60.6,835.4,186.5,166.5,-987.8,-51.3,-920.9,-9.268,-245.1,968.2,1299,0.5058,-0.03443,0.8435,0.2095,-0.5969,0.2095,0.7652,-0.3598,0.2065,0.5385,-0.4372,0.1756,-0.4926,-0.5172,-0.5632,-0.6723,-0.2436,-0.6144,-0.4757,-0.5112,-0.5965,0.7201,-0.1466,0.6704,0.6256,-0.07489,0.7732,0.5169,-0.5855,0.3498,0.2322,-0.7504,0.5567,-0.02991,-0.3381,-0.002869,-0.6624,-0.3925,-0.4401,-0.6109,-0.4885,-0.4648,-0.1172,-0.2443,-0.1845
7.87,7.748,-0.00518,5.34,2.304,2.351,1.741,14.63,-3.659,16.75,4.366,16.74,-4.361,-0.6834,0.2038,-42.68,-30.36,0.0172,-0.1633,4.842,-2.09,54.44,38.69,12.14,13.78,0.3266,-3.059,-5.324,4.058,61.51,12.14,32.17,-6.004,-2.994,-0.9069,6.161,-8.221,-72.28,-7.25,0.9766,-29.04,6.75,6.69,-27.23,21.27,7.132,9.113,13.15,23.1,-103.2,-9.607,6.598,-103.6,-13.24,6.683,-154.5,-2.983,16.56,-74.03,-4.985,-1.221,-79.54,2.636,-1.465,-74.35,14.82,0.2209,-72.54,-46.62,-3.631,-80.9,-14.68,2.023,-75.68,16.26,2.723,-76.21,4.136,2.293,-84.67,-1.517,1.625,119.6,63.97,40.05,35.14,47.37,57.61,218.3,-133.3,106.4,139.1,-433.1,111.3,142.1,-37.6,-38.57,51.28,-299.3,-119.1,196.8,-360.4,82.51,195.8,-44.93,106.9,50.78,-58.6,511.2,234.9,581,-51.26,1479,37.14,-148,-619.7,-146.9,840.8,261.2,194.3,26.35,-68.82,-492.2,417,-1167,0,-238.3,0.5074,-0.03369,0.8427,0.2112,-0.5975,0.2155,0.7632,-0.361,0.2101,0.5352,-0.4383,0.1787,-0.4922,-0.5166,-0.5604,-0.6736,-0.2432,-0.6119,-0.4765,-0.5113,-0.594,0.7191,-0.1485,0.6709,0.6248,-0.07654,0.7737,0.5162,-0.5841,0.3499,0.223,-0.7516,0.5625,-0.03443,-0.3571,-0.003662,-0.6626,-0.3964,-0.4369,-0.6073,-0.4958,-0.4647,-0.1016,-0.2344,-0.1934
7.88,8.146,0.09503,5.15,1.745,2.45,1.672,14.66,-3.697,16.1,4.019,16.1,-4.005,-0.5336,0.3243,-42.28,-30.84,0.1747,-0.3768,4.735,-2.256,53.88,38.93,12.52,14.14,0.7564,-3.745,-5.388,3.771,63.41,13.5,30.62,-4.716,-2.33,-2.975,6.12,-7.684,-72.32,-7.106,1.009,-29.51,6.31,6.432,-27.77,20.88,6.845,9.051,12.68,22.64,-103.7,-9.17,6.34,-104.1,-12.84,6.42,-154.7,-2.785,16.24,-74,-5.401,-1.282,-79.35,2.608,-1.613,-74.13,15.14,0.5452,-72.53,-48.19,-3.451,-80.8,-17.76,1.869,-75.83,16.57,3.189,-76.52,3.085,2.68,-84.42,-1.253,-0.1052,290,75.2,17.09,148.4,10.26,99.61,221.2,-125,54.2,137.7,-449.2,135.2,228.5,3.425,-65.43,119.1,-298.8,-133.8,279.8,-335.4,71.29,298.8,-48.83,432.6,268.6,-26.36,748,338.9,645.5,-146,1963,149.4,-239.2,-704.6,200.2,1000,667.5,-811,1008,2440,-667,1626,696.3,2857,871.6,0.5085,-0.03339,0.8421,0.2125,-0.5987,0.2219,0.7611,-0.3623,0.2141,0.5312,-0.4399,0.1822,-0.4917,-0.5164,-0.557,-0.675,-0.2428,-0.6092,-0.4775,-0.5111,-0.5915,0.7166,-0.1487,0.6736,0.6244,-0.07862,0.7737,0.5161,-0.5821,0.3488,0.2136,-0.7522,0.5688,-0.03729,-0.382,-0.003967,-0.656,-0.4061,-0.427,-0.6043,-0.5034,-0.4657,-0.08778,-0.2304,-0.1986
7.89,8.66,0.2351,4.738,1.251,2.554,1.82,14.67,-3.734,15.51,3.504,15.51,-3.478,-0.3571,0.426,-41.89,-31.44,0.3312,-0.6022,4.626,-2.445,53.33,39.24,13.07,14.74,1.231,-4.617,-5.251,3.158,65.52,15.69,28.39,-2.789,-1.52,-2.986,5.896,-7.044,-72.31,-7.081,1.007,-29.93,5.824,6.134,-28.28,20.41,6.512,9.014,12.18,22.09,-104.2,-8.689,6.05,-104.6,-12.4,6.124,-154.9,-2.582,15.89,-74.15,-5.876,-1.359,-79.11,2.64,-1.811,-74.08,15.7,0.8285,-72.86,-49.75,-2.988,-80.72,-21.49,1.764,-76.29,17.19,3.702,-77.16,1.523,2.609,-84.33,-0.934,-0.2418,557.6,81.06,137.2,319.3,-28.81,114.7,284.7,-86.91,1.46,212.4,-491.2,128.4,379.4,49.8,-108.9,258.3,-283.7,-149.4,418.5,-305.2,60.07,493.2,186.5,653.8,352.1,251,593.3,648.9,718.7,-24.41,2167,332.1,-286.6,-758.4,525.3,1103,1474,-2212,560.1,2930,-390.2,959.5,-225.1,459,622.1,0.5087,-0.03345,0.842,0.2132,-0.6004,0.2281,0.7589,-0.3637,0.2189,0.5266,-0.4421,0.186,-0.491,-0.5161,-0.5533,-0.6764,-0.2424,-0.606,-0.4787,-0.5108,-0.5888,0.7139,-0.1478,0.6768,0.6243,-0.0813,0.7735,0.5173,-0.579,0.3465,0.2048,-0.7516,0.5763,-0.04132,-0.4115,-0.003845,-0.6527,-0.4126,-0.416,-0.5962,-0.5133,-0.4702,-0.0871,-0.2275,-0.1994
7.9,8.891,0.2937,4.545,0.996,2.763,1.774,14.6,-3.762,14.88,2.983,14.88,-2.924,-0.2352,0.5935,-41.56,-32.13,0.4446,-0.8485,4.527,-2.665,52.89,39.6,13.9,15.75,1.654,-5.383,-4.997,1.884,67.83,18.36,25.52,-1.208,-0.9847,-2.665,5.496,-5.911,-72.25,-7.025,1.042,-30.24,5.328,5.827,-28.68,19.85,6.17,8.997,11.69,21.47,-104.8,-8.172,5.711,-105.2,-11.92,5.778,-155.1,-2.377,15.49,-74.04,-6.08,-1.533,-78.85,2.655,-2.034,-74.15,16.52,1.019,-73.36,-51.26,-2.367,-80.6,-25.78,1.996,-77.45,18.28,3.865,-78.49,-0.04728,2.55,-84.45,-0.9853,6.54E-04,617.7,62.99,151.4,496.1,-41.5,109.9,416.5,-5.867,-55.66,364.3,-531.7,143.6,484.9,46.87,-150.9,412.1,-270,-164.6,592.8,-273.9,42,906.3,255.4,340.8,266.1,341.3,206.5,1160,805.7,3.904,1931,471.7,-315,-806.8,365.7,884.8,1542,-2192,-1260,1118,-459,470.7,76.61,309.1,416,0.5091,-0.03351,0.8416,0.2136,-0.6022,0.2339,0.7565,-0.365,0.2245,0.5218,-0.4449,0.19,-0.4902,-0.5157,-0.5492,-0.678,-0.2419,-0.6025,-0.4801,-0.5102,-0.5862,0.7125,-0.1492,0.6781,0.6241,-0.08429,0.7733,0.5194,-0.5754,0.3423,0.1965,-0.7502,0.584,-0.04914,-0.4445,-0.003845,-0.6606,-0.4066,-0.4102,-0.5848,-0.5266,-0.4724,-0.08887,-0.2283,-0.198
7.91,8.944,0.2727,4.713,0.7743,3.116,1.485,14.3,-3.805,14.23,2.526,14.23,-2.371,-0.2388,0.8737,-41.42,-32.89,0.4561,-1.066,4.459,-2.881,52.72,39.99,14.92,16.78,2.07,-5.021,-4.924,0.6381,70.2,20.91,22.1,0.2642,-0.5633,-2.346,5.194,-4.877,-72.15,-6.908,1.176,-30.3,4.863,5.558,-28.85,19.1,5.862,8.956,11.22,20.73,-105.4,-7.615,5.325,-105.8,-11.4,5.384,-155.3,-2.215,15.04,-73.65,-6.181,-1.779,-78.66,2.581,-2.261,-74.11,17.45,1.252,-73.78,-52.71,-1.797,-80.6,-30.59,2.372,-78.68,19.32,2.85,-79.68,-1.574,2.604,-84.54,-1.082,0.3588,439.5,54.69,78.12,549.8,-36.63,106,578.6,91.32,-108.9,505.9,-555.7,147.5,517.1,32.72,-133.8,503.4,-272.9,-164.6,775.4,-313.5,-44.43,834,68.37,161.1,132.8,77.63,31.73,962.9,613.3,16.6,1460,421.4,-218.3,-499.1,588.4,708,113.8,464.3,-335.4,-282.8,-70.82,-556.6,-35.59,-256.9,-164.5,0.5101,-0.03314,0.8408,0.2141,-0.6039,0.2392,0.7538,-0.3665,0.2315,0.5167,-0.4483,0.1945,-0.4894,-0.515,-0.545,-0.6797,-0.2412,-0.5987,-0.4815,-0.5092,-0.5836,0.7112,-0.1529,0.6785,0.6233,-0.08686,0.7737,0.5206,-0.572,0.3369,0.1881,-0.7491,0.591,-0.05829,-0.4807,-0.002869,-0.6586,-0.4015,-0.4076,-0.5743,-0.5392,-0.4742,-0.09162,-0.2295,-0.1966
7.92,8.964,0.2828,5.02,0.7051,3.461,1.303,13.7,-3.847,13.81,2.049,13.81,-1.656,-0.3625,1.208,-41.43,-33.78,0.3829,-1.185,4.453,-3.077,52.79,40.45,16.1,18.2,2.448,-5.093,-5.09,-0.7974,72.66,23.63,18.4,1.535,-0.4972,-2.3,4.873,-3.316,-72.01,-6.925,1.357,-30.14,4.493,5.308,-28.82,18.13,5.569,8.87,10.72,19.89,-106.1,-7.039,4.92,-106.4,-10.87,4.972,-155.5,-2.156,14.55,-73.32,-6.265,-1.961,-78.67,2.487,-2.459,-74.02,18.5,1.564,-74.14,-54.12,-1.373,-80.67,-35.66,3.008,-80.34,20.71,2.166,-81.36,-2.899,2.758,-84.6,-1.204,0.5306,87.41,87.4,139.7,488.3,66.4,157.7,684.6,171.4,-128.4,589.4,-532.7,120.6,464.4,21,-93.75,512.2,-228,-146,797.4,-328.6,-67.38,361.8,-153.3,-64.93,43.95,-243.2,-73.74,574.2,295.9,114.7,988.3,392.6,-53.72,294.3,272.5,897.5,-115.3,2186,1432,-836.9,514.7,-413.1,147.9,-342.3,-146,0.51,-0.03253,0.8404,0.2154,-0.6053,0.244,0.7504,-0.3681,0.2401,0.5113,-0.4521,0.1998,-0.4883,-0.5145,-0.5402,-0.6814,-0.2403,-0.5949,-0.4822,-0.5078,-0.5813,0.7101,-0.1558,0.6789,0.6225,-0.08814,0.7742,0.5208,-0.5684,0.3302,0.1803,-0.7484,0.5972,-0.06958,-0.5177,-0.001831,-0.6497,-0.4049,-0.3949,-0.5622,-0.5534,-0.4731,-0.09284,-0.2307,-0.1959
7.93,9.012,0.396,5.294,0.809,3.688,1.301,12.8,-3.911,13.61,1.676,13.6,-0.7483,-0.6479,1.5,-41.61,-34.71,0.344,-1.17,4.525,-3.213,53.04,40.93,17.41,19.25,2.675,-5.058,-5.314,-1.95,75.22,25.86,14.87,2.771,-0.5856,-2.597,4.511,-1.872,-71.89,-7.11,1.55,-29.86,4.243,4.993,-28.71,16.99,5.208,8.687,10.12,18.94,-106.9,-6.424,4.535,-107.2,-10.32,4.58,-155.9,-2.191,13.99,-73.21,-6.347,-1.993,-78.84,2.428,-2.611,-74.03,19.74,1.814,-74.58,-55.43,-0.9555,-80.83,-40.47,3.729,-81.87,21.72,1.476,-82.88,-4.108,3.005,-84.61,-1.243,0.4431,-150.4,134.3,282.2,367.7,168.9,236.3,662.6,174.8,-99.61,632.8,-458.5,88.38,397.5,42.96,-36.62,416.5,-174.3,-98.64,620.1,-315.4,-43.94,-8.286,-316.4,-187,65.92,-449.2,-85.93,534.2,-23.43,73.73,545.9,321.8,-33.2,316,248.5,238.3,-192.4,1963,600.6,-1209,1027,-403.3,97.64,-244.2,-259.7,0.5088,-0.03156,0.8408,0.2177,-0.6069,0.2481,0.7462,-0.3701,0.2502,0.5054,-0.4559,0.2064,-0.4872,-0.5143,-0.5349,-0.683,-0.239,-0.5909,-0.4822,-0.5061,-0.5791,0.7094,-0.1566,0.6793,0.6221,-0.0882,0.7747,0.521,-0.5645,0.3221,0.1735,-0.7475,0.6031,-0.08063,-0.5517,-7.32E-04,-0.6494,-0.4015,-0.3894,-0.5515,-0.5664,-0.4716,-0.09205,-0.231,-0.196
7.94,9.093,0.5652,5.423,0.933,3.802,1.442,11.72,-3.886,13.43,1.728,13.39,0.1357,-1.044,1.723,-41.99,-35.6,0.4252,-1.021,4.623,-3.288,53.42,41.42,18.72,19.63,2.799,-4.95,-5.572,-2.617,77.67,27.27,11.64,3.907,-0.8315,-2.947,4.228,-0.926,-71.87,-7.309,1.736,-29.47,4.043,4.594,-28.51,15.72,4.761,8.426,9.381,17.84,-107.7,-5.82,4.202,-108,-9.695,4.241,-156.2,-2.26,13.34,-73.33,-6.426,-1.904,-79.1,2.417,-2.694,-74.05,21.02,2.061,-75.05,-56.6,-0.5436,-81.17,-44.84,4.623,-82.9,22.1,0.9855,-83.87,-5.139,3.11,-84.58,-1.186,0.1712,-129.4,147,363.3,327.2,178.2,251.5,530.8,132.8,-37.6,603,-389.6,83.5,328.6,79.59,16.11,335.9,-128.4,-47.85,523.4,-280.3,-29.29,-182.1,-398,-104,128.9,-487.8,-76.18,463.9,-375,-12.22,130.8,304.2,71.31,518.5,424.3,804.7,-697.3,1439,-565.9,-1295,1478,-135.2,107.9,-123.6,-139.7,0.5074,-0.03021,0.8413,0.2199,-0.6092,0.2513,0.7414,-0.3727,0.2615,0.4985,-0.4598,0.2147,-0.4859,-0.5146,-0.5291,-0.685,-0.2376,-0.5863,-0.482,-0.5041,-0.5767,0.7092,-0.1553,0.6798,0.6222,-0.08741,0.7749,0.5219,-0.56,0.3141,0.1677,-0.7465,0.6084,-0.0915,-0.5816,7.94E-04,-0.6564,-0.3939,-0.3917,-0.5432,-0.5754,-0.472,-0.08985,-0.2302,-0.1967
7.95,9.27,0.6972,5.417,0.9912,3.838,1.659,10.62,-3.76,13.17,2.079,13.1,0.9537,-1.403,1.849,-42.6,-36.47,0.6515,-0.7949,4.686,-3.289,54,41.95,19.91,19.46,2.875,-4.997,-5.767,-2.508,79.93,28.04,8.878,4.951,-1.443,-3.357,3.762,-0.7773,-71.92,-7.487,1.886,-28.93,3.791,4.169,-28.13,14.39,4.295,8.093,8.489,16.62,-108.6,-5.229,3.924,-108.8,-8.981,3.956,-156.6,-2.3,12.6,-73.59,-6.549,-1.762,-79.34,2.472,-2.688,-74.1,22.24,2.337,-75.67,-57.64,-0.01433,-81.36,-48.62,5.711,-83.01,21.98,1.092,-84.04,-6.037,3.131,-84.55,-1.052,-0.2281,84.48,130.9,359.9,305.7,83.99,184.1,378.4,76.66,6.84,549.3,-309.1,94.24,290.5,117.2,27.84,306.6,-96.69,-27.83,479.5,-247.1,-44.43,-251.5,-400.4,2.921,241.7,-334.5,-43.95,273.9,-510.7,-35.17,-304.2,318.4,72.74,184.1,540.5,293,-444.3,1106,-750.5,-989.2,1592,205.6,62.05,136.8,-74.26,0.5062,-0.02887,0.842,0.2205,-0.6121,0.2534,0.7364,-0.3755,0.2736,0.4905,-0.4637,0.2244,-0.4845,-0.5153,-0.5231,-0.6875,-0.236,-0.581,-0.4823,-0.5017,-0.5738,0.7089,-0.1529,0.6808,0.6227,-0.08607,0.7748,0.5238,-0.5547,0.3074,0.1629,-0.7451,0.6135,-0.1038,-0.6063,3.05E-04,-0.6613,-0.3913,-0.394,-0.539,-0.5797,-0.475,-0.08667,-0.2287,-0.1976
7.96,9.343,0.7394,5.362,1.167,3.858,1.866,9.626,-3.541,12.9,2.588,12.8,1.759,-1.641,1.9,-43.5,-37.35,0.9968,-0.5346,4.636,-3.184,54.85,42.54,21.09,18.98,2.89,-4.774,-5.781,-1.847,82.07,28.51,6.531,6.015,-2.56,-3.857,3.233,-1.279,-71.99,-7.687,2.005,-28.12,3.442,3.794,-27.47,13.05,3.887,7.759,7.465,15.32,-109.5,-4.648,3.685,-109.7,-8.182,3.711,-157,-2.286,11.71,-73.86,-6.576,-1.639,-79.55,2.529,-2.611,-74.27,23.46,2.563,-76.44,-58.55,0.5898,-81.57,-51.87,7.188,-82.45,21.54,1.243,-83.58,-6.935,3.32,-84.51,-0.8552,-0.5405,234.9,78.12,362.8,257.3,-7.332,123,302.2,74.72,31.26,470.2,-222.2,130.9,266.6,111.3,-3.905,292,-100.1,-40.53,492.7,-199.7,-83,-205.1,-333,107.4,302.3,-110.8,36.14,157.7,-500,9.268,-656.2,463.9,117.7,-786.1,237.8,117.1,-181.6,940.4,-268.1,-483,950.7,411.6,-52.2,33.74,26.39,0.5048,-0.02759,0.8428,0.2186,-0.6153,0.2543,0.7314,-0.3784,0.286,0.4815,-0.4676,0.235,-0.4831,-0.5164,-0.5168,-0.6903,-0.2346,-0.5749,-0.4835,-0.4985,-0.5704,0.7092,-0.1505,0.6811,0.6233,-0.08442,0.7746,0.5274,-0.5484,0.3017,0.1594,-0.7433,0.6186,-0.1184,-0.6264,-0.001343,-0.6625,-0.3908,-0.398,-0.5388,-0.5815,-0.4793,-0.08429,-0.2268,-0.1984
7.97,9.247,0.7181,5.231,1.496,3.888,2.03,8.668,-3.237,12.54,3.138,12.42,2.493,-1.759,1.908,-44.7,-38.22,1.348,-0.2454,4.498,-2.966,55.95,43.21,22.18,18.31,2.929,-4.608,-5.641,-0.8105,83.95,28.77,4.135,7.013,-3.684,-4.345,2.792,-2.233,-72.1,-7.844,2.088,-27.06,3.007,3.461,-26.53,11.66,3.528,7.473,6.374,13.93,-110.4,-4.095,3.455,-110.6,-7.326,3.474,-157.3,-2.252,10.68,-74.13,-6.407,-1.573,-79.68,2.616,-2.525,-74.52,24.62,2.746,-77.21,-59.27,1.096,-81.94,-54.99,8.656,-81.39,20.93,1.598,-82.69,-7.798,3.593,-84.48,-0.6582,-0.7568,299.3,30.28,357.9,213.4,-50.77,81.54,293.9,129.4,62.99,393.6,-141.1,154.8,306.6,114.7,-39.55,306.6,-111.3,-38.58,505.4,-158.2,-107.4,-11.74,-174.8,70.8,359.9,69.82,128.4,212.9,-331.1,-45.9,-891.1,532.3,137.2,-1216,5.356,79.16,81.52,-101.5,-151.9,98.62,190.9,-147.5,-216.8,51.71,249,0.5037,-0.02643,0.8435,0.2142,-0.6189,0.2537,0.726,-0.3813,0.2985,0.4717,-0.472,0.246,-0.4813,-0.5177,-0.5103,-0.6933,-0.2334,-0.5679,-0.4854,-0.4944,-0.5666,0.7106,-0.1486,0.6803,0.6241,-0.0832,0.7742,0.5322,-0.5417,0.2969,0.1574,-0.7416,0.6227,-0.1315,-0.6452,-0.002686,-0.6654,-0.3893,-0.4038,-0.5412,-0.5814,-0.4843,-0.08271,-0.2249,-0.199
7.98,9.016,0.6815,5.04,1.932,3.905,2.191,7.711,-2.833,12.11,3.674,11.99,3.146,-1.775,1.9,-46.12,-39.13,1.606,0.05444,4.241,-2.667,57.23,43.93,23.13,17.58,3.03,-4.804,-5.565,0.3385,85.51,28.92,1.68,7.743,-4.388,-4.552,2.523,-3.279,-72.21,-7.952,2.135,-25.77,2.526,3.165,-25.34,10.22,3.212,7.29,5.29,12.45,-111.4,-3.584,3.216,-111.5,-6.412,3.23,-157.6,-2.184,9.522,-74.41,-6.082,-1.537,-79.75,2.725,-2.455,-74.64,25.67,2.991,-77.75,-59.76,1.386,-82.42,-57.94,9.741,-80.17,20.28,2.315,-81.7,-8.598,3.746,-84.46,-0.6582,-0.8045,299.3,33.69,336.4,210.5,-70.81,38.58,325.2,210,95.71,370.1,-71.29,206.1,364.7,107.9,-74.71,368.2,-125.5,-61.04,547.4,-87.88,-113.3,251,147.5,5.864,375.5,352.1,139.2,255.9,-136.2,-52.24,-961.9,502.5,206,-954.1,-269,282.7,842.3,-1196,-544.4,875.5,-348.1,-327.7,-31.76,-74.2,171.9,0.503,-0.02551,0.8441,0.2077,-0.6226,0.2515,0.72,-0.3842,0.3111,0.4612,-0.4771,0.2568,-0.4791,-0.5193,-0.5039,-0.6964,-0.2327,-0.5601,-0.4879,-0.4896,-0.5624,0.7129,-0.147,0.6784,0.6249,-0.0824,0.7736,0.5375,-0.5349,0.2933,0.1563,-0.7406,0.6254,-0.1403,-0.6631,-0.003113,-0.6677,-0.3908,-0.4071,-0.5439,-0.5801,-0.4898,-0.08234,-0.2248,-0.1992
7.99,8.66,0.5975,4.906,2.422,3.998,2.26,6.698,-2.331,11.63,4.192,11.51,3.718,-1.75,1.943,-47.65,-40.1,1.695,0.3062,3.868,-2.326,58.53,44.72,23.96,17.07,3.223,-5.166,-5.592,1.249,86.67,29.23,-0.3201,8.384,-4.323,-4.702,2.505,-4.072,-72.3,-7.988,2.163,-24.36,2.055,2.88,-24.02,8.744,2.912,7.269,4.274,10.89,-112.4,-3.129,2.918,-112.5,-5.457,2.927,-157.8,-2.067,8.262,-74.57,-5.633,-1.613,-79.76,2.824,-2.451,-74.62,26.58,3.291,-78.13,-60.01,1.612,-83.19,-60.16,10.32,-79.2,19.82,3.014,-80.94,-9.358,3.845,-84.44,-0.7212,-0.8463,254.4,87.4,233.9,220.2,-105.5,-39.55,372.5,282.7,104,393.6,-10.25,263.7,421.4,118.2,-104,445.8,-141.6,-83.49,589.9,-54.69,-121.1,626.9,408.2,-24.42,287.1,538.1,82.03,406.7,47.35,-46.37,-938.5,326.7,271.5,-1395,-250,1218,1279,-1453,-420.9,1608,-611.8,-618.2,-37.64,-151.4,22.46,0.5027,-0.0249,0.8444,0.2,-0.6266,0.2482,0.7131,-0.3874,0.3231,0.4501,-0.4835,0.2668,-0.4762,-0.5209,-0.4975,-0.6996,-0.2323,-0.5516,-0.4911,-0.4842,-0.5576,0.7157,-0.1467,0.6757,0.6256,-0.08234,0.773,0.5424,-0.5285,0.2905,0.1561,-0.7398,0.6271,-0.1424,-0.6772,-7.33E-04,-0.6681,-0.3942,-0.4074,-0.5453,-0.5796,-0.4947,-0.08197,-0.2253,-0.1995
8,8.312,0.4062,4.795,2.893,4.226,2.291,5.542,-1.767,11.2,4.71,11.07,4.251,-1.741,2.034,-49.14,-41.11,1.587,0.5163,3.389,-1.939,59.71,45.47,24.64,16.86,3.473,-5.299,-5.614,1.359,87.45,29.73,-1.302,8.911,-3.943,-4.731,2.843,-4.129,-72.36,-8,2.179,-22.94,1.67,2.609,-22.69,7.206,2.629,7.434,3.33,9.279,-113.4,-2.734,2.573,-113.5,-4.499,2.578,-158.1,-1.914,6.933,-74.65,-5.183,-1.838,-79.75,2.927,-2.49,-74.6,27.33,3.583,-78.55,-60.01,1.914,-84.53,-61.08,11.09,-79.07,19.7,3.143,-80.85,-9.979,3.77,-84.39,-0.8178,-0.9489,162.1,147.5,173.8,193.4,-175.8,-126,397.9,302.3,72.27,426.3,51.27,287.6,425.8,136.2,-115.2,500,-132.8,-99.61,618.6,-37.59,-131.4,899.9,430.7,-119.6,271,554.7,56.64,364.2,65.44,-26.85,-939.5,266.6,292,-1450,398,558.1,536.1,-710.4,-439.9,1010,-478.5,-312.5,-11.76,-17.06,27.38,0.5027,-0.02454,0.8445,0.1924,-0.6303,0.244,0.7048,-0.391,0.3344,0.4385,-0.4909,0.2757,-0.4728,-0.5224,-0.4915,-0.7027,-0.2323,-0.5426,-0.4945,-0.4786,-0.5522,0.7184,-0.1477,0.6731,0.6262,-0.08277,0.7725,0.5468,-0.5228,0.2884,0.1571,-0.7387,0.6283,-0.1414,-0.6836,0.005188,-0.6675,-0.3957,-0.4071,-0.5431,-0.5813,-0.4977,-0.08112,-0.226,-0.2002
8.01,8.217,0.2574,4.674,3.088,4.423,2.319,4.219,-1.169,10.84,5.227,10.71,4.771,-1.752,2.145,-50.45,-42.09,1.277,0.6996,2.812,-1.533,60.57,46.11,25.27,16.77,3.758,-5.399,-5.523,0.7478,87.87,30.38,-2.673,9.468,-3.419,-4.7,3.388,-3.521,-72.39,-7.999,2.161,-21.68,1.402,2.347,-21.51,5.617,2.358,7.797,2.469,7.617,-114.4,-2.389,2.175,-114.5,-3.557,2.177,-158.4,-1.752,5.569,-74.72,-4.996,-2.057,-79.71,3.017,-2.563,-74.69,28.04,3.808,-78.76,-59.72,1.839,-86.19,-62.08,11.83,-79.7,19.73,2.947,-81.43,-10.6,3.649,-84.34,-0.9262,-1.048,69.34,171.9,172.4,153.3,-264.6,-140.6,376.5,231.4,26.85,451.2,68.37,297.4,399.4,162.6,-98.63,504.9,-94.73,-98.64,592.8,-42,-132.3,680.7,376.5,-190.4,343.3,368.6,45.41,323.2,-13.66,79.61,-1004,276.4,211.4,1691,318.3,1264,9.26,87.37,-123.1,152.3,-258.3,-4.916,14.12,27.41,4.921,0.5027,-0.02454,0.8445,0.1859,-0.6337,0.2397,0.6952,-0.3951,0.345,0.4263,-0.4993,0.2834,-0.4693,-0.5234,-0.4861,-0.7056,-0.2323,-0.5334,-0.4978,-0.473,-0.5464,0.7194,-0.1486,0.672,0.6268,-0.08356,0.772,0.5505,-0.5177,0.2863,0.1605,-0.7384,0.6277,-0.1381,-0.6908,0.01288,-0.6647,-0.3983,-0.4054,-0.5372,-0.5859,-0.499,-0.08027,-0.2268,-0.2008
8.02,8.464,0.2572,4.571,2.93,4.434,2.386,2.778,-0.5705,10.49,5.722,10.34,5.278,-1.809,2.222,-51.43,-43.03,0.8707,0.8685,2.206,-1.115,61.02,46.54,25.88,16.74,4.04,-5.635,-5.369,-0.07962,87.85,31.1,-2.1,10.04,-3.474,-4.796,3.936,-2.671,-72.36,-7.97,2.096,-20.69,1.247,2.033,-20.59,4.023,2.037,8.31,1.667,5.935,-115.3,-2.058,1.746,-115.3,-2.628,1.747,-158.8,-1.573,4.191,-74.75,-5.131,-2.122,-79.66,3.127,-2.63,-74.84,28.74,3.997,-78.69,-58.98,1.36,-86.87,-60.74,11.98,-80.55,19.85,2.814,-82.29,-11.2,3.675,-84.32,-1.011,-1.138,72.75,141.6,127.9,140.1,-345.2,-136.7,344.2,118.7,-0.9771,483.4,71.78,247.1,336.9,187,-75.69,469.7,-41.99,-89.35,538.6,-28.31,-106.4,266.6,254.9,-148.4,383.3,83.49,54.68,264.2,-107.9,145.5,-815.9,211.4,38.11,-893.7,749.5,645,11.24,585.9,-63.99,-138.7,200.2,-12.73,23.38,149.4,43.48,0.5028,-0.02515,0.8444,0.1811,-0.6369,0.2359,0.6847,-0.3996,0.3549,0.4136,-0.5083,0.2901,-0.466,-0.5239,-0.4811,-0.7084,-0.232,-0.524,-0.5008,-0.4679,-0.5399,0.7186,-0.1486,0.6729,0.6274,-0.08436,0.7714,0.553,-0.5131,0.2838,0.167,-0.7389,0.6249,-0.1346,-0.6831,0.01782,-0.6621,-0.4016,-0.4022,-0.5306,-0.5922,-0.4986,-0.07947,-0.2274,-0.2012
8.03,8.75,0.3336,4.511,2.769,4.292,2.485,1.323,0.03166,10.19,6.225,10.02,5.803,-1.874,2.265,-52.04,-43.85,0.4499,1.017,1.585,-0.6919,61.06,46.72,26.46,16.68,4.242,-5.799,-5.201,-0.9816,87.4,31.73,-1.11,10.53,-3.826,-4.863,4.252,-1.756,-72.28,-7.974,2.008,-20.04,1.147,1.695,-20,2.47,1.697,8.904,0.8917,4.263,-116.1,-1.748,1.32,-116.1,-1.716,1.32,-159.4,-1.361,2.83,-74.78,-5.297,-2.053,-79.64,3.248,-2.643,-75.02,29.43,4.153,-78.77,-57.83,1.12,-86.99,-58.6,11.98,-81.48,19.96,2.637,-83.23,-11.72,3.743,-84.3,-1.102,-1.162,144,116.2,42,148,-422.8,-116.7,309.1,7.329,-18.07,522.5,68.84,177.7,267.6,210.4,-51.76,420.4,18.55,-71.78,485.4,-1.469,-110.8,52.26,162.1,-29.3,373,-103.5,41.98,247.5,-210.9,115.7,-711.9,345.7,-80.08,-1480,589.9,744.6,5.347,734.4,59.55,-371.1,450.2,97.19,25.44,83.51,64.95,0.5027,-0.02606,0.8445,0.1779,-0.6399,0.2334,0.6741,-0.404,0.3644,0.4007,-0.5173,0.2963,-0.4631,-0.5239,-0.4766,-0.711,-0.2314,-0.5147,-0.5036,-0.4632,-0.5327,0.7177,-0.148,0.674,0.6282,-0.08466,0.7707,0.5544,-0.5091,0.2808,0.1754,-0.7386,0.6214,-0.1328,-0.6697,0.02045,-0.6601,-0.4043,-0.3996,-0.5239,-0.5985,-0.4974,-0.07923,-0.2281,-0.2015
8.04,8.925,0.3924,4.467,2.722,4.065,2.62,-0.06801,0.6412,9.925,6.757,9.748,6.379,-1.903,2.246,-52.32,-44.52,0.1103,1.175,0.9593,-0.2733,60.76,46.65,27.05,16.53,4.38,-5.851,-5.091,-1.686,86.56,32.16,-0.3067,10.94,-4.298,-4.923,4.593,-1.054,-72.2,-8.02,1.894,-19.71,1.056,1.361,-19.71,0.9887,1.361,9.518,0.08777,2.63,-116.7,-1.42,0.9026,-116.6,-0.7787,0.9026,-160,-1.122,1.465,-74.84,-5.391,-1.923,-79.64,3.338,-2.576,-75.11,30.1,4.364,-78.81,-56.31,0.9019,-87.11,-56.27,12.12,-82.21,19.94,2.507,-83.97,-12.17,3.824,-84.29,-1.188,-1.162,190.4,105.5,20.51,158.2,-469.2,-73.24,275.9,-68.85,-45.9,533.2,59.07,88.87,206,212.4,-23.93,369.2,71.78,-71.28,446.3,55.19,-111.8,18.07,66.4,1.471,272.5,-168.5,0.9817,172.4,-292,69.32,-590.3,591.8,-75.17,-1451,350.6,446.2,49.83,668.9,46.89,-424.8,470.7,155.3,5.882,33.74,32.21,0.5023,-0.02716,0.8447,0.1762,-0.6425,0.2323,0.6637,-0.408,0.3737,0.3875,-0.5257,0.3024,-0.4611,-0.5234,-0.4727,-0.7138,-0.2303,-0.5052,-0.5061,-0.459,-0.5248,0.7173,-0.1469,0.6746,0.6289,-0.08423,0.7702,0.5552,-0.5053,0.2778,0.1855,-0.7379,0.6169,-0.132,-0.6548,0.02289,-0.6588,-0.4065,-0.3983,-0.5187,-0.6037,-0.4966,-0.07917,-0.2288,-0.2016
8.05,8.977,0.4366,4.433,2.739,3.816,2.765,-1.316,1.257,9.652,7.298,9.473,6.968,-1.888,2.193,-52.19,-44.96,-0.1094,1.348,0.3398,0.1378,60.11,46.32,27.67,16.25,4.479,-5.768,-4.863,-2.137,85.44,32.35,0.2675,11.3,-4.757,-4.976,4.905,-0.6364,-72.14,-8.073,1.794,-19.79,0.9249,1.048,-19.82,-0.3903,1.048,10.08,-0.7515,1.054,-117,-1.066,0.5035,-117,0.1906,0.5034,-160.7,-0.8621,0.09504,-74.92,-5.423,-1.759,-79.67,3.369,-2.455,-75.34,30.75,4.525,-79.03,-54.53,0.8005,-87.36,-53.9,12.31,-82.66,19.7,2.404,-84.42,-12.6,3.911,-84.29,-1.283,-1.144,151.9,74.71,9.276,156.7,-465.3,-27.83,237.3,-115.2,-38.58,509.3,56.63,34.66,148,179.2,-26.37,322.3,111.3,-52.73,410.2,114.3,-127,45.4,-31.73,-18.55,145,-160.2,9.269,102,-337.9,21.96,-383.8,781.8,-41.53,-1429,59.53,355.5,-62.51,404.8,29.28,-347.1,500.5,79.62,40,14.22,9.752,0.5018,-0.02808,0.8449,0.1758,-0.6444,0.2334,0.654,-0.4116,0.3831,0.3746,-0.5331,0.3088,-0.46,-0.5222,-0.4693,-0.7168,-0.2285,-0.4957,-0.5086,-0.455,-0.5164,0.7173,-0.1455,0.6748,0.6292,-0.08325,0.77,0.5557,-0.5015,0.275,0.1975,-0.7364,0.6119,-0.131,-0.6393,0.02619,-0.6576,-0.4085,-0.3989,-0.5149,-0.6075,-0.4965,-0.07923,-0.2296,-0.2016
8.06,8.946,0.451,4.443,2.755,3.58,2.871,-2.431,1.881,9.333,7.81,9.155,7.523,-1.844,2.119,-51.74,-45.18,-0.1804,1.553,-0.2226,0.5599,59.23,45.8,28.29,15.84,4.498,-5.611,-4.653,-2.343,84.05,32.35,0.6011,11.65,-4.87,-5.031,5.278,-0.4739,-72.1,-8.094,1.707,-20.23,0.7582,0.7474,-20.26,-1.672,0.7479,10.52,-1.639,-0.4354,-117.2,-0.6957,0.1188,-117.2,1.186,0.1188,-161.4,-0.6197,-1.301,-74.99,-5.425,-1.601,-79.72,3.347,-2.31,-75.56,31.35,4.636,-79.31,-52.54,0.8717,-87.8,-51.55,12.41,-82.87,19.29,2.352,-84.63,-13,3.978,-84.3,-1.338,-1.143,70.8,59.57,-7.322,117.2,-430.7,31.74,198.7,-130.9,-13.67,448.3,81.05,3.906,80.57,150.9,-29.29,260.3,135.2,-56.15,343.3,149.9,-124,57.14,-127.4,-79.09,53.22,-123.5,-16.6,66.39,-391.6,17.08,-297.4,821.8,102.5,-1160,0,261.8,-101.6,101.5,31.73,-215.8,453.7,83.49,34.12,30.25,-49.83,0.5016,-0.02881,0.8451,0.1772,-0.6457,0.2369,0.6454,-0.4144,0.3924,0.3622,-0.5392,0.3158,-0.4596,-0.5205,-0.4663,-0.7199,-0.2261,-0.4862,-0.5111,-0.4507,-0.5079,0.7175,-0.1442,0.6748,0.6292,-0.08191,0.7701,0.5566,-0.4979,0.2724,0.21,-0.7341,0.6067,-0.1282,-0.6241,0.03101,-0.6564,-0.4105,-0.401,-0.5125,-0.61,-0.4971,-0.07917,-0.2301,-0.2015
8.07,8.898,0.4528,4.502,2.723,3.365,2.938,-3.43,2.527,8.96,8.308,8.782,8.058,-1.806,2.048,-50.91,-45.22,-0.1063,1.77,-0.6954,0.9821,58.08,45.17,28.9,15.38,4.426,-5.445,-4.64,-2.314,82.46,32.22,0.8205,12.02,-4.565,-5.116,5.846,-0.5035,-72.1,-8.087,1.631,-21.08,0.5696,0.4277,-21.1,-2.861,0.4283,10.86,-2.548,-1.845,-117.2,-0.3168,-0.268,-117.2,2.21,-0.2681,-162,-0.3896,-2.731,-75.05,-5.445,-1.454,-79.82,3.29,-2.164,-75.59,31.9,4.773,-79.43,-50.39,0.9821,-88.36,-49.13,12.33,-82.86,18.77,2.382,-84.65,-13.39,4.054,-84.31,-1.37,-1.16,-37.12,40.04,-40.05,79.1,-349.6,68.84,162.6,-120.1,-2.931,357.4,115.7,-25.88,9.765,99.12,-18.06,193.4,159.2,-39.55,280.7,194.8,-121.1,50.28,-178.2,-69.82,3.908,-102.1,0.9817,30.78,-443.9,17.58,-329.6,774.4,343.8,-965.5,146,182.1,-66.42,-80.08,52.23,-79.05,257.3,113.8,-4.853,62.44,-36.15,0.5016,-0.02936,0.8452,0.1808,-0.6465,0.243,0.6378,-0.4164,0.4019,0.3505,-0.5442,0.3234,-0.4598,-0.5183,-0.4639,-0.7232,-0.2234,-0.4768,-0.5138,-0.4459,-0.4994,0.7175,-0.143,0.6749,0.6289,-0.08033,0.7704,0.5583,-0.4946,0.27,0.222,-0.7315,0.6007,-0.1232,-0.6084,0.03717,-0.6549,-0.4131,-0.4036,-0.5111,-0.6116,-0.4983,-0.07898,-0.2304,-0.2015
8.08,8.86,0.4608,4.576,2.645,3.169,3,-4.306,3.235,8.524,8.752,8.344,8.533,-1.767,1.976,-49.71,-45.07,0.08601,2.013,-1.05,1.416,56.69,44.42,29.45,14.92,4.327,-5.333,-4.593,-2.026,80.72,32.11,0.9884,12.41,-4.074,-5.092,6.35,-0.7421,-72.11,-8.057,1.557,-22.3,0.3419,0.08126,-22.3,-3.965,0.08137,11.08,-3.443,-3.162,-117.1,0.04027,-0.6263,-117.1,3.274,-0.6275,-162.6,-0.1641,-4.192,-75.12,-5.488,-1.325,-79.94,3.216,-2.042,-75.7,32.37,4.83,-79.68,-48.18,1.277,-88.93,-46.67,12.11,-82.62,18.23,2.524,-84.44,-13.83,4.048,-84.31,-1.395,-1.141,-93.26,24.42,-84.47,49.32,-228.5,81.54,104,-119.6,-12.69,235.8,141.1,-27.84,-62.01,29.79,-25.88,137.2,194.3,-31.25,200.2,222.7,-115.7,1.462,-197.3,-11.24,-20.01,-59.58,38.58,-26.85,-419,37.1,-382.8,669,243.7,-876.6,324.3,176.3,1.488,-169.4,7.792,33.21,-0.4534,13.7,-25.88,5.817,34.62,0.5017,-0.02985,0.8451,0.1863,-0.6469,0.2515,0.6314,-0.4175,0.4116,0.3398,-0.5482,0.3312,-0.4604,-0.516,-0.462,-0.7267,-0.2203,-0.4672,-0.5167,-0.4407,-0.4909,0.7175,-0.1419,0.6752,0.6286,-0.07874,0.7709,0.5603,-0.4916,0.2681,0.2342,-0.7279,0.595,-0.1171,-0.5924,0.0437,-0.6532,-0.4162,-0.4059,-0.5105,-0.6121,-0.5006,-0.07911,-0.2306,-0.2015
8.09,8.836,0.4626,4.595,2.558,3,3.122,-5.073,4.008,8.055,9.173,7.87,8.979,-1.736,1.908,-48.31,-44.79,0.3427,2.252,-1.302,1.847,55.25,43.62,29.93,14.48,4.233,-5.246,-4.162,-1.714,78.88,32,1.073,12.77,-3.678,-5.03,6.434,-0.9688,-72.12,-8.036,1.477,-23.74,0.07942,-0.2964,-23.71,-4.994,-0.2974,11.16,-4.273,-4.4,-116.8,0.3682,-0.963,-116.9,4.375,-0.9657,-163.1,0.07785,-5.677,-75.26,-5.551,-1.22,-80.08,3.137,-1.933,-76.28,32.81,4.623,-80.41,-45.92,1.839,-89.36,-44.29,11.81,-82.39,17.7,2.677,-84.23,-14.25,4.013,-84.31,-1.444,-1.115,-60.53,43.95,-102.5,10.75,-99.6,94.73,38.08,-103.5,4.885,130.9,146,-36.62,-120.6,-13.19,-35.64,70.81,209,-14.16,132.8,244.6,-96.19,-53.24,-146.5,29.79,-37.61,16.12,47.85,-62.5,-390.1,76.18,-407.7,475.6,237.8,-926.7,373.1,166.9,80.09,-158.7,-39.57,115.2,-130.8,23.45,-28.38,4.912,25.41,0.5018,-0.03034,0.8452,0.1928,-0.647,0.2615,0.6261,-0.4176,0.4214,0.3304,-0.5514,0.3393,-0.461,-0.5135,-0.4605,-0.7301,-0.2169,-0.4577,-0.5201,-0.435,-0.4826,0.7173,-0.1404,0.6756,0.6282,-0.07715,0.7714,0.5622,-0.4889,0.2667,0.2481,-0.7223,0.5908,-0.111,-0.5765,0.04938,-0.6516,-0.4193,-0.4079,-0.5097,-0.6125,-0.503,-0.07929,-0.231,-0.2015
8.1,8.751,0.4506,4.523,2.526,2.873,3.299,-5.71,4.858,7.547,9.553,7.36,9.378,-1.689,1.856,-46.89,-44.38,0.5919,2.481,-1.484,2.279,53.93,42.8,30.37,14.14,4.179,-5.178,-3.444,-1.507,76.88,31.97,0.9246,13.1,-3.471,-4.998,6.174,-1.088,-72.15,-8.02,1.4,-25.19,-0.2433,-0.681,-25.12,-5.953,-0.6844,11.12,-4.996,-5.552,-116.5,0.6535,-1.267,-116.6,5.51,-1.273,-163.5,0.3475,-7.18,-75.46,-5.568,-1.152,-80.2,3.045,-1.842,-77.2,33.21,4.236,-81.31,-43.55,2.345,-89.58,-42.08,11.4,-82.25,17.26,2.786,-84.12,-14.65,4.024,-84.3,-1.513,-1.074,-25.38,44.92,-117.2,-22.45,29.79,108.4,-25.4,-62.98,2.437,59.58,165.5,-44.92,-157.7,-41.51,-39.55,32.73,229.5,-9.282,82.03,275.4,-104,-91.29,-53.72,34.18,-67.37,97.16,53.72,-130.4,-396,61.04,-393.5,326.2,151.4,-883.3,334.5,181.7,114.3,-55.16,-55.16,187.5,-170.9,-59.55,-31.32,1.422,46.88,0.5019,-0.03076,0.8453,0.1991,-0.6471,0.2718,0.6221,-0.4166,0.4314,0.3225,-0.5542,0.3474,-0.4616,-0.5112,-0.4594,-0.7337,-0.2133,-0.4481,-0.524,-0.4287,-0.4743,0.7175,-0.1387,0.6759,0.6278,-0.07581,0.7719,0.5636,-0.4865,0.2655,0.2638,-0.7156,0.5866,-0.1053,-0.5614,0.05341,-0.6499,-0.4222,-0.4093,-0.5087,-0.6134,-0.5049,-0.07959,-0.2316,-0.2015
8.11,8.65,0.4145,4.415,2.479,2.815,3.489,-6.207,5.807,6.969,9.855,6.774,9.686,-1.652,1.848,-45.64,-43.88,0.7983,2.699,-1.632,2.703,52.93,41.94,30.77,13.9,4.168,-5.078,-2.7,-1.502,74.75,32.01,0.5216,13.39,-3.307,-4.976,5.766,-1.037,-72.17,-7.982,1.346,-26.47,-0.6287,-1.08,-26.35,-6.834,-1.087,10.95,-5.588,-6.636,-116,0.884,-1.534,-116.1,6.689,-1.544,-163.9,0.6535,-8.699,-75.68,-5.582,-1.13,-80.3,2.939,-1.769,-78.15,33.55,3.838,-82.11,-41.1,2.684,-89.61,-40.06,10.85,-82.31,16.91,2.777,-84.2,-15.04,4.076,-84.29,-1.616,-1.008,-29.77,41.5,-139.7,-46.87,139.7,96.68,-70.8,5.367,4.391,3.897,175.8,-60.55,-185.1,-48.82,-51.27,11.71,243.2,-6.345,44.44,301.3,-102,-78.13,61.52,37.59,-138.2,157.2,58.6,-207,-348.6,60.56,-327.1,381.4,348.2,-669.8,226,236.3,71.77,29.78,17.57,193.4,-207,-35.62,-8.235,-66.45,-5.368,0.5022,-0.03107,0.8452,0.2041,-0.6476,0.2813,0.6191,-0.4148,0.4417,0.3162,-0.5566,0.3555,-0.462,-0.5092,-0.4587,-0.7374,-0.2095,-0.4385,-0.5284,-0.4221,-0.466,0.7177,-0.1373,0.6761,0.6272,-0.07471,0.7725,0.5646,-0.4844,0.2646,0.2802,-0.7088,0.5815,-0.09937,-0.5475,0.05597,-0.6476,-0.425,-0.4103,-0.5069,-0.6152,-0.5059,-0.08008,-0.2326,-0.2015
8.12,8.619,0.3678,4.304,2.382,2.793,3.665,-6.594,6.82,6.34,10.11,6.134,9.944,-1.616,1.857,-44.65,-43.3,0.9346,2.914,-1.742,3.104,52.32,41.07,31.09,13.69,4.137,-4.974,-2.015,-1.612,72.5,32.13,-0.06492,13.7,-3.053,-5.004,5.311,-0.8859,-72.19,-7.941,1.301,-27.48,-1.066,-1.495,-27.31,-7.657,-1.508,10.65,-6.063,-7.637,-115.4,1.082,-1.768,-115.6,7.898,-1.785,-164.2,0.9749,-10.21,-75.88,-5.642,-1.131,-80.38,2.855,-1.711,-79.02,33.83,3.429,-82.74,-38.58,2.857,-89.5,-38.19,10.11,-82.48,16.62,2.712,-84.38,-15.44,4.141,-84.28,-1.714,-0.9835,-78.12,42,-154.8,-68.86,252,87.4,-108.9,93.74,-8.794,-36.64,198.2,-70.31,-198.7,-55.18,-74.22,-14.65,238.3,-4.883,15.62,323.2,-108.9,-108.4,140.6,44.93,-206.1,165,25.89,-227,-277.8,79.1,-307.6,396.5,305.6,-456,126.4,230,-32.25,121.1,67.39,61.54,-85.96,-42.95,7.352,-7.756,-26.84,0.5025,-0.03131,0.8451,0.2072,-0.6486,0.2895,0.6168,-0.4122,0.4521,0.3115,-0.5587,0.3635,-0.4622,-0.5075,-0.458,-0.7411,-0.2056,-0.4289,-0.5331,-0.4152,-0.4578,0.7176,-0.136,0.6767,0.6267,-0.07379,0.773,0.5652,-0.4829,0.2637,0.2966,-0.7021,0.5752,-0.09253,-0.5344,0.05731,-0.6452,-0.4276,-0.4109,-0.5046,-0.6175,-0.5066,-0.0802,-0.2334,-0.2016
8.13,8.657,0.3108,4.199,2.243,2.797,3.8,-6.874,7.878,5.687,10.33,5.467,10.16,-1.578,1.892,-43.97,-42.63,0.9951,3.118,-1.858,3.492,52.13,40.2,31.32,13.49,4.074,-4.868,-1.393,-1.839,70.06,32.28,-0.8071,14.03,-2.664,-5.089,4.813,-0.6292,-72.23,-7.906,1.271,-28.19,-1.542,-1.917,-27.96,-8.412,-1.937,10.24,-6.432,-8.576,-114.8,1.244,-1.974,-115.1,9.117,-1.999,-164.4,1.305,-11.72,-76.05,-5.751,-1.145,-80.45,2.791,-1.658,-79.81,34.03,3.016,-83.24,-35.96,2.958,-89.26,-36.36,9.213,-82.77,16.37,2.605,-84.67,-15.85,4.252,-84.27,-1.811,-0.9757,-129.9,29.78,-157.7,-113.8,316.9,105,-157.2,180.7,9.277,-74.7,240.7,-63.97,-208,-52.25,-69.82,-28.8,234.4,-8.787,-21.98,341.3,-106,-149.4,193.4,59.58,-230,145,16.12,-223.2,-264.2,69.32,-332.5,282.7,130.9,-411.3,131.9,145.6,-101.6,95.67,6.847,-65.4,10.7,12.17,33.23,27.79,-14.14,0.5027,-0.03137,0.8451,0.2084,-0.6502,0.296,0.6149,-0.4093,0.4622,0.3082,-0.5607,0.3714,-0.4621,-0.5061,-0.4574,-0.7447,-0.2017,-0.4193,-0.538,-0.408,-0.4499,0.7171,-0.1349,0.6775,0.6263,-0.073,0.7734,0.5653,-0.4821,0.2628,0.3129,-0.6952,0.568,-0.08478,-0.5217,0.05762,-0.643,-0.4299,-0.4116,-0.5019,-0.6204,-0.5068,-0.08021,-0.2342,-0.2017
8.14,8.692,0.2575,4.111,2.136,2.801,3.92,-7.065,8.948,5.03,10.55,4.792,10.37,-1.534,1.932,-43.64,-41.92,0.9651,3.289,-2,3.865,52.32,39.33,31.44,13.29,3.955,-4.755,-0.8847,-2.037,67.36,32.46,-1.813,14.41,-2.216,-5.176,4.362,-0.4053,-72.28,-7.893,1.244,-28.56,-2.043,-2.352,-28.27,-9.102,-2.381,9.758,-6.699,-9.476,-114.2,1.392,-2.157,-114.5,10.33,-2.193,-164.6,1.65,-13.21,-76.22,-5.849,-1.157,-80.53,2.732,-1.608,-80.47,34.12,2.612,-83.54,-33.17,2.922,-88.95,-34.65,8.226,-83.03,16.11,2.498,-84.95,-16.28,4.373,-84.27,-1.88,-0.9626,-162.1,34.18,-157.7,-160.7,298.3,120.6,-210.4,257.3,-2.437,-93.25,301.8,-51.27,-222.7,-70.8,-86.92,-52.73,229.5,-8.303,-56.13,369.6,-105.5,-177.8,209,83.02,-239.3,110.8,9.771,-232.4,-350.1,-20.5,-357.5,214.4,163.1,-520.5,119.2,44.42,-176.3,70.83,23.94,-135.7,56.13,42.47,36.62,90.88,10.74,0.5028,-0.03137,0.8451,0.2077,-0.6525,0.3007,0.6129,-0.4066,0.4716,0.3059,-0.5626,0.3791,-0.4618,-0.505,-0.4568,-0.7481,-0.1979,-0.4099,-0.543,-0.4007,-0.4421,0.7167,-0.1339,0.6783,0.626,-0.07221,0.7738,0.565,-0.4822,0.2621,0.3294,-0.6884,0.559,-0.0766,-0.5096,0.05701,-0.641,-0.432,-0.4125,-0.4991,-0.6233,-0.5071,-0.08026,-0.2348,-0.2018
8.15,8.745,0.2082,4.027,2.006,2.813,4.017,-7.195,10.01,4.341,10.73,4.076,10.55,-1.498,2.005,-43.59,-41.18,0.8716,3.408,-2.184,4.205,52.8,38.47,31.44,13.06,3.786,-4.645,-0.4156,-2.184,64.44,32.66,-3.133,14.84,-1.849,-5.217,3.993,-0.2453,-72.33,-7.863,1.231,-28.65,-2.557,-2.808,-28.29,-9.744,-2.846,9.25,-6.897,-10.37,-113.5,1.521,-2.338,-113.9,11.52,-2.386,-164.8,2.001,-14.67,-76.37,-5.952,-1.165,-80.6,2.688,-1.559,-81.08,34.1,2.186,-83.66,-30.3,2.669,-88.6,-33.14,7.226,-83.23,15.84,2.409,-85.16,-16.74,4.466,-84.26,-1.929,-0.9293,-174.8,36.14,-159.7,-182.1,228,125.5,-246.6,314.4,4.391,-104.5,335.9,-36.62,-225.1,-82.04,-91.31,-65.43,224.1,-8.787,-91.3,384.3,-109.9,-189.9,202.6,70.8,-219.7,90.82,-17.1,-258.3,-500.5,-109.9,-293,206.5,180.7,-623.1,75.14,-4.919,-204.6,34.16,47.36,-170.8,85.96,126.4,47.79,122,20.04,0.503,-0.03125,0.8451,0.2052,-0.6554,0.3038,0.6106,-0.4046,0.48,0.3041,-0.5647,0.3866,-0.4612,-0.5041,-0.4561,-0.7512,-0.1942,-0.4008,-0.548,-0.3935,-0.4343,0.7163,-0.1329,0.6791,0.6258,-0.07148,0.774,0.5649,-0.4829,0.2618,0.3462,-0.682,0.5482,-0.06849,-0.4991,0.05573,-0.6392,-0.4339,-0.4135,-0.4965,-0.626,-0.5078,-0.08051,-0.2352,-0.2018
8.16,8.83,0.1681,3.961,1.844,2.809,4.074,-7.304,11.05,3.644,10.88,3.336,10.69,-1.467,2.076,-43.74,-40.4,0.7154,3.487,-2.382,4.527,53.45,37.6,31.36,12.82,3.635,-4.509,0.1466,-2.263,61.44,32.88,-4.858,15.31,-1.483,-5.171,3.56,-0.2062,-72.39,-7.818,1.226,-28.54,-3.07,-3.277,-28.12,-10.36,-3.327,8.767,-7.045,-11.25,-112.8,1.643,-2.493,-113.3,12.68,-2.555,-165,2.36,-16.08,-76.49,-6.071,-1.152,-80.64,2.66,-1.501,-81.76,34.01,1.727,-83.88,-27.39,2.413,-88.31,-32.02,6.248,-83.33,15.58,2.324,-85.27,-17.23,4.521,-84.28,-1.947,-0.8437,-182.1,43.45,-172.4,-210.5,139.2,119.1,-271,319.3,-10.25,-121.6,373.5,-19.53,-235.3,-85.94,-93.75,-79.11,230,-19.05,-113.8,405.8,-113.3,-214.3,169.9,62.5,-213.4,70.32,-29.79,-281.2,-593.7,-72.75,-234.4,157.7,147.5,-635.4,-71.77,31.2,-239.3,18.57,87.88,-179.7,63.02,158.2,28.82,136.3,-39.1,0.5034,-0.03107,0.845,0.2017,-0.6587,0.3058,0.6077,-0.4036,0.4873,0.3025,-0.567,0.3936,-0.4605,-0.5034,-0.4553,-0.7541,-0.1908,-0.392,-0.553,-0.3864,-0.4268,0.7157,-0.132,0.6799,0.6256,-0.0708,0.7742,0.5648,-0.4838,0.2619,0.3634,-0.6749,0.5372,-0.06049,-0.4913,0.05445,-0.6375,-0.4355,-0.4148,-0.4941,-0.6281,-0.5092,-0.08118,-0.2355,-0.2015
8.17,8.918,0.1282,3.926,1.666,2.796,4.081,-7.414,12.07,2.976,11,2.602,10.8,-1.448,2.154,-44,-39.59,0.5306,3.529,-2.577,4.815,54.14,36.72,31.28,12.61,3.54,-4.333,0.7877,-2.258,58.42,33.16,-7.033,15.85,-0.947,-5.042,3.001,-0.2634,-72.46,-7.769,1.221,-28.33,-3.557,-3.759,-27.83,-10.95,-3.822,8.323,-7.162,-12.11,-112,1.75,-2.634,-112.6,13.8,-2.711,-165.2,2.71,-17.44,-76.57,-6.199,-1.134,-80.68,2.625,-1.439,-82.53,33.92,1.279,-84.25,-24.47,2.235,-88.08,-31.32,5.162,-83.34,15.33,2.227,-85.27,-17.76,4.522,-84.3,-1.941,-0.7247,-203.6,32.72,-185.5,-235.8,91.31,108.4,-295.4,272.5,-15.14,-144.5,406.2,-7.326,-254.9,-95.71,-98.15,-85.46,253.9,-17.09,-152.8,408.2,-122.6,-224.1,128.9,84.47,-250,54.2,0,-321.3,-598.2,-4.888,-206.5,24.91,74.73,-359.5,-189,36.58,-277.8,4.389,131.8,-180.6,-12.69,176.7,-30.29,34.64,-9.305,0.5037,-0.03082,0.8449,0.1977,-0.6623,0.307,0.6041,-0.4037,0.4934,0.301,-0.5695,0.4002,-0.4596,-0.5029,-0.4545,-0.7566,-0.1877,-0.3834,-0.5577,-0.3795,-0.4194,0.7151,-0.1314,0.6808,0.6255,-0.07013,0.7744,0.5644,-0.4845,0.2624,0.3809,-0.6665,0.5265,-0.05158,-0.4868,0.05329,-0.6358,-0.4367,-0.4162,-0.4919,-0.6298,-0.5112,-0.08216,-0.2356,-0.2011
8.18,9.071,0.08732,3.895,1.472,2.778,4.062,-7.528,13.03,2.369,11.11,1.889,10.89,-1.431,2.224,-44.33,-38.79,0.3162,3.557,-2.769,5.074,54.81,35.85,31.13,12.39,3.465,-4.182,1.53,-2.085,55.33,33.55,-9.606,16.44,-0.2558,-4.916,2.354,-0.483,-72.54,-7.723,1.212,-28.05,-4.016,-4.242,-27.48,-11.52,-4.318,7.958,-7.244,-12.96,-111.3,1.846,-2.757,-112,14.87,-2.852,-165.4,3.021,-18.72,-76.63,-6.346,-1.117,-80.71,2.636,-1.38,-83.4,33.79,0.7832,-84.74,-21.52,2.069,-87.88,-30.99,3.921,-83.17,15.11,2.194,-85.11,-18.37,4.544,-84.31,-1.939,-0.5849,-228.5,21.97,-196.3,-267.1,49.81,99.12,-315,195.3,-48.34,-183.1,433.1,2.438,-267.6,-76.18,-107.9,-119.6,261.7,-9.766,-179.7,430.2,-117.2,-259.7,92.29,115.7,-301.8,53.22,2.443,-373,-526.4,7.332,-121.1,-121.6,8.328,93.21,-148.9,119.6,-254.4,-61.04,120.6,-64.49,-258.8,134.7,-112.3,-20.55,60.03,0.5041,-0.03058,0.8448,0.1936,-0.6659,0.3078,0.6001,-0.4046,0.4986,0.2993,-0.5722,0.406,-0.4584,-0.5028,-0.4535,-0.7587,-0.1849,-0.3753,-0.5619,-0.3731,-0.4123,0.7143,-0.1308,0.6817,0.6256,-0.06958,0.7743,0.5639,-0.4853,0.2631,0.3988,-0.6572,0.5158,-0.04138,-0.4853,0.05225,-0.6345,-0.4377,-0.4174,-0.4903,-0.6311,-0.5138,-0.08332,-0.2357,-0.2008
8.19,9.269,0.04708,3.805,1.325,2.753,4.073,-7.633,13.97,1.889,11.23,1.237,11.01,-1.427,2.27,-44.64,-37.97,0.1341,3.564,-2.934,5.285,55.39,34.94,30.83,12.14,3.359,-4.03,2.356,-1.816,52.15,34.04,-12.34,17.04,0.474,-4.753,1.696,-0.8274,-72.6,-7.714,1.198,-27.78,-4.444,-4.724,-27.14,-12.05,-4.816,7.678,-7.321,-13.75,-110.6,1.945,-2.851,-111.3,15.9,-2.962,-165.6,3.32,-19.93,-76.7,-6.484,-1.094,-80.69,2.702,-1.318,-84.32,33.57,0.218,-85.28,-18.56,1.933,-87.73,-30.82,2.673,-82.85,14.91,2.187,-84.82,-19.05,4.545,-84.32,-2,-0.4254,-209,32.72,-180.7,-286.6,3.425,69.82,-331.1,127.9,-65.91,-215.3,441.9,3.42,-294.4,-67.39,-100.1,-139.2,294.4,0.4838,-216.8,435.5,-117.7,-290,92.78,82.03,-298.8,77.15,-37.6,-407.7,-464.9,-0.4761,-114.8,-317.9,-51.29,385.9,-130.4,126.5,-168.5,-189,98.65,108.4,-334,-106.5,-132.8,-169,94.75,0.5042,-0.0304,0.8449,0.1896,-0.6694,0.3084,0.5962,-0.4058,0.5032,0.2974,-0.5749,0.411,-0.4571,-0.5031,-0.4522,-0.7605,-0.1823,-0.3675,-0.5658,-0.367,-0.4055,0.7135,-0.1301,0.6826,0.6261,-0.06928,0.774,0.5637,-0.4866,0.2641,0.4165,-0.6469,0.5052,-0.03107,-0.4849,0.05145,-0.6334,-0.4383,-0.4187,-0.489,-0.6319,-0.5172,-0.0846,-0.2363,-0.2004
8.2,9.388,0.02391,3.681,1.289,2.725,4.098,-7.713,14.86,1.562,11.37,0.64,11.14,-1.425,2.313,-44.85,-37.18,-0.01103,3.556,-3.062,5.459,55.81,34.04,30.44,11.94,3.221,-3.911,3.207,-1.64,48.88,34.58,-15.12,17.56,1.187,-4.631,1.123,-1.081,-72.65,-7.747,1.18,-27.58,-4.86,-5.198,-26.87,-12.54,-5.306,7.478,-7.394,-14.5,-109.8,2.029,-2.934,-110.6,16.87,-3.064,-165.8,3.578,-21.07,-76.78,-6.552,-1.076,-80.64,2.759,-1.274,-85.24,33.23,-0.399,-85.83,-15.63,1.796,-87.68,-30.69,1.492,-82.61,14.76,2.164,-84.6,-19.74,4.544,-84.31,-2.15,-0.3098,-172.8,41.5,-164.5,-277.4,-2.926,67.38,-357.4,88.87,-97.17,-214.9,453.6,-3.42,-290.5,-35.65,-115.2,-137.7,325.7,3.42,-238.8,448.7,-132.8,-300.8,124.5,4.883,-284.2,119.1,-77.14,-446.3,-484.4,-19.04,-187,-462.9,-57.14,562.6,-206.6,145.6,-71.27,-267.1,37.59,256.8,-273.9,-93.24,-82.94,-108.5,76.68,0.5039,-0.03028,0.8451,0.1862,-0.6727,0.3094,0.5925,-0.4068,0.5076,0.2954,-0.5775,0.4154,-0.4555,-0.5036,-0.4508,-0.762,-0.1799,-0.36,-0.5692,-0.3615,-0.3989,0.7132,-0.1295,0.6831,0.6264,-0.06928,0.7736,0.5639,-0.4885,0.2656,0.4337,-0.6362,0.4944,-0.02094,-0.4848,0.05133,-0.6327,-0.4386,-0.4199,-0.4873,-0.6331,-0.5204,-0.08545,-0.2377,-0.2004
8.21,9.464,0.00425,3.551,1.294,2.735,4.096,-7.75,15.72,1.444,11.54,0.103,11.31,-1.44,2.364,-44.9,-36.42,-0.08998,3.541,-3.157,5.573,56.01,33.13,29.96,11.85,3.067,-3.813,4.015,-1.578,45.49,35.24,-17.83,18.07,1.922,-4.552,0.7658,-1.253,-72.67,-7.815,1.176,-27.53,-5.269,-5.647,-26.74,-12.98,-5.771,7.365,-7.467,-15.2,-109.1,2.112,-3.007,-110,17.81,-3.157,-166,3.802,-22.13,-76.8,-6.616,-1.087,-80.53,2.773,-1.259,-86.05,32.75,-1.01,-86.28,-12.72,1.595,-87.74,-30.51,0.335,-82.43,14.69,2.101,-84.44,-20.48,4.556,-84.28,-2.363,-0.2287,-164.1,55.17,-124.5,-260.7,10.26,56.16,-364.7,97.17,-110.4,-207.5,446.8,-20.51,-277.4,-10.26,-124.5,-147,333.5,4.399,-236.8,475.6,-133.8,-277.8,174.3,-51.26,-279.3,165.5,-105.5,-428.7,-441.4,1.46,-180.2,-561.5,-120.6,769.4,-286.2,130.8,4.906,-244.6,15.16,343.3,-216.8,-89.86,-70.29,-47.31,51.27,0.5034,-0.03015,0.8455,0.1837,-0.6756,0.3111,0.5895,-0.4075,0.5119,0.293,-0.5802,0.4191,-0.4538,-0.5042,-0.4493,-0.7634,-0.1778,-0.3529,-0.5721,-0.3564,-0.3927,0.7129,-0.1294,0.6836,0.6265,-0.06977,0.7735,0.5647,-0.491,0.2677,0.4502,-0.6256,0.4828,-0.0105,-0.4843,0.05207,-0.6316,-0.4389,-0.4205,-0.485,-0.6347,-0.5234,-0.086,-0.2395,-0.2006
8.22,9.541,0.006641,3.479,1.198,2.757,3.999,-7.759,16.52,1.52,11.65,-0.4519,11.41,-1.451,2.421,-44.8,-35.74,-0.116,3.508,-3.237,5.659,56,32.24,29.43,11.89,2.944,-3.746,4.775,-1.636,42.06,36.04,-20.4,18.58,2.785,-4.475,0.5427,-1.35,-72.68,-7.815,1.172,-27.6,-5.66,-6.041,-26.76,-13.38,-6.179,7.324,-7.545,-15.83,-108.4,2.194,-3.087,-109.4,18.69,-3.257,-166.3,3.982,-23.11,-76.71,-6.711,-1.117,-80.37,2.756,-1.287,-86.76,32.17,-1.581,-86.7,-9.852,1.401,-87.89,-30.23,-0.8708,-82.34,14.7,1.99,-84.37,-21.26,4.557,-84.26,-2.633,-0.1608,-204.6,61.03,-134.3,-253.9,35.64,53.23,-354,137.7,-107.4,-199.7,443.9,-10.75,-260.2,-0.9764,-129.4,-140.6,346.7,7.808,-239.3,493.6,-140.1,-272.9,213.4,-48.83,-279.8,192.4,-81.55,-419.9,-378.4,66.91,-142.1,-579.1,-147.5,1049,-170.5,33.2,-15.16,-114.2,84.48,276.4,-115.2,23.45,-21.91,17.58,30.24,0.5034,-0.03015,0.8455,0.182,-0.678,0.3136,0.5871,-0.4078,0.5161,0.2905,-0.5827,0.4221,-0.452,-0.5048,-0.4478,-0.7646,-0.1759,-0.3461,-0.5746,-0.3517,-0.3868,0.7122,-0.1301,0.6841,0.6263,-0.0708,0.7735,0.5654,-0.4941,0.2701,0.4659,-0.6148,0.4712,8.55E-04,-0.483,0.05347,-0.6303,-0.4391,-0.4206,-0.4821,-0.6367,-0.5265,-0.08637,-0.2418,-0.2008
8.23,9.654,0.009828,3.52,1.023,2.801,3.788,-7.735,17.25,1.763,11.72,-1.017,11.47,-1.441,2.485,-44.56,-35.12,-0.09395,3.461,-3.278,5.715,55.84,31.41,28.85,11.98,2.861,-3.717,5.583,-1.721,38.65,36.96,-22.7,19.13,3.712,-4.404,0.2631,-1.436,-72.67,-7.764,1.167,-27.79,-6.054,-6.378,-26.91,-13.74,-6.53,7.326,-7.639,-16.38,-107.8,2.279,-3.183,-108.8,19.5,-3.374,-166.6,4.116,-24.02,-76.48,-6.833,-1.182,-80.21,2.741,-1.356,-87.52,31.54,-2.161,-87.22,-7.071,1.269,-88.09,-29.76,-2.111,-82.28,14.78,1.864,-84.31,-22.11,4.564,-84.25,-2.918,-0.09607,-242.2,57.13,-196.3,-246.1,65.92,72.26,-342.8,187.5,-111.3,-201.7,446.8,-7.811,-254.4,12.21,-138.2,-130.9,356.4,3.904,-252,508.3,-149.4,-273.4,224.6,-15.14,-292.5,199.2,-75.2,-393.5,-321.3,98.62,-66.92,-539.1,-181.7,1351,-127.9,-68.4,-106.9,54.69,73.24,103.5,-37.63,91.79,8.823,51.71,6.352,0.5038,-0.03028,0.8453,0.1809,-0.6797,0.3167,0.585,-0.4079,0.5201,0.288,-0.5848,0.4247,-0.4502,-0.5053,-0.4463,-0.7655,-0.1741,-0.34,-0.5765,-0.3475,-0.3813,0.7111,-0.1317,0.6847,0.626,-0.07221,0.7735,0.566,-0.4973,0.2728,0.4811,-0.6032,0.4603,0.01282,-0.4802,0.05512,-0.6292,-0.4388,-0.4204,-0.4787,-0.639,-0.5296,-0.08668,-0.2443,-0.2009
8.24,9.797,0.005711,3.629,0.8633,2.857,3.489,-7.716,17.91,2.057,11.82,-1.497,11.56,-1.412,2.538,-44.22,-34.59,-0.05249,3.417,-3.299,5.752,55.53,30.65,28.19,12.08,2.798,-3.711,6.565,-1.797,35.31,37.95,-24.63,19.74,4.539,-4.291,-0.2136,-1.566,-72.64,-7.737,1.15,-28.08,-6.424,-6.652,-27.17,-14.09,-6.816,7.378,-7.737,-16.88,-107.3,2.368,-3.288,-108.4,20.24,-3.502,-166.9,4.202,-24.85,-76.16,-6.965,-1.282,-80.01,2.744,-1.457,-88.46,30.82,-2.827,-87.94,-4.427,1.157,-88.25,-29.05,-3.338,-82.18,14.88,1.73,-84.22,-22.99,4.526,-84.25,-3.188,-0.03006,-266.1,45.41,-200.7,-249,87.4,85.45,-336.4,232.4,-111.8,-210.9,451.2,-13.67,-267.6,15.62,-147.5,-127,372.1,14.16,-263.7,520,-146.5,-277.8,208.5,-1.962,-286.6,196.8,-109.9,-362.8,-254.9,84.46,4.385,-452.6,-201.7,1619,-17.6,-159.2,-202.6,154.8,138.7,-119.1,19.5,104.5,48.38,56.62,-59.59,0.504,-0.03052,0.8451,0.1806,-0.681,0.3203,0.5832,-0.408,0.5238,0.2855,-0.5868,0.4268,-0.4484,-0.5058,-0.4448,-0.7663,-0.1726,-0.3342,-0.578,-0.3437,-0.3763,0.7099,-0.1342,0.6853,0.6258,-0.07398,0.7734,0.5669,-0.5007,0.2761,0.4962,-0.5908,0.4507,0.02466,-0.4754,0.05628,-0.6287,-0.4379,-0.4206,-0.4752,-0.6411,-0.5332,-0.08698,-0.2466,-0.2009
8.25,9.955,-0.01155,3.771,0.7657,2.932,3.167,-7.695,18.49,2.357,11.98,-1.903,11.71,-1.391,2.603,-43.78,-34.18,0.002205,3.371,-3.304,5.778,55.14,29.96,27.39,12.15,2.73,-3.7,7.684,-1.917,31.98,38.93,-26.06,20.39,5.131,-4.218,-0.9074,-1.669,-72.59,-7.76,1.134,-28.44,-6.785,-6.9,-27.48,-14.42,-7.075,7.45,-7.829,-17.34,-106.8,2.449,-3.406,-108,20.9,-3.642,-167.2,4.243,-25.6,-75.79,-7.082,-1.406,-79.8,2.773,-1.572,-89.52,29.97,-3.539,-88.8,-1.936,1.013,-88.28,-28,-4.466,-82.13,14.98,1.563,-84.16,-23.87,4.518,-84.25,-3.415,0.02222,-278.8,48.34,-171.4,-253.4,113.3,98.14,-340.3,243.2,-101.1,-223.1,450.7,-10.25,-279.3,21,-154.3,-125,384.8,10.74,-279.3,528.3,-144,-295.4,157.2,-33.2,-278.8,169.4,-157.2,-231,-155.8,69.32,87.92,-340.3,-181.2,1697,57.69,-336,-299.8,244.6,105.4,-324.7,10.7,188.5,103.5,28.83,-138.1,0.5038,-0.03082,0.8452,0.1806,-0.6819,0.3242,0.5814,-0.4083,0.5272,0.283,-0.5886,0.4286,-0.4466,-0.5061,-0.4434,-0.767,-0.1714,-0.329,-0.579,-0.3404,-0.3715,0.7087,-0.137,0.6858,0.6258,-0.07593,0.7731,0.5686,-0.5042,0.2803,0.5112,-0.578,0.4421,0.03534,-0.468,0.05615,-0.6282,-0.4368,-0.421,-0.4716,-0.6434,-0.5365,-0.08722,-0.2485,-0.2009
8.26,10.13,-0.03241,3.902,0.6897,3.043,2.892,-7.694,19.02,2.681,12.14,-2.269,11.85,-1.429,2.704,-43.27,-33.83,0.04675,3.31,-3.283,5.782,54.69,29.3,26.46,12.16,2.659,-3.65,8.896,-1.991,28.73,39.89,-26.97,21.14,5.415,-4.206,-1.836,-1.828,-72.51,-7.788,1.15,-28.84,-7.118,-7.129,-27.85,-14.75,-7.316,7.521,-7.896,-17.76,-106.4,2.52,-3.524,-107.6,21.5,-3.785,-167.5,4.26,-26.27,-75.43,-7.185,-1.53,-79.6,2.832,-1.685,-90.64,29.01,-4.241,-89.77,0.3617,0.8122,-88.12,-26.62,-5.428,-82.02,15.04,1.375,-84.05,-24.77,4.541,-84.23,-3.555,0.04052,-267.1,70.31,-161.1,-268.6,131.8,105,-353.5,232.4,-103.5,-246.6,448.2,-18.56,-292.5,26.86,-138.2,-115.2,401.4,18.07,-263.7,547.4,-131.8,-308.6,115.7,-43.46,-264.2,120.6,-175.3,-32.7,-20.03,71.77,134.8,-245.6,-80.08,1595,11.17,-489.7,-370.6,286.1,77.63,-520,78.62,-4.432,88.38,-15.12,-85,0.5036,-0.03107,0.8451,0.1812,-0.6827,0.3283,0.5796,-0.4088,0.5302,0.2807,-0.5904,0.4301,-0.445,-0.5063,-0.4423,-0.7674,-0.1704,-0.3242,-0.5796,-0.3374,-0.3673,0.7076,-0.1398,0.6862,0.626,-0.07789,0.7727,0.5706,-0.5077,0.2855,0.5257,-0.5653,0.4345,0.04407,-0.4578,0.05426,-0.6276,-0.4355,-0.4218,-0.4684,-0.6456,-0.5398,-0.08729,-0.2497,-0.2011
8.27,10.23,-0.06807,3.945,0.669,3.146,2.678,-7.691,19.5,3.015,12.29,-2.618,11.99,-1.499,2.802,-42.7,-33.47,0.1112,3.231,-3.233,5.751,54.19,28.63,25.51,12.1,2.676,-3.538,10.01,-2.099,25.67,40.77,-27.42,21.94,5.417,-4.305,-2.825,-1.985,-72.43,-7.82,1.167,-29.3,-7.429,-7.358,-28.28,-15.06,-7.556,7.589,-7.942,-18.15,-106,2.585,-3.631,-107.3,22.05,-3.913,-167.8,4.264,-26.86,-75.14,-7.235,-1.641,-79.37,2.88,-1.765,-91.59,28.02,-4.71,-90.62,2.434,0.464,-87.74,-24.97,-6.222,-81.93,15.03,1.152,-83.94,-25.65,4.619,-84.2,-3.628,-0.004575,-256.3,81.54,-158.7,-266.1,153.8,105.5,-366.7,199.7,-109.9,-263.7,431.1,-2.438,-322.8,15.62,-116.2,-95.71,422.4,36.14,-257.8,560,-135.8,-338.9,74.7,-80.56,-229.5,54.7,-152.3,33.19,102.5,-36.63,238.8,-203.1,6.342,1361,-55.24,-654.8,-421.4,194.3,17.09,-590.3,-10.7,122.1,36.62,19.52,-166.9,0.5033,-0.03125,0.8451,0.1822,-0.6834,0.3325,0.578,-0.4094,0.5328,0.2787,-0.5921,0.4315,-0.4437,-0.5062,-0.4416,-0.7677,-0.1694,-0.3199,-0.5801,-0.335,-0.3633,0.7069,-0.1422,0.6864,0.6261,-0.07972,0.7723,0.5721,-0.5107,0.2915,0.539,-0.5542,0.4266,0.05066,-0.4456,0.05023,-0.6273,-0.4339,-0.4237,-0.4655,-0.6478,-0.5428,-0.08692,-0.2503,-0.2015
8.28,10.27,-0.08513,3.935,0.6743,3.225,2.529,-7.677,19.95,3.343,12.41,-2.95,12.09,-1.577,2.885,-42.1,-33.1,0.1729,3.15,-3.161,5.691,53.68,27.95,24.61,11.98,2.919,-3.423,10.82,-2.07,22.87,41.6,-27.61,22.86,5.289,-4.431,-3.716,-2.26,-72.36,-7.842,1.18,-29.8,-7.723,-7.568,-28.75,-15.33,-7.778,7.62,-7.967,-18.49,-105.5,2.634,-3.711,-106.9,22.54,-4.015,-168,4.245,-27.37,-74.91,-7.25,-1.724,-79.15,2.901,-1.832,-92.18,27.13,-4.746,-91.21,4.326,0.03397,-87.18,-23.23,-6.848,-81.68,14.92,0.9799,-83.71,-26.59,4.711,-84.13,-3.632,-0.06339,-280.3,78.61,-106,-259.3,185.1,117.2,-372.5,191.4,-112.3,-266.6,434.1,4.391,-314.5,27.84,-107.4,-92.27,424.8,27.83,-256.3,565.4,-137.7,-345.7,66.4,-97.66,-195.8,43.94,-113.8,-107.4,233.9,-17.08,272.5,-241.7,12.19,1236,-238.7,-892.6,-418,141.1,7.32,-445.3,-148,46.42,-18.53,56.1,-7.336,0.5032,-0.0315,0.8451,0.1835,-0.6839,0.3367,0.5768,-0.4098,0.5352,0.2772,-0.5936,0.4327,-0.4427,-0.5062,-0.4412,-0.768,-0.1686,-0.3161,-0.5802,-0.3331,-0.3598,0.7065,-0.144,0.6863,0.6261,-0.08143,0.7721,0.5727,-0.5124,0.2985,0.5504,-0.5451,0.418,0.0553,-0.4326,0.04462,-0.6273,-0.4323,-0.4262,-0.463,-0.6496,-0.5461,-0.08655,-0.2502,-0.2022
8.29,10.3,-0.06395,3.898,0.6089,3.261,2.409,-7.628,20.34,3.704,12.44,-3.325,12.11,-1.637,2.941,-41.52,-32.73,0.232,3.074,-3.095,5.621,53.21,27.3,23.82,11.81,3.349,-3.345,11.23,-2,20.41,42.4,-27.62,23.79,5.258,-4.448,-4.391,-2.56,-72.28,-7.802,1.181,-30.28,-8.011,-7.759,-29.21,-15.57,-7.977,7.63,-7.97,-18.78,-105.1,2.683,-3.775,-106.5,22.98,-4.096,-168.3,4.21,-27.81,-74.71,-7.274,-1.774,-78.92,2.903,-1.9,-92.33,26.4,-4.406,-91.46,6.041,-0.3132,-86.59,-21.49,-7.326,-81.39,14.75,0.8571,-83.41,-27.55,4.706,-84.07,-3.642,-0.1006,-263.7,71.29,-129.9,-265.1,219.7,140.1,-377.9,202.1,-114.7,-283.2,435.1,-5.858,-306.6,32.72,-104,-84.97,441.4,33.2,-255.4,575.7,-135.8,-327.6,61.03,-74.21,-187,50.29,-45.91,-201.7,326.2,164.1,261.2,-310,65.41,1030,-441.5,-1071,-350.6,-22.48,-43.96,-115.7,-110.8,-51.25,-125,15.64,128.9,0.5034,-0.03186,0.8448,0.1848,-0.6843,0.3409,0.5758,-0.41,0.5375,0.276,-0.595,0.4338,-0.4421,-0.506,-0.441,-0.7681,-0.168,-0.3127,-0.5801,-0.3316,-0.3567,0.706,-0.1455,0.6863,0.6259,-0.08313,0.7719,0.572,-0.5132,0.3055,0.5589,-0.538,0.4091,0.0586,-0.4195,0.03852,-0.6281,-0.4304,-0.4294,-0.4604,-0.651,-0.55,-0.08637,-0.2502,-0.2028
8.3,10.41,-0.01401,3.846,0.4579,3.265,2.316,-7.55,20.68,4.071,12.43,-3.708,12.09,-1.686,2.977,-40.95,-32.43,0.292,2.974,-3.056,5.552,52.79,26.71,23.09,11.6,3.793,-3.296,11.29,-1.961,18.26,43.17,-27.6,24.65,5.414,-4.383,-4.736,-2.829,-72.18,-7.728,1.164,-30.73,-8.276,-7.935,-29.65,-15.75,-8.16,7.603,-7.954,-19.06,-104.7,2.715,-3.832,-106.2,23.35,-4.169,-168.6,4.186,-28.17,-74.52,-7.349,-1.803,-78.69,2.927,-1.978,-92.1,25.78,-3.903,-91.36,7.551,-0.6041,-86.02,-19.92,-7.774,-81.13,14.55,0.7467,-83.12,-28.53,4.651,-84.01,-3.742,-0.09868,-187.5,61.53,-183.1,-264.7,248.1,165,-387.7,232.4,-115.2,-280.3,444.8,0.9815,-297.4,42.48,-99.12,-81.53,449.2,36.62,-249.5,601.1,-128.4,-299.8,72.27,-39.07,-172.4,69.34,-37.6,-232,379.4,149.4,266.2,-361.4,120.6,643.4,-703.1,-1258,-253,-262.7,-83.02,257.3,-150.4,-98.16,-98.08,-58.56,92.24,0.5039,-0.03247,0.8444,0.186,-0.6846,0.3447,0.5754,-0.41,0.5397,0.2752,-0.5962,0.4349,-0.4417,-0.5056,-0.4411,-0.7682,-0.1675,-0.3098,-0.58,-0.3304,-0.3539,0.7053,-0.1467,0.6866,0.6258,-0.08496,0.7717,0.57,-0.5143,0.3114,0.5647,-0.5332,0.3999,0.06171,-0.4077,0.03259,-0.6294,-0.4281,-0.4329,-0.4573,-0.6524,-0.5541,-0.08643,-0.251,-0.2033
8.31,10.54,0.05565,3.795,0.3391,3.255,2.219,-7.458,20.95,4.373,12.45,-4.021,12.11,-1.724,2.985,-40.42,-32.26,0.333,2.885,-3.035,5.499,52.44,26.26,22.39,11.42,4.145,-3.298,11.19,-1.981,16.38,44.04,-27.73,25.48,5.773,-4.275,-4.8,-3.044,-72.05,-7.694,1.123,-31.11,-8.509,-8.102,-30.02,-15.89,-8.332,7.569,-7.904,-19.3,-104.4,2.749,-3.894,-105.9,23.65,-4.247,-168.8,4.163,-28.47,-74.29,-7.432,-1.844,-78.43,2.968,-2.087,-91.69,25.18,-3.461,-91.05,8.82,-0.8775,-85.55,-18.77,-8.327,-80.9,14.41,0.6381,-82.86,-29.54,4.538,-83.95,-3.91,-0.1039,-107.4,53.22,-201.2,-245.1,252.4,159.2,-375.5,267.6,-92.78,-264.6,460,19.04,-273.9,53.7,-98.63,-63.48,457.5,28.32,-236.3,610.4,-134.8,-239.8,102.1,-31.24,-162.1,86.42,-77.14,-208.5,421.9,60.56,362.3,-404.3,69.82,567.3,-802.8,-1288,-164.5,-351.6,-104,458,-230,-168.9,-48.38,-151.4,4.384,0.5041,-0.03333,0.8441,0.1871,-0.685,0.348,0.5752,-0.4098,0.5417,0.2747,-0.5974,0.4358,-0.4416,-0.5052,-0.4414,-0.7682,-0.1672,-0.3074,-0.5799,-0.3294,-0.3516,0.7045,-0.1483,0.687,0.6258,-0.08716,0.7713,0.5675,-0.5163,0.3159,0.5685,-0.5303,0.391,0.0658,-0.3992,0.02753,-0.6303,-0.4263,-0.4356,-0.4536,-0.6538,-0.5584,-0.08637,-0.2523,-0.2039
8.32,10.65,0.09137,3.815,0.2862,3.264,2.076,-7.357,21.17,4.604,12.51,-4.259,12.17,-1.757,2.994,-39.98,-32.15,0.3326,2.779,-3.051,5.465,52.2,25.91,21.75,11.36,4.334,-3.293,11.1,-2.043,14.84,45.09,-28.11,26.34,6.306,-4.212,-4.742,-3.188,-71.91,-7.701,1.081,-31.38,-8.709,-8.255,-30.29,-15.99,-8.49,7.519,-7.821,-19.53,-104.2,2.771,-3.959,-105.7,23.89,-4.325,-168.9,4.162,-28.73,-74,-7.49,-1.911,-78.18,3.019,-2.194,-91.29,24.63,-3.198,-90.71,9.814,-1.132,-85.16,-18.13,-9.042,-80.74,14.4,0.5078,-82.64,-30.6,4.407,-83.87,-4.107,-0.1751,-80.57,43.45,-185,-220.2,252.9,143.6,-343.3,291.5,-97.17,-238.8,462.9,41.02,-247.1,57.61,-101.6,-47.37,457,27.34,-223.6,624.5,-126,-149.4,124,-33.2,-175.3,108.9,-104.5,-195.8,430.2,-11.71,416.5,-484.4,-22.45,646.4,-834.4,-1370,-122.5,-236.8,-117.2,352.5,-147.4,-207,-1.47,-116.2,5.368,0.504,-0.03424,0.8439,0.1876,-0.6855,0.3505,0.5751,-0.4097,0.5434,0.2746,-0.5987,0.4365,-0.4416,-0.5045,-0.4419,-0.7682,-0.167,-0.3055,-0.5799,-0.3286,-0.3496,0.7037,-0.1503,0.6871,0.6259,-0.0893,0.7709,0.5644,-0.5194,0.3187,0.5711,-0.5287,0.3833,0.07117,-0.3948,0.02338,-0.6303,-0.425,-0.437,-0.4493,-0.6554,-0.5628,-0.08576,-0.2539,-0.2048
8.33,10.79,0.07006,3.948,0.1991,3.313,1.791,-7.226,21.34,4.813,12.55,-4.47,12.2,-1.791,3.028,-39.65,-32.06,0.2938,2.682,-3.109,5.439,52.02,25.62,21.21,11.39,4.339,-3.222,11.07,-2.271,13.59,46.27,-28.67,27.24,7.021,-4.259,-4.664,-3.186,-71.79,-7.713,1.069,-31.57,-8.897,-8.384,-30.48,-16.04,-8.62,7.467,-7.701,-19.74,-104,2.776,-4.005,-105.6,24.06,-4.382,-169.1,4.164,-28.92,-73.59,-7.58,-2.007,-77.93,3.058,-2.277,-90.97,24.12,-3.144,-90.42,10.55,-1.32,-84.85,-17.95,-9.905,-80.74,14.47,0.2886,-82.57,-31.71,4.327,-83.77,-4.325,-0.3209,-101.6,49.81,-168.5,-203.1,248.5,124,-296.9,306.6,-106.9,-213.9,460,64.94,-228.5,27.84,-83,-22.45,448.7,39.06,-199.7,641.6,-112.8,-107.9,103,-16.12,-189,88.87,-140.1,-127.9,441.9,-123.1,376.5,-599.6,-115.7,801.1,-749.5,-1420,-215.8,-133.8,-102,86.9,-107.5,-119.1,-22.5,-43.44,21.03,0.5039,-0.03485,0.8438,0.1878,-0.6859,0.3526,0.5751,-0.4098,0.5447,0.2746,-0.6,0.437,-0.442,-0.5037,-0.4428,-0.7681,-0.1669,-0.3041,-0.58,-0.328,-0.3482,0.7026,-0.1533,0.6874,0.6259,-0.09131,0.7705,0.5606,-0.5237,0.3195,0.5729,-0.5277,0.3774,0.0777,-0.3941,0.02008,-0.6302,-0.4232,-0.4382,-0.4442,-0.6579,-0.5668,-0.08454,-0.2555,-0.2059
8.34,10.92,-0.01082,4.146,0.08946,3.398,1.44,-7.1,21.49,5.017,12.54,-4.666,12.18,-1.85,3.084,-39.42,-31.95,0.217,2.582,-3.174,5.423,51.9,25.4,20.73,11.48,4.217,-3.091,11.09,-2.544,12.62,47.54,-29.35,28.18,7.783,-4.343,-4.636,-3.132,-71.69,-7.709,1.077,-31.69,-9.046,-8.512,-30.6,-16.07,-8.75,7.414,-7.535,-19.93,-103.8,2.742,-4.031,-105.4,24.17,-4.414,-169.1,4.189,-29.05,-73.14,-7.675,-2.128,-77.69,3.075,-2.33,-90.72,23.64,-3.217,-90.18,11.03,-1.439,-84.56,-18.12,-10.8,-80.8,14.56,0.02661,-82.56,-32.89,4.289,-83.67,-4.564,-0.4744,-137.7,84.96,-152.8,-182.1,221.7,141.1,-276.9,305.2,-94.24,-189,474.1,73.25,-197.8,-12.69,-80.57,13.69,441.4,43.46,-168.9,654.3,-112.3,-138.7,52.24,-27.83,-216.3,69.82,-168.5,-139.2,423.3,-172.9,303.2,-757.8,-99.6,995.6,-642.1,-1487,-291.5,-12.22,-27.34,-68.36,-118.2,32.24,-9.705,-66.45,34.62,0.5039,-0.03522,0.8436,0.1877,-0.6865,0.354,0.5751,-0.41,0.5457,0.275,-0.6015,0.4372,-0.4429,-0.5027,-0.4444,-0.7682,-0.167,-0.3032,-0.5802,-0.3275,-0.3472,0.7013,-0.1566,0.6877,0.6258,-0.09296,0.7703,0.5562,-0.5286,0.3192,0.5738,-0.5272,0.3733,0.08423,-0.3963,0.01733,-0.6301,-0.4212,-0.4394,-0.4385,-0.6607,-0.5706,-0.08326,-0.2573,-0.2072
8.35,10.94,-0.1106,4.292,0.07022,3.477,1.128,-7.001,21.61,5.192,12.48,-4.821,12.1,-1.934,3.162,-39.27,-31.82,0.1244,2.475,-3.245,5.425,51.83,25.24,20.34,11.54,4.081,-2.95,11.23,-2.762,12.01,48.83,-29.95,29.15,8.382,-4.444,-4.699,-3.133,-71.62,-7.699,1.091,-31.76,-9.136,-8.635,-30.67,-16.06,-8.874,7.366,-7.344,-20.09,-103.6,2.656,-4.04,-105.2,24.21,-4.426,-169.1,4.222,-29.11,-72.75,-7.674,-2.235,-77.46,3.094,-2.347,-90.58,23.24,-3.331,-90.05,11.25,-1.513,-84.3,-18.5,-11.53,-80.8,14.64,-0.1935,-82.48,-34.09,4.202,-83.57,-4.804,-0.6836,-207,108.4,-86.43,-177.7,175.3,141.1,-269.5,305.2,-101.6,-177.2,464.3,65.43,-178.7,-60.55,-94.73,51.28,422.9,33.7,-127.9,647,-109.9,-180.2,28.32,-63.97,-210,68.84,-159.2,-107.4,485.4,-68.37,171.4,-771.5,-148.9,875.6,-604,-1463,-318.4,95.67,-38.58,-225.6,-8.796,-5.883,28.82,-9.825,-37.13,0.5039,-0.03546,0.8434,0.1877,-0.6871,0.3548,0.5752,-0.4103,0.5463,0.2755,-0.6029,0.4371,-0.4441,-0.5016,-0.4466,-0.7682,-0.1672,-0.3031,-0.5805,-0.3272,-0.3468,0.7007,-0.1595,0.6874,0.6257,-0.09436,0.7701,0.5518,-0.5333,0.3183,0.5741,-0.5272,0.3713,0.0893,-0.3999,0.01514,-0.6303,-0.4191,-0.4407,-0.4328,-0.6632,-0.5747,-0.08149,-0.2591,-0.2084
8.36,10.9,-0.2252,4.392,0.02934,3.525,0.882,-6.928,21.72,5.399,12.27,-5.013,11.86,-2.014,3.233,-39.18,-31.66,0.02029,2.372,-3.316,5.425,51.81,25.1,20,11.6,3.915,-2.752,11.43,-2.941,11.78,50.11,-30.41,30.13,8.741,-4.595,-4.838,-3.166,-71.56,-7.606,1.092,-31.79,-9.176,-8.746,-30.7,-16.02,-8.984,7.297,-7.148,-20.23,-103.3,2.506,-4.016,-105,24.17,-4.399,-169.1,4.263,-29.08,-72.45,-7.614,-2.315,-77.26,3.108,-2.321,-90.54,22.88,-3.468,-90,11.11,-1.55,-84.05,-19.08,-12.03,-80.79,14.7,-0.4165,-82.4,-35.31,4.164,-83.47,-5.045,-0.8986,-256.3,124,-33.2,-178.7,149.4,139.2,-286.6,292,-87.4,-173.8,462.4,85.45,-155.8,-85.45,-86.92,83.01,397,37.1,-99.6,650.9,-100.6,-217.8,22.45,-123.5,-182.6,78.13,-202.6,-132.3,502.4,-62.02,52.77,-689.5,-42.47,718.3,-661.1,-1479,-363.3,174.3,35.65,-285.2,-37.63,113.3,-26.91,20.94,-5.816,0.5046,-0.03577,0.843,0.1878,-0.6877,0.3551,0.5755,-0.4106,0.5467,0.2763,-0.6042,0.437,-0.4454,-0.5007,-0.4493,-0.7683,-0.1677,-0.3036,-0.5808,-0.3273,-0.3469,0.7006,-0.1618,0.6868,0.6256,-0.09528,0.7698,0.5474,-0.5377,0.3172,0.5736,-0.5282,0.3715,0.09223,-0.405,0.01349,-0.6306,-0.4169,-0.4422,-0.4273,-0.6658,-0.5786,-0.07966,-0.2608,-0.2097
8.37,10.79,-0.3207,4.492,-0.06878,3.49,0.6844,-6.858,21.81,5.672,11.91,-5.283,11.47,-2.078,3.275,-39.1,-31.52,-0.08469,2.295,-3.364,5.431,51.79,25,19.74,11.63,3.725,-2.531,11.64,-2.953,11.93,51.37,-30.81,31.14,8.864,-4.669,-4.996,-3.296,-71.51,-7.414,1.059,-31.81,-9.186,-8.857,-30.71,-15.96,-9.096,7.23,-6.932,-20.32,-103.1,2.309,-3.973,-104.8,24.06,-4.348,-169,4.285,-28.98,-72.2,-7.511,-2.341,-77.1,3.103,-2.258,-90.55,22.59,-3.609,-89.99,10.68,-1.589,-83.81,-19.89,-12.35,-80.63,14.71,-0.5761,-82.15,-36.56,4.042,-83.36,-5.285,-1.097,-227.5,107.9,-101.6,-182.6,114.3,131.8,-294.4,281.7,-83.01,-189.4,465.8,84.48,-137.2,-80.56,-66.89,90.32,377.4,34.18,-106.4,627.9,-90.82,-274.4,41.01,-171.4,-170.9,71.3,-252.4,-259.8,415,-6.824,65.92,-557.6,0,507.5,-703.1,-1464,-354,170.4,49.3,-210.9,-85.96,18.05,-83.52,-12.67,29.26,0.506,-0.03638,0.8421,0.1879,-0.6883,0.3551,0.5758,-0.411,0.5467,0.2774,-0.6054,0.4366,-0.4465,-0.5001,-0.4522,-0.7683,-0.1682,-0.3048,-0.581,-0.3276,-0.3476,0.7008,-0.1636,0.6859,0.6255,-0.09571,0.7697,0.5438,-0.5413,0.3162,0.5722,-0.5304,0.3734,0.09326,-0.4118,0.01233,-0.6315,-0.4145,-0.4442,-0.4221,-0.6676,-0.5832,-0.07801,-0.2626,-0.211
8.38,10.61,-0.387,4.568,-0.08128,3.356,0.5838,-6.764,21.85,5.85,11.52,-5.473,11.08,-2.079,3.228,-38.97,-31.45,-0.1817,2.246,-3.398,5.429,51.78,24.94,19.59,11.64,3.452,-2.306,11.87,-2.951,12.42,52.59,-31.3,32.1,9.025,-4.715,-5.686,-3.405,-71.42,-7.27,0.9578,-31.85,-9.178,-8.944,-30.76,-15.86,-9.181,7.142,-6.706,-20.35,-103,2.07,-3.886,-104.6,23.86,-4.247,-168.9,4.3,-28.77,-72,-7.376,-2.322,-76.97,3.062,-2.175,-90.61,22.35,-3.834,-90,9.945,-1.555,-83.04,-21.07,-12.88,-80.47,14.67,-0.7127,-81.91,-37.82,3.896,-83.25,-5.577,-1.284,-169.4,67.87,-92.29,-203.6,107.9,127.9,-327.6,244.1,-62.99,-206.1,477.5,89.35,-153.8,-28.32,-69.34,83.51,369.6,50.29,-106,611.8,-82.03,-301.7,113.3,-141.6,-121.6,90.32,-250,-355.5,298.3,72.27,93.23,-568.8,83,1410,2382,-836.5,-299.8,73.73,-13.69,-116.2,90.86,-35.14,0.4411,0,20.04,0.507,-0.0376,0.8415,0.1883,-0.6888,0.3552,0.5763,-0.4116,0.5463,0.2788,-0.6064,0.4361,-0.4474,-0.5001,-0.4547,-0.7681,-0.1691,-0.3065,-0.5808,-0.3286,-0.3489,0.7014,-0.1648,0.6848,0.6252,-0.09583,0.7698,0.5417,-0.5443,0.315,0.5698,-0.5333,0.3773,0.09387,-0.422,0.007446,-0.6326,-0.412,-0.4465,-0.4166,-0.6694,-0.5877,-0.07642,-0.2648,-0.2123
8.39,10.34,-0.4472,4.655,0.03799,3.173,0.5333,-6.645,21.81,5.932,11.16,-5.572,10.75,-2.048,3.103,-38.73,-31.56,-0.2585,2.246,-3.419,5.419,51.76,24.96,19.47,11.62,3.102,-2.051,12.03,-2.97,13.18,53.77,-31.55,33.04,7.065,-4.73,-6.703,-3.524,-71.24,-7.196,0.8054,-31.91,-9.158,-9.016,-30.83,-15.72,-9.249,7.047,-6.477,-20.34,-102.9,1.83,-3.781,-104.5,23.59,-4.125,-168.8,4.29,-28.46,-71.78,-7.18,-2.301,-76.81,2.99,-2.094,-90.56,22.11,-4.105,-89.89,8.95,-1.477,-81.81,-22.24,-11.41,-80.31,14.57,-0.8825,-81.62,-39.1,3.705,-83.13,-5.92,-1.468,-91.8,20.02,-51.28,-196.8,114.3,121.6,-323.7,238.8,-58.59,-202.2,476.6,85.93,-147.5,53.22,-33.2,66.42,366.2,76.17,-92.27,578.6,-72.26,-280.3,133.3,-65.42,-96.18,72.75,-39.54,-179.2,117.7,-10.25,37.61,-605,70.81,5770,1276,880.3,-170.9,-80.08,-42.97,84.51,89.86,-83.01,-75.73,-14.22,160.7,0.5074,-0.03949,0.8411,0.1889,-0.6891,0.3553,0.5772,-0.4121,0.5456,0.2804,-0.6071,0.4354,-0.4478,-0.5005,-0.4568,-0.7679,-0.1701,-0.3089,-0.5804,-0.3302,-0.3507,0.7022,-0.1663,0.6834,0.6247,-0.09607,0.7701,0.5409,-0.5472,0.3139,0.5657,-0.5379,0.3822,0.07544,-0.4309,-1.22E-04,-0.6338,-0.4093,-0.4495,-0.4111,-0.6709,-0.5924,-0.07483,-0.2674,-0.2138
8.4,10.1,-0.4474,4.848,0.2039,2.955,0.4867,-6.469,21.74,5.95,10.83,-5.606,10.43,-2.007,2.969,-38.42,-31.79,-0.3021,2.283,-3.452,5.386,51.7,25.03,19.3,11.52,2.902,-1.773,11.23,-2.885,14.38,54.97,-27.91,33.94,3.98,-4.657,-7.257,-3.702,-71.01,-7.169,0.6371,-31.98,-9.132,-9.071,-30.93,-15.52,-9.297,6.968,-6.232,-20.29,-102.9,1.554,-3.67,-104.4,23.24,-3.993,-168.7,4.244,-28.05,-71.5,-6.985,-2.258,-76.71,2.946,-2.058,-89.56,21.92,-3.887,-88.87,7.557,-1.496,-80.4,-19.98,-8.226,-80.11,14.42,-1.092,-81.23,-40.46,3.442,-83.01,-6.379,-1.602,30.28,24.42,-40.05,-147.5,144,123.5,-295.9,251.9,-60.06,-164.6,468.3,91.31,-126,81.06,-26.86,79.58,343.3,97.17,-64.47,552.7,-57.13,-218.8,67.87,9.276,-23.45,21,40.04,39.05,-96.21,45.9,7.846,-151.9,-795.9,5960,-3361,-2990,-169.4,-221.2,-163.6,381.4,-36.09,-5.883,-202.2,-39.04,240.2,0.5073,-0.04169,0.8408,0.1895,-0.6893,0.3555,0.5785,-0.4126,0.5444,0.2822,-0.6078,0.4344,-0.4481,-0.5012,-0.4589,-0.7676,-0.1713,-0.3117,-0.5796,-0.3322,-0.3531,0.703,-0.1679,0.6819,0.6243,-0.09632,0.7702,0.5406,-0.5492,0.3141,0.5562,-0.5489,0.3846,0.04547,-0.4112,-0.01227,-0.635,-0.4063,-0.4533,-0.4052,-0.6722,-0.5976,-0.07355,-0.2711,-0.215
8.41,10.01,-0.4223,5.099,0.2674,2.717,0.4525,-6.266,21.66,5.952,10.46,-5.629,10.08,-1.945,2.858,-38.13,-32.05,-0.3308,2.349,-3.452,5.291,51.64,25.1,19.06,11.37,2.944,-1.503,9.894,-2.621,16.43,56.23,-19.22,34.7,2.92,-4.422,-4.642,-3.967,-70.78,-7.134,0.4508,-32.04,-9.092,-9.115,-31.02,-15.28,-9.333,6.901,-5.977,-20.17,-103,1.224,-3.572,-104.4,22.84,-3.875,-168.7,4.132,-27.54,-71.24,-6.885,-2.211,-76.69,2.946,-2.05,-88.08,21.78,-3.248,-87.31,5.364,-1.962,-81.87,-13.64,-6.067,-79.81,14.27,-1.278,-80.64,-41.88,2.982,-82.92,-7.041,-1.689,109.9,36.62,6.829,-81.07,167.5,104,-233.4,281.7,-66.89,-88.86,461.9,108.9,-56.14,117.2,-12.7,126,290,107.4,2.915,547.9,-37.6,-107.9,-44.44,16.61,19.54,-50.29,84.97,133.3,-94.22,-44.44,505.4,1251,-712.4,-4435,-978.4,2006,-79.59,-341.3,-170.9,575.7,83.51,-172.9,-93.23,-89.84,303.2,0.5074,-0.04401,0.8405,0.1902,-0.6894,0.3555,0.58,-0.413,0.5429,0.2842,-0.6082,0.4331,-0.4485,-0.5016,-0.4618,-0.7672,-0.1728,-0.3148,-0.578,-0.335,-0.356,0.7033,-0.1694,0.6809,0.6243,-0.09638,0.7702,0.5394,-0.55,0.3156,0.5426,-0.5673,0.3864,0.03925,-0.358,-0.004334,-0.6363,-0.4031,-0.4571,-0.3991,-0.6726,-0.6038,-0.07245,-0.2764,-0.2161
8.42,10,-0.4336,5.287,0.1881,2.497,0.4955,-6.057,21.58,5.97,9.98,-5.676,9.601,-1.862,2.776,-37.92,-32.25,-0.3418,2.424,-3.472,5.156,51.59,25.07,18.91,11.28,3.005,-1.195,8.817,-2.336,18.84,57.59,-13.55,35.25,3.932,-4.119,-2.833,-4.213,-70.58,-7.022,0.2582,-32.04,-9.004,-9.13,-31.05,-14.98,-9.336,6.89,-5.718,-20.02,-103,0.8447,-3.477,-104.4,22.39,-3.76,-168.6,3.951,-26.95,-71.08,-6.853,-2.179,-76.71,2.973,-2.02,-86.92,21.73,-2.703,-86.17,2.903,-1.733,-82.88,-10.54,-6.222,-79.53,14.2,-1.479,-80.01,-43.32,2.446,-82.84,-7.939,-1.729,149.9,53.22,83.98,-6.362,168.9,103.5,-149.4,311,-83.5,-3.43,460.9,107.9,21.98,96.19,-8.786,202.1,215.3,57.61,88.87,548.8,5.855,36.63,-131.4,60.05,76.17,-118.2,124,299.3,-107.9,-13.17,373.1,1908,0.9927,-1713,1676,2442,5.347,-489.2,-168,741.7,119.1,-238.3,-179.3,-45.37,535.1,0.508,-0.04633,0.8399,0.1907,-0.6895,0.355,0.5817,-0.4136,0.5409,0.2861,-0.6086,0.4313,-0.4491,-0.5018,-0.4654,-0.7665,-0.1746,-0.3183,-0.5757,-0.3383,-0.3592,0.7033,-0.1702,0.6806,0.6245,-0.09607,0.77,0.5377,-0.5505,0.3162,0.5271,-0.5816,0.395,0.04694,-0.3326,0.001343,-0.6373,-0.3999,-0.4602,-0.3926,-0.6728,-0.6102,-0.07154,-0.2838,-0.2172
8.43,9.993,-0.5013,5.428,0.04761,2.322,0.5603,-5.834,21.49,6.022,9.376,-5.764,8.978,-1.754,2.748,-37.87,-32.37,-0.3868,2.512,-3.512,4.976,51.61,24.92,18.94,11.3,2.764,-0.8648,8.954,-2.062,20.48,59.17,-9.118,35.48,3.447,-3.707,-2.73,-4.467,-70.42,-6.826,0.08534,-31.94,-8.887,-9.105,-30.99,-14.65,-9.3,6.905,-5.438,-19.82,-102.9,0.3978,-3.374,-104.3,21.85,-3.635,-168.7,3.686,-26.24,-70.98,-6.8,-2.17,-76.75,3.016,-1.956,-87.08,21.77,-2.941,-86.29,1.308,-1.445,-83.3,-7.73,-5.277,-79.27,14.26,-1.676,-79.36,-44.85,1.852,-82.8,-9.252,-1.644,189,56.64,93.26,90.82,165,74.7,-44.91,340.3,-99.61,67.38,439.4,144.5,146.5,59.56,1.952,297.8,133.3,23.44,176.3,561,22.95,247.6,-159.2,173.8,186.5,-177.7,301.8,479,-189.9,862.8,880.4,1656,615.7,-2058,247.6,966.8,90.34,-652.4,-191.4,1315,-30.29,-278.4,-360.9,-60.11,760.8,0.5092,-0.0484,0.8391,0.1908,-0.6895,0.3538,0.5834,-0.4146,0.5384,0.2881,-0.609,0.4291,-0.4499,-0.5017,-0.4698,-0.7654,-0.1769,-0.3223,-0.5725,-0.3425,-0.3629,0.7034,-0.1708,0.6801,0.6249,-0.09546,0.7698,0.5378,-0.5514,0.3147,0.5206,-0.5861,0.4047,0.04291,-0.3085,0.00409,-0.6379,-0.3971,-0.4622,-0.3853,-0.6732,-0.6167,-0.07123,-0.2947,-0.2178
8.44,9.95,-0.6322,5.691,-0.03463,2.143,0.5114,-5.606,21.35,5.961,8.759,-5.743,8.342,-1.611,2.707,-37.98,-32.38,-0.4627,2.631,-3.576,4.792,51.7,24.59,18.94,11.49,1.938,-0.5162,8.519,-1.855,21.11,60.92,-7.128,35.13,2.523,-3.187,-1.644,-4.724,-70.28,-6.692,-0.09244,-31.71,-8.727,-9.052,-30.8,-14.26,-9.233,6.97,-5.129,-19.58,-102.8,-0.1004,-3.222,-104.1,21.21,-3.457,-168.8,3.33,-25.44,-70.79,-6.747,-2.175,-76.81,3.03,-1.848,-86.63,21.69,-3.468,-85.69,0.6148,-1.607,-83.83,-6.461,-4.327,-79.11,14.46,-1.869,-78.77,-46.41,1.222,-82.87,-11.18,-1.389,291.5,51.27,66.89,196.8,142.1,32.72,60.05,346.7,-120.1,173.4,435.1,151.9,288.1,61.53,17.58,409.2,79.1,-23.93,286.1,571.8,62.98,509.7,-219.2,205.6,259.3,-275.9,399.9,536.6,-180.7,430.2,1085,232.9,-68.83,1698,729.9,-706,184.5,-829.1,-253.4,2067,-209.5,-328.2,-526.9,52.23,1006,0.51,-0.05036,0.8385,0.1903,-0.6896,0.3516,0.5851,-0.4157,0.5354,0.2901,-0.6094,0.4264,-0.4508,-0.5019,-0.4746,-0.7637,-0.1798,-0.327,-0.5682,-0.3475,-0.3668,0.7035,-0.1721,0.6796,0.6251,-0.09436,0.7697,0.5429,-0.5531,0.3128,0.5155,-0.5921,0.4048,0.03748,-0.297,0.009156,-0.6383,-0.3944,-0.4629,-0.3773,-0.6738,-0.623,-0.07154,-0.3109,-0.2175
8.45,10,-0.86,6.032,-0.08176,1.955,0.4474,-5.396,21.08,5.678,8.25,-5.5,7.834,-1.417,2.618,-38.18,-32.43,-0.591,2.827,-3.677,4.613,51.84,24.18,18.87,11.89,1.311,-0.146,8.12,-1.746,21.92,62.88,-4.437,34.05,0.8402,-2.431,-0.7366,-4.895,-70.13,-6.716,-0.2941,-31.37,-8.519,-8.953,-30.51,-13.85,-9.12,7.084,-4.784,-19.33,-102.7,-0.6123,-3.033,-103.9,20.44,-3.237,-168.9,2.867,-24.52,-70.58,-6.816,-2.196,-76.93,3.025,-1.66,-86.24,21.59,-3.716,-85.14,-0.3007,-1.975,-84.25,-4.711,-2.883,-79.09,14.86,-2.033,-78.29,-47.98,0.5718,-83.01,-13.85,-0.8247,420.4,30.28,110.8,338.9,101.6,-40.53,177.7,348.2,-138.2,303.7,420.4,176.3,417,64.46,17.09,507.8,47.85,-55.67,414.5,585.9,55.18,751,-215.3,193.4,370.6,-279.3,518.1,561,697.3,-1040,864.8,-135.8,-639.1,-342.4,-694.9,188.9,374.5,-969.7,-276.9,2481,-245.1,-462.9,-738.3,-131.9,1065,0.5095,-0.05237,0.8386,0.1895,-0.6895,0.3487,0.5868,-0.417,0.5318,0.2921,-0.61,0.4231,-0.4519,-0.5022,-0.4795,-0.7613,-0.1833,-0.3324,-0.5628,-0.3533,-0.3714,0.7027,-0.1734,0.6798,0.6254,-0.09241,0.7698,0.5496,-0.5524,0.3143,0.5105,-0.5995,0.4053,0.02795,-0.281,0.0141,-0.6388,-0.3919,-0.4618,-0.3683,-0.6749,-0.629,-0.07361,-0.3333,-0.2165
8.46,10.18,-1.142,6.411,-0.1462,1.711,0.3929,-5.172,20.67,5.171,7.863,-5.045,7.481,-1.14,2.449,-38.54,-32.52,-0.7613,3.145,-3.83,4.409,52.04,23.74,18.91,12.6,0.5495,0.2446,6.858,-1.802,23.21,65.18,-1.553,32.31,-1.028,-1.556,1.063,-4.943,-70.01,-6.902,-0.5334,-30.91,-8.276,-8.807,-30.09,-13.39,-8.959,7.246,-4.407,-19.05,-102.7,-1.109,-2.802,-103.8,19.53,-2.973,-169.1,2.272,-23.42,-70.4,-7.063,-2.196,-77.11,2.979,-1.394,-84.97,21.61,-3.688,-83.74,-1.565,-2.375,-84.74,-3.159,-1.291,-79.29,15.51,-2.191,-78.06,-49.62,0.004055,-83.24,-17.24,-0.01503,563.5,-2.442,201.7,460.9,42.98,-77.15,327.1,357.9,-172.4,440.4,404.3,181.2,550.8,91.8,30.76,598.1,36.62,-79.59,529.8,627.9,38.09,1005,-239.7,279.3,538.1,-274.9,607.4,1363,639.6,-240.2,2245,-265.6,627.9,-1478,-1642,884.8,623,-1012,-205.1,2325,-329.6,-482.4,-857,-202.2,992.2,0.5079,-0.05438,0.8395,0.188,-0.6894,0.3449,0.5885,-0.4183,0.5276,0.2941,-0.6108,0.4194,-0.4532,-0.5025,-0.4842,-0.7584,-0.1873,-0.3387,-0.556,-0.36,-0.377,0.701,-0.1743,0.6812,0.6254,-0.08954,0.7701,0.5561,-0.5518,0.315,0.4997,-0.6118,0.4039,0.01709,-0.2665,0.02033,-0.6397,-0.389,-0.4587,-0.3578,-0.6769,-0.6343,-0.07678,-0.3615,-0.215
8.47,10.4,-1.388,6.897,-0.2323,1.423,0.2605,-4.982,20.05,4.51,7.563,-4.431,7.24,-0.8411,2.209,-39.06,-32.66,-0.9796,3.613,-4.042,4.223,52.28,23.36,19.39,13.65,-0.2167,0.6123,5.358,-1.913,24.78,67.86,-0.6212,30.01,-0.7253,-0.6265,2.574,-4.957,-69.93,-7.174,-0.7556,-30.35,-7.981,-8.602,-29.58,-12.91,-8.74,7.471,-4.009,-18.78,-102.8,-1.538,-2.508,-103.7,18.49,-2.644,-169.3,1.566,-22.19,-70.19,-7.416,-2.146,-77.36,2.872,-1.112,-83.54,22.02,-3.596,-82.27,-2.728,-2.241,-84.82,-3.444,-1.364,-79.63,16.45,-2.337,-77.94,-51.36,-0.5454,-83.55,-21.3,0.9443,675.8,-37.11,356.4,592.8,-5.37,-103,481.4,364.3,-202.2,594.7,380.4,170.9,746.6,140.1,21.97,720.2,31.25,-120.1,647,681.6,18.56,1136,-373.5,325.2,582.5,-326.2,422.8,1298,414.1,-168,1501,203.6,646.5,691.5,-22.95,368.6,984.8,-981,-176.8,1933,-325.2,-427.8,-1012,-277.8,1096,0.5056,-0.05597,0.8408,0.1862,-0.6891,0.3404,0.5901,-0.4199,0.5229,0.2959,-0.6118,0.4152,-0.455,-0.5029,-0.4882,-0.7552,-0.1917,-0.346,-0.5482,-0.3672,-0.3836,0.6986,-0.1749,0.6832,0.6251,-0.08612,0.7707,0.5591,-0.552,0.3112,0.4866,-0.6218,0.4043,0.01764,-0.2689,0.021,-0.6407,-0.3859,-0.4534,-0.3462,-0.6796,-0.6394,-0.08014,-0.3948,-0.2131
8.48,10.64,-1.542,7.161,-0.3694,1.08,0.2792,-4.88,19.24,3.808,7.229,-3.767,6.983,-0.5556,1.889,-39.75,-32.86,-1.201,4.205,-4.262,4.05,52.59,23.14,20.08,14.97,-0.4555,0.897,5.55,-2.019,26.66,70.81,0.7052,27.07,-1.016,0.4206,2.224,-5.067,-69.94,-7.399,-0.9703,-29.7,-7.587,-8.358,-28.97,-12.42,-8.484,7.73,-3.635,-18.47,-103,-1.894,-2.154,-103.7,17.33,-2.255,-169.5,0.8038,-20.81,-70.21,-7.779,-2.014,-77.61,2.78,-0.8284,-83.93,22.62,-3.679,-82.55,-4.007,-2.244,-84.8,-3.386,-1.097,-79.95,17.67,-2.41,-77.84,-53.09,-1.073,-84.01,-25.98,2.177,600.1,-87.4,538.6,648.4,-70.81,-126.9,619.6,326.2,-224.1,764.2,351.6,83.98,814.9,86.92,53.71,843.7,-6.35,-180.2,866.7,650.4,-49.31,1048,-318.8,219.7,506.8,-275.9,172.8,171.4,23.92,543,435.1,225.6,618.2,-427.6,-643,396.4,1245,-850.1,-86.42,1600,-262.2,-501,-815.4,-597.1,952.1,0.5037,-0.05719,0.8421,0.1845,-0.6886,0.3347,0.5915,-0.4216,0.5176,0.2975,-0.6127,0.4109,-0.4573,-0.5033,-0.4917,-0.7521,-0.1961,-0.3543,-0.5398,-0.3747,-0.3913,0.6966,-0.1738,0.6853,0.6249,-0.08271,0.7713,0.5602,-0.5493,0.3078,0.4829,-0.6251,0.4117,0.01538,-0.2682,0.0213,-0.6416,-0.3829,-0.4455,-0.3345,-0.6822,-0.6441,-0.08442,-0.4326,-0.2108
8.49,10.78,-1.66,6.977,-0.5613,0.7359,0.577,-4.878,18.19,3.146,6.757,-3.133,6.601,-0.286,1.457,-40.57,-33.16,-1.397,4.969,-4.459,3.909,52.95,23.16,20.88,16.46,-0.7422,1.093,5.428,-2.18,28.5,73.84,1.62,23.49,-0.9528,1.11,2.3,-5.27,-70,-7.483,-1.186,-29,-7.087,-8.06,-28.3,-11.92,-8.175,8.015,-3.316,-18.09,-103.4,-2.177,-1.71,-103.9,16.01,-1.778,-169.5,-0.04142,-19.28,-70.57,-8.063,-1.843,-77.75,2.673,-0.5176,-83.86,23.32,-3.659,-82.37,-5.135,-2.319,-84.74,-3.607,-1.218,-80.21,19.05,-2.395,-77.81,-54.74,-1.399,-84.63,-31.19,3.362,314.9,-138.2,621.6,730.5,-57.62,-190.4,739.7,273.9,-313.5,853.5,336.4,70.8,800.3,56.15,86.42,887.7,-68.85,-181.6,992.7,616.7,-68.35,606,-182.1,21,335.4,40.03,55.18,14.16,-544.9,242.7,-177.8,-726.5,-87.41,271.9,-165.1,-289.6,1273,-528.8,-39.57,1366,-545.9,-595.2,-240.3,-1308,404.3,0.503,-0.05829,0.8428,0.1831,-0.688,0.3282,0.5928,-0.4234,0.5117,0.299,-0.6131,0.4065,-0.4599,-0.5042,-0.4942,-0.7491,-0.2004,-0.3641,-0.5308,-0.3824,-0.4006,0.6955,-0.1704,0.6874,0.6245,-0.07971,0.7719,0.5614,-0.5468,0.3035,0.4776,-0.63,0.4162,0.01605,-0.2702,0.02063,-0.6423,-0.3801,-0.4361,-0.3239,-0.685,-0.6477,-0.08661,-0.4737,-0.2081
8.5,10.79,-1.766,6.532,-0.7065,0.4255,1.029,-4.927,16.91,2.582,6.178,-2.582,6.109,-0.04288,0.9235,-41.35,-33.77,-1.522,5.946,-4.581,3.847,53.38,23.54,21.49,17.92,-0.8787,1.201,4.316,-2.864,29.98,76.61,2.525,19.6,-0.9431,0.8402,3.52,-4.96,-70.02,-7.438,-1.423,-28.29,-6.536,-7.751,-27.61,-11.42,-7.856,8.282,-3.078,-17.63,-104,-2.402,-1.195,-104.3,14.51,-1.233,-169.4,-1.026,-17.6,-71.04,-8.176,-1.704,-77.73,2.606,-0.2439,-82.55,23.93,-3.068,-81.09,-6.009,-2.533,-84.72,-3.634,-1.362,-80.87,20.43,-2.53,-78.39,-56.13,-1.288,-85.09,-36.45,3.619,79.58,-137.2,526.4,730.5,-127.4,-205.1,752,102.1,-300.3,869.6,267.6,29.29,775.9,135.3,57.13,836.4,-96.69,-118.2,1001,569.8,-82.03,253.9,105.5,47.85,246.1,296.4,74.22,-11.21,-967.8,-173.3,-752.5,-1254,-265.1,216.8,373.1,-133.7,1048,-51.79,37.12,685.1,-586,-322.3,1174,-1187,103.1,0.5031,-0.05988,0.8429,0.182,-0.6872,0.3213,0.5941,-0.425,0.5056,0.3005,-0.6127,0.4022,-0.4624,-0.5057,-0.4955,-0.7461,-0.2047,-0.3756,-0.521,-0.3898,-0.4118,0.6957,-0.1668,0.6885,0.6242,-0.07783,0.7721,0.5641,-0.5436,0.3015,0.4677,-0.639,0.4145,0.01721,-0.2705,0.02027,-0.6429,-0.3771,-0.4266,-0.3136,-0.6892,-0.649,-0.08081,-0.5134,-0.2066
8.51,10.72,-1.892,6.174,-0.6262,0.1947,1.397,-5.012,15.49,1.946,5.693,-1.94,5.679,0.1519,0.3971,-42.01,-34.7,-1.521,7.05,-4.572,3.812,53.82,24.39,21.76,19.26,-0.9097,1.228,3.811,-3.914,31.26,79.08,3.685,16.27,-1.263,-0.4122,4.186,-4.431,-69.97,-7.439,-1.662,-27.65,-5.945,-7.422,-26.99,-10.91,-7.519,8.504,-2.961,-17.02,-104.9,-2.612,-0.6767,-105.1,12.88,-0.6936,-169.2,-2.119,-15.81,-71.37,-8.107,-1.662,-77.68,2.619,-0.06227,-81.89,24.26,-2.7,-80.39,-6.97,-2.79,-84.76,-3.484,-1.263,-81.92,21.73,-2.861,-79.27,-57.28,-1.092,-85.55,-40.92,2.655,56.14,-83.01,383.8,597.2,-215.8,-121.6,728.5,50.29,-278.3,872.6,259.8,-2.438,579.6,200.2,19.04,725.6,-101.6,-42.48,885.3,514.2,-110.3,38.58,212.4,-15.63,293.9,422.8,27.83,-47.85,-1128,-314,-899.9,-998.6,-362.8,53.12,200.6,-144.9,834.5,367.2,46.89,-77.69,-140.6,37.07,988.8,-642.6,683.1,0.5028,-0.06171,0.8432,0.1815,-0.6862,0.3145,0.5958,-0.4259,0.4997,0.3023,-0.6109,0.3982,-0.464,-0.508,-0.496,-0.7433,-0.2089,-0.3881,-0.5107,-0.3966,-0.4248,0.6966,-0.1646,0.6883,0.6244,-0.07685,0.7719,0.567,-0.5407,0.3015,0.4608,-0.6459,0.4153,0.0166,-0.2692,0.02069,-0.6439,-0.3733,-0.4179,-0.3032,-0.6937,-0.6496,-0.06507,-0.5457,-0.2037
8.52,10.58,-1.955,6.002,-0.3448,-0.003112,1.688,-5.068,14.04,1.226,5.404,-1.184,5.404,0.3196,-0.0397,-42.5,-35.96,-1.353,8.095,-4.425,3.688,54.27,25.72,21.75,20.52,-0.9279,1.225,3.949,-4.891,32.18,81.35,4.832,13.35,-1.596,-1.926,4.131,-4.11,-69.85,-7.559,-1.916,-27.11,-5.359,-7.099,-26.47,-10.39,-7.186,8.671,-2.974,-16.27,-106,-2.84,-0.2386,-106.1,11.2,-0.2429,-168.8,-3.238,-13.88,-71.54,-7.957,-1.679,-77.68,2.634,-0.01038,-82.02,24.26,-2.724,-80.44,-7.886,-2.91,-84.82,-3.259,-1.063,-83,22.96,-3.318,-80.08,-58.3,-0.9502,-86.19,-44.86,1.466,162.1,-42.97,307.1,508.3,-215.3,-73.24,552.2,-16.12,-188,739.3,251.5,-53.22,411.6,283.7,-23.93,609.4,-80.57,32.72,618.2,335.9,5.855,-33.71,252.9,-15.14,382.8,348.6,26.37,22.47,-801.8,-382.8,-1062,-877.9,-127,-20.04,-140.2,45.34,483.9,673.8,108.4,-781.8,230,197.8,855.5,-228,237.3,0.5016,-0.06384,0.8438,0.1817,-0.685,0.3082,0.5982,-0.4259,0.494,0.3043,-0.6078,0.3946,-0.4643,-0.5105,-0.4962,-0.7404,-0.2128,-0.4011,-0.5003,-0.4035,-0.4391,0.6977,-0.1638,0.6876,0.6245,-0.07648,0.7718,0.5706,-0.5387,0.3034,0.4577,-0.6491,0.4195,0.01526,-0.2671,0.02149,-0.6455,-0.3685,-0.4105,-0.2935,-0.6975,-0.6502,-0.04688,-0.5733,-0.1983
8.53,10.44,-1.91,5.985,-0.04954,-0.1725,1.921,-5.052,12.64,0.5752,5.256,-0.3933,5.247,0.4194,-0.3199,-42.88,-37.35,-0.9898,8.876,-4.124,3.373,54.72,27.38,21.53,21.79,-0.9695,1.218,4.292,-5.526,32.67,83.54,5.799,11.42,-1.844,-3.502,3.782,-4.117,-69.69,-7.751,-2.14,-26.64,-4.794,-6.812,-26.03,-9.809,-6.889,8.791,-3.107,-15.37,-107.3,-3.088,0.08809,-107.2,9.55,0.08894,-168.4,-4.234,-11.83,-71.63,-7.862,-1.703,-77.76,2.581,-0.07275,-82.48,23.96,-2.963,-80.79,-8.663,-3.016,-84.87,-3.061,-0.9461,-83.84,24.12,-3.787,-80.66,-59.29,-0.7758,-87.02,-47.75,0.4516,278.8,-32.72,303.7,438.5,-198.2,-43.95,410.6,-10.25,-139.2,594.2,227.1,-56.16,274.9,365.2,-15.63,491.2,-47.36,112.8,452.6,200.7,36.14,-13.2,208,18.55,369.1,99.11,91.8,206,-316.4,-385.3,-520.5,-498.1,31.27,-135.6,6.886,-16.14,341.8,650.9,104.5,-1130,257.3,241.2,549.8,726.1,459.5,0.4999,-0.06586,0.8446,0.1821,-0.684,0.3024,0.6014,-0.4253,0.4884,0.3065,-0.6034,0.3913,-0.4638,-0.5127,-0.4967,-0.7375,-0.2166,-0.414,-0.4906,-0.4109,-0.4538,0.6984,-0.1635,0.6871,0.6242,-0.07648,0.7722,0.5742,-0.5379,0.3069,0.4568,-0.6506,0.4241,0.01459,-0.2653,0.0221,-0.6478,-0.3625,-0.4045,-0.2856,-0.7006,-0.6508,-0.03034,-0.5931,-0.1913
8.54,10.46,-1.83,6.029,0.1135,-0.2659,2.159,-4.905,11.34,0.5941,5.131,0.3545,5.112,0.4766,-0.4478,-43.26,-38.63,-0.513,9.286,-3.724,2.827,55.26,29.09,21.11,22.9,-1.003,1.21,5.031,-5.807,32.99,85.53,6.709,10.72,-1.955,-4.523,2.945,-4.195,-69.51,-7.937,-2.308,-26.14,-4.267,-6.534,-25.58,-9.14,-6.6,8.858,-3.28,-14.33,-108.4,-3.36,0.328,-108.3,7.982,0.3305,-167.9,-4.997,-9.666,-71.7,-7.895,-1.743,-77.88,2.563,-0.1914,-83.45,23.47,-3.406,-81.6,-9.477,-3.049,-84.9,-2.928,-0.9101,-84.38,25.18,-4.169,-80.94,-60.19,-0.6785,-87.58,-49.33,-0.1464,328.1,-55.67,300.3,372.1,-152.8,-40.53,307.1,33.2,-75.19,506.3,210,-80.57,154.3,389.6,3.905,394.5,-3.415,168,358.9,126,96.19,79.6,56.15,72.76,350.6,-141.6,134.3,405.3,138.2,-250.5,289.5,-240.2,-247.1,-63.81,141.1,121.1,250,442.9,10.25,-1110,146.4,183.6,-1677,1175,804.2,0.4982,-0.06757,0.8453,0.1823,-0.683,0.2966,0.6053,-0.4243,0.4824,0.3094,-0.5979,0.3878,-0.4634,-0.514,-0.4981,-0.7346,-0.22,-0.4266,-0.4821,-0.4192,-0.4677,0.6983,-0.1632,0.6874,0.624,-0.0766,0.7724,0.5768,-0.538,0.311,0.458,-0.65,0.4309,0.01447,-0.2642,0.02234,-0.6504,-0.3563,-0.3994,-0.2795,-0.7027,-0.6517,-0.02027,-0.6036,-0.1865
8.55,10.54,-1.779,6.028,0.2294,-0.2599,2.452,-4.656,10.24,1.149,4.908,1.045,4.89,0.48,-0.4253,-43.75,-39.58,0.03793,9.302,-3.296,2.06,55.9,30.59,20.59,23.83,-1.095,1.24,5.808,-5.961,33.26,87.16,7.531,10.79,-2.041,-4.243,2.046,-3.701,-69.36,-8.059,-2.392,-25.56,-3.749,-6.232,-25.05,-8.378,-6.286,8.895,-3.471,-13.18,-109.2,-3.687,0.5219,-109.1,6.555,0.524,-167.5,-5.445,-7.462,-71.85,-7.914,-1.792,-78.05,2.604,-0.2961,-84.47,22.93,-3.89,-82.49,-10.27,-2.993,-84.93,-2.85,-0.8086,-84.82,26.11,-4.512,-81.04,-60.86,-0.7235,-87.01,-49.97,-0.3771,312.5,-83.01,282.2,326.2,-120.6,-25.88,264.6,84.47,-35.15,448.3,177.2,-115.7,106.4,349.6,15.63,357.4,7.328,190.9,363.3,104,99.12,230,-136.2,96.19,354.5,-279.8,109.4,692.4,494.6,-179.7,927.8,11.73,-257.8,-21.38,-6.886,53.64,218.3,253.4,-57.14,-921.9,-16.59,145.5,-1182,387.2,1390,0.4971,-0.06867,0.8457,0.1818,-0.682,0.2905,0.6096,-0.4236,0.4756,0.3127,-0.5917,0.3841,-0.4632,-0.5144,-0.5009,-0.7319,-0.2231,-0.4386,-0.4753,-0.4285,-0.4803,0.6983,-0.1625,0.6877,0.6244,-0.07648,0.7724,0.5784,-0.5389,0.3147,0.4594,-0.6487,0.4382,0.01373,-0.2634,0.02271,-0.6536,-0.3501,-0.3954,-0.2749,-0.7038,-0.6527,-0.02045,-0.6077,-0.1898
8.56,10.51,-1.76,5.916,0.3881,-0.2003,2.814,-4.327,9.334,1.737,4.55,1.67,4.537,0.4806,-0.3348,-44.38,-40.12,0.5866,9.004,-2.81,1.189,56.61,31.79,20.12,24.73,-1.19,1.383,6.036,-5.904,33.44,88.44,8.187,11,-2.134,-3.576,1.682,-2.891,-69.27,-8.106,-2.429,-24.89,-3.244,-5.892,-24.45,-7.549,-5.934,8.916,-3.629,-11.91,-109.7,-4.069,0.7174,-109.5,5.265,0.7185,-167.1,-5.586,-5.306,-72.12,-7.818,-1.843,-78.22,2.667,-0.3671,-84.89,22.48,-4.104,-82.85,-10.9,-2.967,-84.96,-2.805,-0.7016,-85.03,27.06,-4.832,-80.88,-61.17,-0.8573,-85.65,-50.11,-0.7574,248.5,-118.7,230,290,-113.8,-21.49,263.2,112.8,-27.35,394.5,149.4,-119.6,142.6,341.3,-6.833,386.2,-24.9,159.2,446.3,134.8,149.4,428.2,-225.6,17.08,330.1,-362.8,61.05,482.9,440.9,-175.8,912.6,309.6,-220.2,-28.4,43.92,48.88,558.1,1820,-423.8,-585,-385.3,113.8,25.88,-186,494.6,0.4967,-0.06928,0.8458,0.1808,-0.681,0.2839,0.6139,-0.4235,0.4679,0.3167,-0.585,0.3798,-0.4635,-0.5144,-0.5047,-0.7293,-0.2257,-0.4498,-0.4705,-0.4383,-0.4912,0.6993,-0.1612,0.6874,0.6248,-0.07605,0.7722,0.5784,-0.5403,0.3174,0.4587,-0.6491,0.4426,0.01294,-0.2629,0.02313,-0.6584,-0.3419,-0.3925,-0.2733,-0.7038,-0.6536,-0.02429,-0.6082,-0.1983
8.57,10.38,-1.777,5.779,0.5969,-0.1161,3.113,-3.957,8.521,2.317,4.113,2.273,4.107,0.4518,-0.2215,-45.18,-40.29,1.102,8.747,-2.258,0.4635,57.36,33.07,19.75,25.33,-1.267,1.771,5.828,-5.759,33.64,88.95,8.718,11.58,-2.144,-3.038,1.73,-2.398,-69.26,-8.118,-2.418,-24.14,-2.736,-5.526,-23.76,-6.675,-5.558,8.953,-3.719,-10.54,-109.8,-4.469,0.939,-109.7,4.051,0.9385,-166.2,-5.738,-3.362,-72.43,-7.635,-1.885,-78.39,2.715,-0.39,-84.83,22.17,-4.081,-82.81,-11.41,-2.874,-84.98,-2.782,-0.5925,-85.09,27.67,-5.253,-80.14,-61.04,-1.512,-84.3,-49.46,-1.359,190.9,-127,173.3,275.9,-125,-30.28,277.8,111.3,-30.28,352.5,126,-126.5,181.1,298.3,-3.905,416.5,-38.08,68.84,844.7,438.5,370.1,582,-218.7,-79.58,329.6,-355,49.81,133.8,197.8,-114.7,217.3,284.2,-85.43,-37.08,-87.38,64.87,-440.4,-1524,927.2,-363.3,-434.1,166,-1467,-809.6,53.23,0.4966,-0.06921,0.8458,0.1793,-0.6798,0.2768,0.6182,-0.424,0.4594,0.3212,-0.578,0.3747,-0.4642,-0.5141,-0.5091,-0.7267,-0.2283,-0.4605,-0.4677,-0.445,-0.5031,0.7008,-0.1597,0.6866,0.6253,-0.07532,0.7721,0.5766,-0.5421,0.3186,0.4559,-0.6506,0.4452,0.01209,-0.2626,0.0235,-0.6624,-0.334,-0.3926,-0.2746,-0.7014,-0.6555,-0.0271,-0.603,-0.2065
8.58,10.24,-1.756,5.75,0.7758,-0.08755,3.257,-3.594,7.674,2.955,3.689,2.926,3.686,0.4107,-0.1538,-46.08,-40.19,1.501,7.81,-1.67,0.5742,58.07,34.42,19.55,25.85,-1.413,1.555,5.37,-4.615,33.9,89.1,9.144,12.08,-2.151,-2.692,2.041,-2.355,-69.32,-8.157,-2.384,-23.35,-2.22,-5.129,-23.03,-5.8,-5.151,9.017,-3.691,-9.114,-109.8,-4.844,1.204,-109.6,2.828,1.201,-165,-5.216,-2.238,-72.64,-7.5,-1.866,-78.58,2.717,-0.391,-84.5,21.99,-4.018,-82.5,-11.85,-2.848,-84.99,-2.809,-0.5412,-84.01,28.31,-4.497,-78.6,-60.63,-2.912,-83.08,-48.59,-2.18,127.9,-104,165.5,277.8,-147,-50.3,306.2,89.36,-55.18,340.8,121.1,-95.71,218.3,222.2,-7.809,446.3,-116.2,126,703.6,-138.7,-225.6,572.8,-169.4,-138.2,299.8,-247.1,53.72,205.1,9.285,-97.16,-18.08,-4.392,83,-48.44,-61.06,77.16,647,37.61,79.1,-266.6,-548.9,51.74,-1361,-748.1,-3.4,0.4964,-0.06867,0.8461,0.1777,-0.6786,0.2694,0.6222,-0.4248,0.4504,0.3264,-0.5713,0.3686,-0.4656,-0.5136,-0.5135,-0.7235,-0.2313,-0.471,-0.4726,-0.4477,-0.5107,0.7019,-0.1585,0.6859,0.6254,-0.07434,0.7722,0.5741,-0.5443,0.3184,0.4521,-0.6531,0.4463,0.01166,-0.2628,0.02374,-0.6643,-0.333,-0.388,-0.2778,-0.6962,-0.6596,-0.02747,-0.5963,-0.2136
8.59,10.21,-1.697,5.821,0.8065,-0.07902,3.256,-3.262,6.857,3.627,3.249,3.613,3.248,0.3218,-0.1177,-47,-39.89,1.784,7.284,-1.082,0.02036,58.65,34.91,19.44,26.58,-1.583,1.678,4.74,-3.536,34.16,89.21,9.481,12.29,-2.201,-2.738,2.539,-2.668,-69.43,-8.192,-2.316,-22.59,-1.679,-4.699,-22.32,-4.931,-4.715,9.166,-3.533,-7.68,-109.6,-5.193,1.506,-109.4,1.662,1.5,-164.5,-5.103,-0.5267,-72.75,-7.5,-1.807,-78.75,2.683,-0.3906,-83.99,21.88,-3.918,-81.99,-12.22,-2.896,-85,-2.871,-0.5085,-82.99,29.07,-4.096,-76.78,-59.98,-4.443,-82.15,-47.81,-3.1,74.21,-51.76,146,270,-159.2,-66.4,331.1,55.17,-80.08,334,108.4,-59.57,212.4,133.8,3.905,418,-154.8,21.97,132.3,-327.1,216.8,390.1,-132.3,-97.66,258.3,-93.75,59.56,195.8,-185.6,-135.8,-99.15,-194.4,-59.56,1.336,-33.67,27.36,485.3,-215.3,-92.27,-47.89,-710.4,-21.03,-1297,-575.3,-62,0.4962,-0.06769,0.8463,0.1764,-0.677,0.262,0.6261,-0.4257,0.4409,0.3319,-0.5652,0.3613,-0.4673,-0.5132,-0.5177,-0.7203,-0.2341,-0.4811,-0.4706,-0.4554,-0.5183,0.7021,-0.1575,0.686,0.6253,-0.07337,0.7725,0.5716,-0.5466,0.3175,0.4478,-0.6564,0.446,0.01135,-0.2633,0.02393,-0.6673,-0.3279,-0.3853,-0.2831,-0.6897,-0.664,-0.02527,-0.5902,-0.2188
8.6,10.31,-1.592,5.889,0.6993,-0.08646,3.204,-2.967,6.03,4.342,2.798,4.337,2.795,0.2106,-0.1317,-47.85,-39.44,1.939,6.399,-0.5145,-0.5911,59.01,35.36,19.33,27.37,-1.684,1.872,4.142,-2.668,34.39,89.2,9.813,12.31,-2.222,-2.776,3.012,-3.089,-69.56,-8.227,-2.24,-21.91,-1.123,-4.235,-21.69,-4.081,-4.245,9.429,-3.245,-6.26,-109.3,-5.524,1.846,-109.1,0.5024,1.837,-163.9,-4.608,1.248,-72.82,-7.636,-1.723,-78.88,2.645,-0.4099,-83.48,21.76,-3.786,-81.49,-12.58,-2.931,-85,-2.923,-0.4921,-82.17,29.87,-3.879,-75.02,-59.13,-5.983,-81.4,-47.02,-3.959,35.15,-19.53,115.7,246.6,-158.7,-68.36,329.1,18.06,-95.21,339.3,83.5,-53.22,223.2,78.13,23.44,376.5,-151.9,-47.85,623,351.6,83,173.3,-68.86,-12.69,195.8,45.41,71.3,-26.36,-315.4,-89.35,-178.7,-260.7,-65.91,20.38,51.72,-27.82,284.2,-156.2,33.2,-12.74,-741.7,47.87,-1229,-312.4,39.1,0.4961,-0.06659,0.8466,0.1757,-0.6751,0.255,0.63,-0.4264,0.4314,0.3374,-0.56,0.3529,-0.4692,-0.513,-0.5216,-0.7167,-0.237,-0.4908,-0.4711,-0.464,-0.5245,0.7014,-0.1565,0.6869,0.6251,-0.07276,0.7728,0.5691,-0.5487,0.3169,0.4435,-0.6595,0.4457,0.01117,-0.2637,0.02399,-0.6684,-0.3233,-0.3821,-0.2889,-0.6827,-0.6684,-0.02252,-0.5841,-0.223
8.61,10.43,-1.452,5.93,0.5795,-0.09472,3.164,-2.704,5.165,5.094,2.332,5.094,2.325,0.09012,-0.1815,-48.54,-38.97,1.988,5.39,-0.008108,-0.6974,59.14,35.73,19.15,28.2,-1.749,1.98,3.667,-1.965,34.56,89,10.18,12.19,-2.247,-2.63,3.391,-3.458,-69.65,-8.261,-2.177,-21.34,-0.5512,-3.745,-21.17,-3.25,-3.751,9.791,-2.85,-4.899,-108.9,-5.86,2.205,-108.7,-0.6989,2.194,-163.2,-4.012,2.552,-72.86,-7.785,-1.65,-78.97,2.606,-0.474,-83.08,21.57,-3.714,-81.1,-12.94,-2.931,-85.01,-2.944,-0.443,-81.52,30.69,-3.699,-73.57,-58.05,-7.324,-80.76,-46.16,-4.616,24.43,10.25,80.07,210,-150.4,-40.53,310.5,2.924,-106,332,48.33,-46.38,200.2,49.8,30.76,308.1,-130.4,-27.83,501,-152.8,-5.369,0,-3.902,62.01,128.9,118.2,32.23,-135.3,-309.6,-47.86,-274.4,-314.4,-114.3,83.52,3.979,-44.42,204.6,44.43,25.88,-112.8,-731.9,155.3,-1009,-273.9,91.8,0.496,-0.06574,0.8468,0.1759,-0.6729,0.2486,0.6341,-0.4265,0.4221,0.3427,-0.5556,0.3435,-0.4711,-0.513,-0.5254,-0.7127,-0.2398,-0.5005,-0.4737,-0.4701,-0.5287,0.7006,-0.1557,0.6878,0.6249,-0.0727,0.7731,0.5666,-0.551,0.3166,0.4397,-0.6621,0.446,0.01074,-0.2639,0.02411,-0.6685,-0.3195,-0.3781,-0.2951,-0.6758,-0.6721,-0.02094,-0.5777,-0.2269
8.62,10.47,-1.335,5.947,0.5627,-0.08619,3.149,-2.447,4.314,5.882,1.885,5.881,1.869,-0.03553,-0.2433,-49.06,-38.49,1.981,4.463,0.433,-0.8905,59.06,35.91,18.88,28.99,-1.808,2.038,3.312,-1.416,34.62,88.63,10.57,12.07,-2.312,-2.367,3.677,-3.731,-69.7,-8.312,-2.127,-20.91,0.02074,-3.243,-20.77,-2.423,-3.246,10.24,-2.388,-3.599,-108.5,-6.206,2.561,-108.3,-1.896,2.547,-162.6,-3.503,3.927,-72.9,-7.85,-1.607,-79.03,2.578,-0.5457,-82.77,21.28,-3.689,-80.8,-13.28,-2.917,-85.01,-2.896,-0.3503,-81,31.49,-3.546,-72.52,-56.83,-8.301,-80.22,-45.15,-5.044,9.765,24.9,60.06,155.3,-124,-40.04,241.7,-20.99,-94.24,299.8,12.69,-78.61,155.3,45.41,44.92,249.5,-75.68,-24.41,476.5,-230.9,-29.78,-94.74,31.73,47.36,61.52,135.7,4.383,-147.5,-281.2,-82.02,-323.2,-328.6,37.12,16.7,-2.907,-91.76,125.5,256.4,26.87,-237.8,-721.1,183.1,-1028,-324.2,87.41,0.4957,-0.06513,0.847,0.1769,-0.6703,0.2429,0.6385,-0.426,0.4132,0.3479,-0.5521,0.3336,-0.4729,-0.5131,-0.5292,-0.7086,-0.2423,-0.5103,-0.475,-0.4768,-0.5328,0.7003,-0.1552,0.6882,0.6247,-0.07288,0.7733,0.5643,-0.5535,0.317,0.4364,-0.6642,0.4466,0.01001,-0.2634,0.02429,-0.6682,-0.3163,-0.374,-0.3019,-0.6696,-0.6746,-0.02081,-0.5702,-0.2306
8.63,10.41,-1.261,5.936,0.6483,-0.04276,3.141,-2.177,3.535,6.657,1.428,6.655,1.395,-0.1487,-0.305,-49.43,-37.99,1.957,3.733,0.7997,-1.119,58.8,35.98,18.51,29.76,-1.86,2.042,3.009,-1.014,34.55,88.08,10.99,11.9,-2.442,-2.084,3.966,-3.884,-69.73,-8.353,-2.091,-20.61,0.5755,-2.735,-20.5,-1.599,-2.736,10.74,-1.906,-2.37,-108,-6.573,2.901,-107.9,-3.043,2.886,-162.1,-3.173,5.285,-72.93,-7.806,-1.617,-79.05,2.549,-0.6261,-82.48,20.89,-3.682,-80.5,-13.6,-2.974,-85.03,-2.819,-0.2641,-80.61,32.25,-3.422,-71.95,-55.48,-8.808,-79.81,-44.02,-5.257,-47.84,4.393,88.38,98.16,-110.4,-26.86,157.7,-28.32,-73.73,260.7,-29.29,-88.87,97.65,28.81,40.53,137.7,-67.87,-36.62,417.5,-130.8,-74.23,-117.2,76.17,21.49,-3.417,135.7,5.365,-78.14,-120.1,-60.05,-174.3,-152.3,57.14,-72.16,52.79,-12.14,88.86,406.7,10.25,-358,-666,136.8,-996.6,-364.8,81.06,0.4954,-0.0647,0.8472,0.1785,-0.6675,0.2381,0.6432,-0.4251,0.4044,0.3526,-0.5491,0.3236,-0.4745,-0.5131,-0.533,-0.7048,-0.2442,-0.5198,-0.4751,-0.4831,-0.5373,0.7006,-0.1552,0.688,0.6244,-0.07331,0.7735,0.5622,-0.5562,0.3182,0.4334,-0.6664,0.4468,0.0094,-0.2626,0.0246,-0.6681,-0.3132,-0.3698,-0.3094,-0.6643,-0.6755,-0.02191,-0.562,-0.2339
8.64,10.3,-1.211,5.957,0.7099,0.0322,3.106,-1.854,2.807,7.354,0.931,7.349,0.8683,-0.2777,-0.336,-49.65,-37.46,1.954,3.089,1.113,-1.315,58.4,35.88,18.04,30.5,-1.939,2.058,2.987,-0.7116,34.37,87.31,11.38,11.61,-2.547,-1.894,4,-3.965,-69.75,-8.335,-2.043,-20.42,1.108,-2.243,-20.35,-0.7443,-2.243,11.26,-1.413,-1.188,-107.5,-6.955,3.214,-107.4,-4.152,3.199,-161.7,-2.917,6.561,-72.91,-7.727,-1.653,-79.06,2.511,-0.7083,-82.48,20.38,-3.808,-80.47,-13.93,-2.99,-85.06,-2.763,-0.1724,-80.33,32.97,-3.363,-71.76,-53.97,-8.864,-79.54,-42.83,-5.313,-42.97,-29.78,36.14,47.87,-83.49,-17.58,93.75,-22.47,-37.11,218.7,-71.29,-107.9,41.98,10.26,43.45,48.34,-90.82,-26.86,299.8,-200.7,2.937,-121.1,68.37,38.09,-31.73,110.8,31.25,80.06,22.46,-52.72,25.38,-6.838,-72.74,-86.86,-17.14,85.46,35.17,458,-5.856,-416.5,-597.2,102,-969.8,-337.4,79.09,0.4956,-0.06433,0.8471,0.1808,-0.6646,0.2341,0.6482,-0.4239,0.3957,0.3571,-0.5464,0.3136,-0.4761,-0.513,-0.537,-0.7011,-0.2457,-0.5291,-0.4745,-0.4891,-0.5413,0.701,-0.1555,0.6875,0.6241,-0.0738,0.7738,0.5603,-0.5592,0.32,0.4318,-0.6676,0.4481,0.008728,-0.2621,0.02496,-0.6683,-0.3098,-0.3662,-0.3182,-0.66,-0.6746,-0.02368,-0.5533,-0.2365
8.65,10.23,-1.167,6.011,0.7493,0.108,3.044,-1.48,2.14,8.036,0.5098,8.027,0.3569,-0.3785,-0.364,-49.76,-36.93,1.975,2.538,1.368,-1.547,57.94,35.71,17.5,31.2,-2.031,2.11,3.004,-0.5047,34.11,86.33,11.67,11.21,-2.563,-1.769,4.013,-3.993,-69.75,-8.322,-2.005,-20.33,1.606,-1.754,-20.28,0.1267,-1.754,11.77,-0.9366,-0.0509,-107,-7.343,3.503,-106.9,-5.206,3.489,-161.4,-2.731,7.817,-72.85,-7.674,-1.702,-79.06,2.484,-0.8006,-82.51,19.81,-3.967,-80.48,-14.24,-2.952,-85.09,-2.771,-0.1146,-80.17,33.65,-3.406,-71.81,-52.32,-8.664,-79.34,-41.58,-5.293,0.9855,-49.81,-4.401,6.847,-50.29,-11.72,46.38,-19.04,-16.12,181.1,-97.65,-102.5,0,-37.6,26.86,2.941,-133.8,-34.66,207,-274.9,37.6,-112.3,30.77,18.55,-46.87,32.22,19.04,211.4,109.9,-23.42,219.7,71.77,-24.43,-75.84,15.15,70.25,-39.08,430.6,2.456,-406.3,-524.9,86.39,-894.1,-248.6,122,0.4958,-0.06409,0.847,0.1834,-0.6615,0.2309,0.6531,-0.4229,0.3868,0.3615,-0.5438,0.3039,-0.4774,-0.5128,-0.5409,-0.6977,-0.247,-0.538,-0.4734,-0.4949,-0.5453,0.7012,-0.1562,0.6871,0.6239,-0.07441,0.774,0.5583,-0.5625,0.3221,0.4304,-0.6683,0.4497,0.008301,-0.2621,0.02533,-0.6684,-0.3062,-0.3631,-0.328,-0.6559,-0.6725,-0.02576,-0.5442,-0.2388
8.66,10.18,-1.138,6.053,0.8027,0.1827,3.008,-1.038,1.538,8.739,0.3964,8.728,-0.1185,-0.4448,-0.3785,-49.8,-36.38,2.007,2.082,1.564,-1.8,57.44,35.55,16.98,31.84,-2.131,2.212,3.004,-0.3016,33.82,85.12,11.89,10.69,-2.532,-1.65,4.01,-3.958,-69.76,-8.345,-1.961,-20.3,2.061,-1.25,-20.28,1.023,-1.249,12.24,-0.472,1.061,-106.5,-7.741,3.778,-106.4,-6.206,3.766,-161,-2.614,9.043,-72.82,-7.645,-1.739,-79.09,2.459,-0.8652,-82.53,19.25,-4.1,-80.5,-14.51,-2.885,-85.1,-2.825,-0.07202,-80,34.27,-3.464,-71.92,-50.49,-8.379,-79.09,-40.26,-5.273,10.24,-83.98,8.783,-32.72,-14.65,-21.97,20,-23.93,-4.391,135.8,-128.9,-107.4,-29.3,-59.56,21.49,-45.42,-186.5,-49.31,206,-221.7,36.14,-90.32,-4.393,8.786,-68.36,-53.72,10.75,218.3,147.9,20.98,297.8,51.76,-24.93,-52.78,-25.86,52.72,-96.68,395.5,31.73,-408.7,-473.6,74.22,-749.1,-178.7,228.5,0.4956,-0.06373,0.847,0.1861,-0.6583,0.2284,0.658,-0.4221,0.3777,0.366,-0.5411,0.2945,-0.4786,-0.5127,-0.5448,-0.6944,-0.2481,-0.5464,-0.472,-0.5002,-0.5495,0.7013,-0.1566,0.6869,0.6237,-0.07471,0.7741,0.556,-0.5658,0.3241,0.429,-0.6687,0.4514,0.007935,-0.2625,0.02557,-0.6687,-0.3025,-0.3605,-0.3387,-0.6516,-0.6697,-0.02808,-0.5345,-0.2414
8.67,10.12,-1.119,6.025,0.858,0.2491,3.04,-0.5292,0.9739,9.381,0.7116,9.37,-0.6033,-0.472,-0.3771,-49.77,-35.89,2.045,1.668,1.744,-2.002,56.94,35.39,16.51,32.4,-2.221,2.322,2.956,-0.09578,33.59,83.68,12.07,10.17,-2.503,-1.439,4.073,-3.883,-69.76,-8.352,-1.917,-20.33,2.457,-0.755,-20.32,1.928,-0.7545,12.68,-0.01616,2.163,-106,-8.147,4.038,-106,-7.175,4.029,-160.7,-2.531,10.19,-72.85,-7.599,-1.759,-79.1,2.437,-0.9011,-82.48,18.75,-4.18,-80.46,-14.77,-2.834,-85.12,-2.909,-0.04037,-79.8,34.83,-3.485,-72.04,-48.52,-8.079,-78.81,-38.8,-5.174,-20.99,-96.68,9.276,-43.44,31.26,-46.88,14.15,-28.82,5.863,101.5,-138.7,-99.61,-55.17,-86.92,29.29,-72.27,-238.3,-56.64,186.5,-290.5,49.8,-62.5,-29.79,27.34,-96.18,-116.2,6.347,98.15,130.9,65.42,282.2,49.31,59.56,-31.74,-28.31,22.44,-124,377,8.784,-408.7,-423.8,89.37,-570.3,-155.8,225.1,0.4956,-0.06342,0.847,0.1888,-0.6549,0.2266,0.6626,-0.4215,0.3683,0.3706,-0.5383,0.2855,-0.4794,-0.5128,-0.5484,-0.6911,-0.2493,-0.5543,-0.4704,-0.5052,-0.5534,0.7016,-0.1565,0.6867,0.6235,-0.0749,0.7743,0.5534,-0.5688,0.3257,0.4274,-0.6695,0.4527,0.00763,-0.2632,0.02582,-0.669,-0.2991,-0.3583,-0.3502,-0.6469,-0.6664,-0.03131,-0.5237,-0.2445
8.68,10.07,-1.114,5.969,0.8878,0.2873,3.081,0.02387,0.4162,9.965,1.183,9.955,-1.116,-0.4496,-0.3943,-49.42,-35.44,2.061,1.339,1.917,-2.16,56.14,35.24,16.11,32.86,-2.318,2.428,2.868,0.1377,33.49,82.06,12.28,9.714,-2.481,-1.225,4.192,-3.769,-69.76,-8.332,-1.882,-20.69,2.803,-0.2728,-20.69,2.827,-0.2729,13.09,0.4415,3.263,-105.6,-8.548,4.306,-105.6,-8.133,4.301,-160.4,-2.517,11.28,-72.9,-7.551,-1.759,-79.09,2.433,-0.9024,-82.37,18.35,-4.224,-80.34,-15.07,-2.812,-85.13,-2.992,-0.0251,-79.52,35.29,-3.435,-72.16,-46.44,-7.739,-78.48,-37.15,-5.052,-54.2,-84.48,-21.49,-66.89,67.86,-48.33,14.15,-35.65,11.71,68.38,-157.2,-95.71,-63.96,-91.3,43.95,-77.16,-261.7,-79.1,146.5,-324.7,54.19,-38.58,-42.97,25.4,-100.6,-142.1,13.67,8.801,143.6,92.78,132.3,17.57,71.75,-28.4,-74.68,38.58,-137.2,353.5,-3.92,-385.7,-403.8,107.9,-514.7,-230,171.4,0.4958,-0.06317,0.8469,0.1912,-0.6516,0.225,0.6667,-0.4214,0.3587,0.3753,-0.5354,0.2766,-0.4799,-0.5132,-0.5516,-0.6875,-0.2509,-0.5617,-0.4685,-0.5097,-0.5573,0.702,-0.1563,0.6864,0.6235,-0.07495,0.7743,0.5505,-0.5718,0.3265,0.4253,-0.6707,0.4537,0.007447,-0.2639,0.02594,-0.6696,-0.2961,-0.3565,-0.3623,-0.6417,-0.6625,-0.03497,-0.5114,-0.2479
8.69,10,-1.127,5.901,0.9172,0.2874,3.135,0.5841,-0.1489,10.51,1.674,10.5,-1.616,-0.3766,-0.4361,-49.39,-35.08,2.032,1.058,2.115,-2.285,55.7,35.14,15.78,33.24,-2.399,2.5,2.724,0.4308,33.48,80.27,12.5,9.334,-2.45,-1.006,4.391,-3.68,-69.75,-8.309,-1.871,-20.69,3.11,0.2125,-20.69,3.695,0.2126,13.51,0.9056,4.369,-105.3,-8.934,4.574,-105.3,-9.082,4.575,-160.1,-2.548,12.34,-72.95,-7.499,-1.744,-79.06,2.425,-0.8712,-82.17,18.02,-4.204,-80.14,-15.39,-2.821,-85.15,-3.113,-0.04256,-79.12,35.69,-3.263,-72.21,-44.28,-7.427,-78.17,-35.34,-4.91,-99.11,-85.93,-35.64,-80.55,104.5,-56.65,12.19,-50.29,16.6,61.51,-164.6,-81.06,-68.86,-98.64,36.14,-110.9,-263.2,-87.89,132.3,-324.2,61.52,-43.94,-59.09,21.49,-108.9,-122.1,10.25,-29.31,106.5,41.99,59.08,32.69,137.7,-53.12,-73.3,36.12,-132.3,330.1,16.1,-362.8,-400.9,89.37,-541.4,-264.6,118.2,0.496,-0.06317,0.8468,0.1929,-0.6484,0.2234,0.6703,-0.4217,0.3489,0.38,-0.5324,0.2676,-0.4802,-0.514,-0.5544,-0.6838,-0.2528,-0.5688,-0.4662,-0.5141,-0.5611,0.7024,-0.156,0.6861,0.6234,-0.07489,0.7743,0.5474,-0.5746,0.3269,0.4227,-0.6723,0.4545,0.007508,-0.2649,0.02606,-0.6705,-0.2935,-0.355,-0.375,-0.636,-0.6584,-0.03882,-0.4978,-0.2513
8.7,9.906,-1.111,5.85,0.9451,0.2584,3.174,1.148,-0.7368,11,2.165,10.99,-2.108,-0.2793,-0.4937,-49.42,-34.83,1.977,0.8174,2.33,-2.36,55.31,35.08,15.5,33.56,-2.414,2.524,2.644,0.7408,33.55,78.31,12.71,8.959,-2.394,-0.7935,4.523,-3.63,-69.72,-8.266,-1.868,-20.61,3.383,0.6848,-20.6,4.53,0.686,13.97,1.366,5.467,-105,-9.286,4.843,-105.1,-10.02,4.854,-159.9,-2.619,13.34,-72.95,-7.428,-1.711,-79,2.403,-0.8488,-82.01,17.73,-4.153,-80,-15.75,-2.841,-85.15,-3.261,-0.09493,-78.67,36.01,-3.035,-72.26,-42.02,-7.121,-77.9,-33.44,-4.733,-135.2,-81.54,-32.72,-86.43,153.3,-77.15,11.25,-76.18,15.14,54.19,-169.9,-64.94,-94.73,-112.3,33.69,-144.5,-244.6,-81.55,108.9,-360.9,70.8,-60.55,-63.48,15.14,-132.3,-68.84,11.71,-137.7,74.72,74.21,-15.62,105.5,74.73,-40.09,-10.25,32.28,-118.7,326.2,49.3,-342.3,-403.8,76.64,-554.7,-209,20.49,0.4963,-0.06336,0.8465,0.1937,-0.6454,0.2211,0.6734,-0.4221,0.339,0.3846,-0.5296,0.2584,-0.4803,-0.515,-0.5566,-0.6798,-0.2553,-0.5753,-0.4637,-0.5182,-0.5648,0.7028,-0.1558,0.6857,0.6233,-0.07502,0.7744,0.5443,-0.5769,0.3274,0.4203,-0.6739,0.4555,0.007813,-0.2662,0.026,-0.6712,-0.2915,-0.3537,-0.388,-0.6297,-0.6538,-0.04273,-0.4834,-0.2543
8.71,9.856,-1.086,5.837,0.9008,0.2173,3.16,1.662,-1.322,11.41,2.68,11.41,-2.623,-0.2096,-0.5467,-49.57,-34.68,1.923,0.6439,2.586,-2.425,55.01,35.1,15.2,33.8,-2.459,2.497,2.677,1.032,33.62,76.2,12.92,8.498,-2.323,-0.5719,4.567,-3.606,-69.67,-8.173,-1.862,-20.4,3.657,1.132,-20.37,5.319,1.134,14.47,1.796,6.558,-104.8,-9.612,5.111,-105,-10.93,5.132,-159.7,-2.754,14.31,-72.89,-7.376,-1.669,-78.92,2.406,-0.8317,-81.96,17.43,-4.174,-79.93,-16.12,-2.831,-85.14,-3.417,-0.1364,-78.22,36.26,-2.772,-72.34,-39.68,-6.776,-77.71,-31.55,-4.476,-135.2,-68.36,-64.46,-91.31,169.4,-88.38,19.51,-109.9,0.9771,41.5,-180.2,-52.74,-121.1,-109.4,38.09,-176.7,-223.6,-76.17,72.28,-396.5,65.92,-85.93,-59.58,11.24,-151.4,-18.55,13.67,-208.5,-13.18,138.7,-100.6,180.7,35.63,-15.7,59.07,-7.839,-117.2,329.1,66.92,-310.1,-404.8,40.54,-600.1,-111.8,-88.84,0.497,-0.0636,0.8461,0.1936,-0.6429,0.2179,0.6761,-0.4228,0.3291,0.3888,-0.5268,0.2491,-0.48,-0.5165,-0.5582,-0.6757,-0.258,-0.5815,-0.4609,-0.5219,-0.5686,0.7031,-0.156,0.6853,0.6232,-0.07532,0.7743,0.5417,-0.5792,0.3278,0.4182,-0.6751,0.4571,0.007996,-0.2675,0.02588,-0.6718,-0.2901,-0.3525,-0.4012,-0.6233,-0.6487,-0.04694,-0.469,-0.2568
8.72,9.863,-1.038,5.856,0.8195,0.1566,3.11,2.161,-1.901,11.8,3.196,11.79,-3.135,-0.1245,-0.625,-49.85,-34.61,1.863,0.538,2.853,-2.458,54.8,35.18,14.9,33.95,-2.468,2.388,2.749,1.266,33.73,73.95,13.19,7.833,-2.298,-0.2143,4.589,-3.588,-69.61,-8.071,-1.87,-20.05,3.907,1.57,-19.99,6.067,1.575,15.05,2.203,7.627,-104.7,-9.915,5.395,-104.9,-11.81,5.429,-159.6,-2.936,15.22,-72.78,-7.351,-1.625,-78.83,2.437,-0.8399,-81.92,17.15,-4.198,-79.89,-16.51,-2.832,-85.13,-3.549,-0.1462,-77.84,36.45,-2.498,-72.48,-37.26,-6.424,-77.6,-29.78,-4.051,-125.5,-59.57,-120.6,-120.6,163.1,-106.5,7.813,-181.6,-2.437,21.98,-213.9,-33.69,-152.3,-94.73,41.5,-206.1,-189.5,-61.04,36.14,-422.4,60.07,-131.3,-41.99,12.69,-147.5,8.31,-13.67,-215.8,-104,62.02,-198.8,146,19.52,30.74,44.38,-39.5,-149.9,379.9,51.76,-302.2,-344.8,57.62,-667.9,-40.59,-183.1,0.4977,-0.06403,0.8455,0.1922,-0.6408,0.2135,0.6784,-0.4234,0.3191,0.3924,-0.5242,0.2395,-0.4796,-0.5182,-0.5594,-0.6716,-0.2606,-0.5873,-0.4577,-0.5254,-0.5724,0.7031,-0.1565,0.685,0.6234,-0.07593,0.7741,0.5395,-0.5812,0.3285,0.4162,-0.6764,0.4587,0.007935,-0.2686,0.02582,-0.6722,-0.2894,-0.3513,-0.4143,-0.6166,-0.6428,-0.05219,-0.4554,-0.2586
8.73,9.889,-0.9884,5.875,0.7628,0.09648,3.048,2.617,-2.433,12.2,3.647,12.2,-3.578,-0.05102,-0.7055,-50.24,-34.6,1.797,0.5014,3.147,-2.504,54.7,35.27,14.58,34.04,-2.42,2.199,2.746,1.547,33.84,71.56,13.48,6.85,-2.376,0.334,4.707,-3.667,-69.54,-8.013,-1.884,-19.56,4.146,1.989,-19.47,6.761,1.998,15.66,2.586,8.672,-104.7,-10.19,5.671,-104.9,-12.62,5.72,-159.5,-3.161,16.09,-72.64,-7.346,-1.587,-78.7,2.467,-0.8555,-81.79,16.87,-4.15,-79.74,-16.91,-2.91,-85.13,-3.659,-0.1211,-77.38,36.57,-2.117,-72.54,-34.77,-6.169,-77.51,-28.26,-3.449,-128.4,-56.15,-136.7,-144.1,120.1,-126.5,7.322,-230,-18.55,14.65,-249.5,-33.69,-177.7,-73.73,50.78,-239.3,-169,-57.13,-2.429,-439.5,67.87,-172.4,-23.93,5.374,-155.8,29.79,-22.94,-187,-73.75,13.68,-194.3,24.91,101.1,-6.013,-1.53,-39.5,-164,457.5,28.33,-261.7,-228.1,118.1,-702.2,2.456,-224.1,0.4981,-0.06452,0.8452,0.1898,-0.639,0.208,0.6805,-0.4237,0.3095,0.3958,-0.5218,0.2299,-0.4792,-0.5199,-0.5604,-0.6679,-0.263,-0.5927,-0.4544,-0.5285,-0.5761,0.703,-0.1572,0.6848,0.6235,-0.07672,0.7738,0.5375,-0.5829,0.3295,0.4138,-0.6783,0.4597,0.00763,-0.2695,0.02594,-0.6727,-0.2894,-0.3501,-0.4275,-0.609,-0.6369,-0.05866,-0.4438,-0.2598
8.74,9.874,-0.9604,5.911,0.7888,0.064,2.977,3.043,-2.917,12.61,4.048,12.61,-3.971,0,-0.784,-50.71,-34.6,1.751,0.5325,3.472,-2.549,54.67,35.37,14.25,34.02,-2.347,1.96,2.635,1.977,33.99,69.05,13.84,5.501,-2.509,1.074,4.934,-3.92,-69.45,-7.988,-1.897,-18.99,4.376,2.385,-18.86,7.417,2.398,16.28,2.938,9.703,-104.6,-10.46,5.938,-104.9,-13.36,6.002,-159.4,-3.421,16.89,-72.48,-7.292,-1.579,-78.58,2.504,-0.8805,-81.55,16.58,-4.052,-79.48,-17.35,-3.064,-85.15,-3.763,-0.1069,-76.74,36.6,-1.59,-72.43,-32.23,-6.008,-77.46,-27.08,-2.633,-141.1,-53.71,-122.6,-171.4,70.81,-127.4,-10.26,-263.2,-25.39,5.362,-276.9,-54.69,-189,-57.61,54.68,-259.3,-147.5,-44.92,-42.49,-450.7,77.14,-208.5,0.4905,25.89,-154.3,32.72,-19.54,-139.2,-15.61,23.42,-45.92,100.6,61.99,-66.82,2.448,39.96,-207.5,542.4,-53.69,-220.2,-127.4,133.3,-632.8,-64.89,-241.7,0.4982,-0.06501,0.845,0.1865,-0.6376,0.2018,0.6828,-0.4235,0.3002,0.3988,-0.5194,0.2204,-0.4788,-0.5216,-0.5613,-0.6645,-0.2647,-0.5979,-0.451,-0.5312,-0.5798,0.7031,-0.1581,0.6843,0.6236,-0.07758,0.7736,0.5359,-0.5842,0.331,0.4109,-0.6809,0.4602,0.007446,-0.2704,0.02612,-0.6736,-0.2898,-0.3493,-0.441,-0.6003,-0.6313,-0.06666,-0.4347,-0.2606
8.75,9.863,-0.9492,5.965,0.8364,0.03342,2.912,3.436,-3.354,13.01,4.411,13.01,-4.325,0.02184,-0.8676,-51.18,-34.59,1.761,0.5899,3.834,-2.597,54.67,35.46,13.91,33.92,-2.267,1.722,2.645,2.45,34.18,66.42,14.21,3.782,-2.59,1.938,5.027,-4.298,-69.34,-7.987,-1.919,-18.41,4.611,2.737,-18.24,8.043,2.756,16.87,3.238,10.72,-104.5,-10.71,6.192,-104.9,-14.05,6.272,-159.2,-3.687,17.65,-72.31,-7.241,-1.581,-78.47,2.54,-0.8998,-81.45,16.28,-3.98,-79.35,-17.84,-3.164,-85.16,-3.896,-0.09712,-76.05,36.53,-1.028,-72.24,-29.66,-5.932,-77.44,-26.25,-1.693,-144.5,-48.34,-113.8,-186.5,-0.4819,-138.2,-40.04,-275.9,-11.23,-7.827,-315.4,-81.54,-205.1,-54.2,59.57,-273.4,-152.8,-44.92,-70.78,-460,67.38,-218.2,-0.9809,15.63,-145.5,0,-28.33,-84.97,104.5,29.3,82,134.8,-13.68,-70.82,-30.76,96.68,-275.4,636.7,-72.77,-232.4,-20.49,130.4,-566.4,-123.6,-196.7,0.4981,-0.06561,0.8448,0.1829,-0.6364,0.1951,0.6852,-0.4229,0.2916,0.4017,-0.5168,0.2113,-0.4786,-0.523,-0.5623,-0.6614,-0.2659,-0.603,-0.4477,-0.5336,-0.5835,0.7032,-0.1592,0.6838,0.6238,-0.07837,0.7733,0.5343,-0.5854,0.3327,0.4083,-0.683,0.4616,0.007263,-0.2715,0.02625,-0.6751,-0.2901,-0.3491,-0.4544,-0.5907,-0.6259,-0.07538,-0.4285,-0.2609
8.76,9.842,-0.9594,6.036,0.8912,0.01434,2.836,3.826,-3.739,13.42,4.741,13.42,-4.646,0.03196,-0.9483,-51.6,-34.55,1.83,0.6779,4.208,-2.632,54.67,35.57,13.61,33.74,-2.205,1.502,2.697,2.995,34.41,63.68,14.53,1.694,-2.622,2.845,5.057,-4.811,-69.25,-8.003,-1.934,-17.88,4.835,3.074,-17.67,8.656,3.098,17.4,3.48,11.72,-104.4,-10.96,6.434,-104.8,-14.67,6.53,-159.1,-3.96,18.34,-72.14,-7.2,-1.589,-78.37,2.56,-0.9032,-81.4,16,-3.921,-79.28,-18.35,-3.228,-85.16,-4.094,-0.09712,-75.28,36.38,-0.419,-71.95,-27.06,-5.889,-77.46,-25.77,-0.6633,-152.8,-51.27,-85.44,-196.3,-62.01,-135.7,-72.27,-275.4,1.954,-10.26,-341.3,-98.15,-213.4,-41.51,63.48,-294.4,-174.3,-53.71,-89.85,-464.4,64.95,-227.1,-28.32,-11.73,-153.8,-51.77,-46.39,-68.84,251.5,37.61,203.6,130.9,-23.94,-75.84,-14.23,84.54,-309.1,657.7,-3.4,-291.1,45.43,118.1,-406.3,-135.2,-139.7,0.4979,-0.0661,0.8447,0.1793,-0.6353,0.1885,0.6878,-0.422,0.2833,0.4045,-0.5138,0.2028,-0.4785,-0.5243,-0.5633,-0.6587,-0.2665,-0.6078,-0.4448,-0.5355,-0.5871,0.7032,-0.1604,0.6834,0.6239,-0.07892,0.7731,0.533,-0.5865,0.3344,0.4059,-0.6847,0.4635,0.00708,-0.2731,0.02631,-0.6771,-0.2905,-0.3496,-0.4679,-0.5801,-0.6204,-0.08454,-0.4249,-0.2608
8.77,9.832,-0.9732,6.086,0.8989,-0.01488,2.838,4.203,-4.084,13.78,5.051,13.78,-4.946,0.03772,-1.033,-51.91,-34.47,1.96,0.7698,4.594,-2.664,54.62,35.66,13.37,33.5,-2.118,1.309,2.718,3.666,34.7,60.8,14.8,-0.6973,-2.639,3.714,5.067,-5.463,-69.15,-7.998,-1.955,-17.45,5.059,3.384,-17.2,9.255,3.415,17.86,3.661,12.71,-104.2,-11.17,6.641,-104.7,-15.23,6.753,-158.9,-4.222,18.95,-72.04,-7.187,-1.581,-78.31,2.564,-0.8839,-81.35,15.77,-3.807,-79.24,-18.87,-3.28,-85.15,-4.351,-0.0993,-74.38,36.13,0.2717,-71.58,-24.42,-5.805,-77.52,-25.55,0.4561,-188,-69.34,-80.07,-206.1,-118.2,-146.5,-91.3,-273.4,19.53,-20.98,-364.7,-121.1,-221.2,-48.82,71.29,-302.7,-192.4,-48.34,-107.4,-473.1,54.19,-230,-60.05,-41.5,-186.5,-99.11,-65.91,-124,277.3,27.84,256.8,194.8,-13.18,-69.49,30.3,86.39,-348.1,676.3,42.97,-347.6,72.27,88.4,-194.8,-76.14,-41.96,0.4979,-0.06671,0.8446,0.1761,-0.6343,0.1823,0.6903,-0.421,0.2755,0.4073,-0.5104,0.195,-0.4787,-0.5251,-0.5645,-0.6565,-0.2664,-0.6124,-0.4424,-0.5368,-0.5906,0.7031,-0.161,0.6832,0.6239,-0.0791,0.773,0.5312,-0.5873,0.3357,0.4034,-0.6864,0.4656,0.006836,-0.2753,0.02631,-0.679,-0.2914,-0.3504,-0.4819,-0.5688,-0.6146,-0.09413,-0.4235,-0.2601
8.78,9.824,-0.9867,6.115,0.8489,-0.06278,2.896,4.584,-4.387,14.12,5.368,14.12,-5.253,0.05618,-1.11,-52.13,-34.34,2.137,0.8681,4.962,-2.676,54.54,35.78,13.21,33.17,-2.084,1.138,2.742,4.385,35.14,57.79,15.09,-3.297,-2.616,4.556,5.037,-6.16,-69.05,-7.957,-1.971,-17.12,5.276,3.705,-16.82,9.85,3.744,18.25,3.779,13.69,-104,-11.37,6.822,-104.6,-15.73,6.948,-158.7,-4.488,19.47,-72,-7.196,-1.541,-78.3,2.554,-0.8311,-81.34,15.61,-3.715,-79.23,-19.47,-3.296,-85.13,-4.657,-0.1015,-73.46,35.76,0.9967,-71.22,-21.77,-5.601,-77.67,-25.51,1.717,-220.2,-82.03,-81.55,-210.9,-152.8,-145.5,-89.83,-264.6,27.35,-53.22,-380.4,-137.7,-223.6,-67.87,81.05,-321.8,-217.3,-57.61,-126,-481,60.07,-226.6,-76.66,-30.28,-232.4,-124,-73.24,-174.8,238.8,115.7,218.8,291.5,-3.419,-45.43,24.94,44.88,-373.6,626.4,96.19,-391.6,100.6,6.85,-19.12,-80.02,22.46,0.4981,-0.06726,0.8443,0.1733,-0.6329,0.1768,0.6928,-0.42,0.2678,0.41,-0.5065,0.1879,-0.479,-0.5256,-0.5658,-0.6546,-0.2661,-0.6167,-0.4405,-0.5375,-0.5941,0.703,-0.161,0.6832,0.6238,-0.0788,0.7731,0.5292,-0.5882,0.3363,0.4007,-0.688,0.4682,0.006531,-0.2778,0.02625,-0.681,-0.2929,-0.3517,-0.4962,-0.5575,-0.6079,-0.1046,-0.4235,-0.2588
8.79,9.827,-1.011,6.093,0.7517,-0.108,3.019,4.965,-4.66,14.43,5.688,14.43,-5.564,0.09727,-1.191,-52.21,-34.18,2.336,0.9527,5.301,-2.676,54.38,35.91,13.19,32.76,-2.003,0.965,2.694,5.012,35.79,54.65,15.45,-6.048,-2.644,5.336,5.04,-6.747,-68.96,-7.888,-1.991,-16.94,5.489,4.026,-16.58,10.44,4.075,18.57,3.861,14.65,-103.8,-11.56,6.978,-104.4,-16.18,7.119,-158.4,-4.739,19.93,-72.03,-7.226,-1.5,-78.3,2.533,-0.7625,-81.28,15.57,-3.548,-79.16,-20.15,-3.341,-85.1,-4.984,-0.0742,-72.67,35.3,1.652,-71.02,-19.09,-5.216,-77.87,-25.57,3.084,-226.6,-93.75,-113.8,-207,-167.5,-164.6,-89.37,-265.1,46.88,-76.17,-400.4,-147,-217.8,-81.06,77.64,-328.6,-235.8,-55.17,-142.6,-500,54.68,-244.6,-104,-25.4,-263.2,-121.1,-101.1,-234.9,158.7,97.16,126.9,319.8,55.15,-74.83,-9.794,43.5,-354,539.5,89.35,-418,148,-66.4,260.3,-79.11,32.21,0.4986,-0.06788,0.8439,0.1714,-0.6313,0.1723,0.6951,-0.4191,0.2603,0.4127,-0.5023,0.1815,-0.4796,-0.5258,-0.5672,-0.6529,-0.2653,-0.6206,-0.4391,-0.5377,-0.5976,0.7029,-0.1605,0.6834,0.6237,-0.07831,0.7731,0.5268,-0.5887,0.3362,0.3973,-0.6901,0.4709,0.005921,-0.2805,0.02612,-0.683,-0.2948,-0.3533,-0.5105,-0.5468,-0.5996,-0.1156,-0.4243,-0.257
8.8,9.796,-1.023,6.048,0.6762,-0.1824,3.188,5.3,-4.907,14.77,5.979,14.76,-5.838,0.1596,-1.301,-52.19,-33.98,2.527,1.011,5.62,-2.664,54.16,36.07,13.27,32.29,-2.01,0.7823,2.531,5.451,36.58,51.39,15.83,-8.841,-2.676,6.058,5.149,-7.105,-68.89,-7.82,-2.029,-16.87,5.716,4.356,-16.46,11,4.415,18.83,3.908,15.58,-103.5,-11.71,7.114,-104.2,-16.58,7.268,-158,-4.961,20.32,-72.12,-7.235,-1.441,-78.33,2.501,-0.6867,-81.12,15.63,-3.434,-78.98,-20.88,-3.402,-85.07,-5.347,-0.04474,-72.14,34.76,2.171,-71.05,-16.4,-4.663,-78.12,-25.62,4.488,-211.4,-92.29,-140.6,-214.9,-160.7,-170.4,-84.96,-280.8,64.94,-91.32,-412.1,-158.2,-223.2,-103,90.82,-340.3,-247.1,-67.38,-140.6,-519.5,50.79,-265.1,-118.2,-38.09,-265.1,-105,-102.5,-299.3,38.55,111.3,-4.385,274.4,49.3,-40.09,23.87,8.3,-302.7,421.9,67.39,-412.5,224.2,-126.9,412.2,-126,112.3,0.499,-0.06855,0.8435,0.1704,-0.6294,0.1687,0.6969,-0.4183,0.2531,0.4154,-0.498,0.1756,-0.4804,-0.5257,-0.5686,-0.6515,-0.2645,-0.6242,-0.4384,-0.5374,-0.6009,0.703,-0.1597,0.6835,0.6236,-0.07758,0.7733,0.5249,-0.5893,0.3352,0.393,-0.6927,0.4734,0.005249,-0.2835,0.026,-0.6847,-0.2975,-0.3551,-0.5243,-0.5373,-0.5895,-0.1268,-0.4251,-0.2548
8.81,9.73,-1.017,5.968,0.6219,-0.254,3.381,5.644,-5.121,15.11,6.234,15.11,-6.078,0.2348,-1.398,-52.08,-33.72,2.701,1.04,5.888,-2.649,53.87,36.24,13.41,31.76,-2.046,0.619,2.253,5.653,37.45,48.02,16.24,-11.61,-2.754,6.785,5.321,-7.191,-68.84,-7.755,-2.06,-16.91,5.941,4.694,-16.44,11.57,4.765,19.04,3.954,16.49,-103.2,-11.85,7.216,-103.9,-16.93,7.383,-157.6,-5.159,20.64,-72.27,-7.227,-1.377,-78.39,2.451,-0.62,-80.88,15.74,-3.326,-78.68,-21.65,-3.495,-85,-5.711,0.009821,-71.95,34.15,2.474,-71.3,-13.68,-4.038,-78.36,-25.59,5.866,-188,-86.92,-159.2,-223.6,-131.3,-170.9,-72.76,-304.2,54.68,-104.5,-419.4,-152.8,-212.4,-114.7,89.35,-330.6,-243.7,-62.01,-133.3,-525.4,42,-293,-131.8,-55.17,-262.7,-83.49,-107.9,-273.9,-46.38,-3.904,-88.38,223.7,90.83,-37.75,-112.8,42.42,-271,316.4,38.11,-315.9,332.1,-134.7,622.6,-150,125,0.4994,-0.06903,0.8432,0.1703,-0.6272,0.1661,0.6987,-0.4176,0.2461,0.4182,-0.4936,0.1701,-0.4812,-0.5253,-0.5701,-0.6503,-0.2635,-0.6275,-0.4383,-0.5367,-0.6041,0.7033,-0.1585,0.6836,0.6233,-0.07679,0.7736,0.5238,-0.5894,0.3341,0.3881,-0.6958,0.4756,0.004273,-0.2865,0.02564,-0.6857,-0.3009,-0.3573,-0.5372,-0.5288,-0.5778,-0.1378,-0.4253,-0.2526
8.82,9.622,-0.9901,5.872,0.5848,-0.3287,3.567,5.959,-5.318,15.45,6.444,15.45,-6.272,0.2995,-1.488,-51.92,-33.4,2.836,1.053,6.135,-2.639,53.54,36.4,13.56,31.19,-2.057,0.4805,1.883,5.673,38.34,44.58,16.66,-14.24,-2.778,7.572,5.568,-7.105,-68.83,-7.691,-2.08,-17.03,6.168,5.024,-16.5,12.1,5.109,19.23,4.008,17.36,-102.9,-11.96,7.28,-103.6,-17.23,7.458,-157.2,-5.344,20.91,-72.45,-7.202,-1.301,-78.46,2.376,-0.5588,-80.55,15.84,-3.173,-78.32,-22.43,-3.607,-84.95,-6.101,0.007638,-72,33.49,2.612,-71.67,-10.93,-3.47,-78.58,-25.4,7.164,-183.6,-93.26,-159.7,-232.4,-97.18,-167,-63.48,-322.8,57.13,-117.2,-423.3,-149.4,-214.8,-133.8,90.33,-337.4,-252.4,-80.57,-129.9,-538.6,34.18,-308.6,-124.5,-41.99,-255.9,-54.2,-74.22,-280.8,-61.01,24.92,-159.2,88.39,109.4,-57.46,-123,-21.98,-282.7,207.5,49.82,-261.7,429.2,-66.89,970.7,-141.2,51.71,0.4999,-0.06928,0.8429,0.1708,-0.6249,0.1643,0.7004,-0.4168,0.2396,0.421,-0.4893,0.1649,-0.4823,-0.5244,-0.5716,-0.6494,-0.2623,-0.6304,-0.4386,-0.5357,-0.6073,0.7038,-0.157,0.6835,0.6229,-0.07593,0.774,0.5229,-0.5894,0.3334,0.3827,-0.6993,0.4775,0.003784,-0.2897,0.02527,-0.6859,-0.3048,-0.3597,-0.549,-0.5204,-0.5655,-0.1483,-0.4242,-0.2506
8.83,9.501,-0.9643,5.785,0.5488,-0.3948,3.739,6.261,-5.451,15.78,6.65,15.77,-6.466,0.3388,-1.569,-51.71,-33.04,2.951,1.082,6.334,-2.631,53.13,36.56,13.71,30.57,-2.076,0.3647,1.517,5.724,39.22,41.14,17.07,-16.56,-2.706,8.388,5.797,-7.065,-68.85,-7.619,-2.089,-17.24,6.409,5.333,-16.65,12.64,5.432,19.41,4.071,18.17,-102.6,-12.07,7.333,-103.3,-17.47,7.519,-156.7,-5.516,21.12,-72.63,-7.166,-1.225,-78.55,2.296,-0.4957,-80.25,15.93,-3.025,-77.98,-23.23,-3.704,-84.9,-6.503,-0.0742,-72.04,32.78,2.74,-71.94,-8.231,-3.005,-78.79,-24.96,8.39,-190.9,-86.43,-179.2,-241.2,-64.94,-157.2,-67.86,-347.7,53.22,-127.9,-431.6,-136.2,-219.2,-157.7,86.92,-337.9,-244.6,-65.92,-134.8,-543,19.53,-304.2,-117.2,-25.4,-235.4,-39.55,-67.87,-266.1,-3.404,38.56,-143.5,29.3,8.769,-40.42,-106.5,-8.761,-276.4,159.7,76.17,-157.2,441.9,-2.418,1319,-120.1,-56.63,0.5004,-0.06934,0.8426,0.1721,-0.6226,0.1631,0.702,-0.4159,0.2335,0.4237,-0.4854,0.1599,-0.4834,-0.5235,-0.5732,-0.6489,-0.2609,-0.6329,-0.4391,-0.5343,-0.6102,0.7043,-0.1555,0.6834,0.6225,-0.07495,0.7745,0.5218,-0.5894,0.3327,0.3773,-0.7025,0.4796,0.003967,-0.2932,0.02484,-0.6856,-0.3092,-0.3623,-0.5602,-0.5114,-0.5537,-0.1583,-0.4211,-0.2484
8.84,9.395,-0.9336,5.755,0.5204,-0.4726,3.879,6.536,-5.555,16.1,6.826,16.1,-6.629,0.3591,-1.644,-51.49,-32.68,3.05,1.086,6.508,-2.611,52.71,36.72,13.85,29.86,-2.114,0.2604,1.156,5.894,40.14,37.71,17.5,-18.37,-2.534,9.185,5.986,-7.16,-68.88,-7.557,-2.1,-17.48,6.663,5.618,-16.82,13.17,5.732,19.59,4.141,18.94,-102.3,-12.16,7.366,-103,-17.67,7.558,-156.3,-5.663,21.27,-72.81,-7.13,-1.143,-78.68,2.232,-0.4368,-79.99,16.03,-2.901,-77.7,-24.05,-3.749,-84.86,-6.907,-0.2051,-71.98,31.98,2.916,-72.09,-5.619,-2.582,-79.04,-24.12,9.571,-189.4,-85.45,-199.7,-245.1,-45.4,-159.7,-71.29,-355,68.36,-142.1,-442.9,-137.2,-224.1,-179.2,89.85,-344.7,-247.6,-66.4,-145.5,-554.7,14.16,-289.6,-108.9,5.864,-249,-62.01,-52.26,-260.2,28.34,76.65,-80.08,30.3,0,-92.87,-43.92,30.74,-271.5,187.5,75.18,-33.21,428.7,-35.14,1599,-96.7,-215.4,0.5009,-0.06934,0.8424,0.1737,-0.6203,0.1621,0.7037,-0.4148,0.228,0.4263,-0.4817,0.1552,-0.4845,-0.5225,-0.5748,-0.6485,-0.2593,-0.6352,-0.44,-0.5328,-0.6129,0.7048,-0.154,0.6833,0.6222,-0.07379,0.7749,0.5207,-0.5895,0.3317,0.3718,-0.7054,0.4823,0.004578,-0.2966,0.02435,-0.6847,-0.3143,-0.3652,-0.571,-0.502,-0.5423,-0.1681,-0.4149,-0.2454
8.85,9.365,-0.8957,5.78,0.4901,-0.5606,3.971,6.809,-5.59,16.43,6.979,16.42,-6.771,0.3666,-1.708,-51.28,-32.31,3.131,1.104,6.639,-2.592,52.28,36.91,13.93,29.04,-2.199,0.1763,0.9348,6.115,41.1,34.41,17.93,-19.51,-2.268,9.974,6.01,-7.472,-68.94,-7.52,-2.104,-17.72,6.908,5.883,-17,13.68,6.011,19.76,4.223,19.65,-102,-12.27,7.394,-102.7,-17.81,7.59,-155.8,-5.795,21.36,-72.96,-7.119,-1.048,-78.84,2.219,-0.3801,-79.91,16.11,-2.865,-77.6,-24.93,-3.695,-84.8,-7.341,-0.3514,-71.91,31.12,3.085,-72.17,-3.191,-2.213,-79.47,-22.79,10.71,-172.8,-86.43,-207.5,-250.5,-33.7,-151.9,-73.26,-356.9,77.14,-134.3,-448.7,-137.7,-243.7,-204.1,86.92,-362.3,-250,-62.5,-161.6,-568.4,15.62,-257.3,-103,19.04,-252.4,-88.37,-70.31,-199.7,65.44,-73.73,-27.85,29.8,-63.48,-25.72,-31.68,14.14,-257.8,190.4,42.5,15.13,471.2,-72.77,1644,-132.8,-469.7,0.5012,-0.06916,0.8424,0.1753,-0.6182,0.1613,0.7056,-0.4137,0.2229,0.4287,-0.4784,0.1506,-0.4854,-0.5216,-0.5763,-0.6485,-0.2575,-0.6371,-0.4412,-0.531,-0.6154,0.7051,-0.1526,0.6833,0.6222,-0.07251,0.7751,0.52,-0.5897,0.3308,0.3667,-0.7074,0.4861,0.005249,-0.3004,0.02374,-0.6838,-0.3196,-0.3685,-0.5808,-0.4927,-0.5316,-0.1773,-0.4053,-0.2405
8.86,9.43,-0.8682,5.879,0.4603,-0.6434,4.049,7.06,-5.571,16.78,7.083,16.78,-6.867,0.3641,-1.753,-51.11,-31.94,3.175,1.116,6.722,-2.565,51.88,37.06,13.94,28.09,-2.331,0.1903,0.6272,6.381,42.04,31.25,18.35,-20.02,-1.985,10.62,6.06,-8.05,-69.01,-7.519,-2.102,-17.94,7.148,6.139,-17.16,14.17,6.283,19.94,4.322,20.29,-101.6,-12.37,7.404,-102.4,-17.89,7.601,-155.4,-5.898,21.4,-73.1,-7.144,-0.9528,-79.07,2.265,-0.3207,-79.81,16.18,-2.847,-77.47,-25.8,-3.638,-84.73,-7.789,-0.5063,-71.86,30.21,3.167,-72.24,-0.9684,-1.814,-80.2,-21.03,11.77,-152.3,-95.7,-162.1,-241.2,-28.81,-151.9,-79.6,-355.5,77.14,-134.3,-465.8,-153.8,-248.1,-216.8,97.17,-373.1,-263.2,-62.01,-170.9,-564.5,4.882,-232.9,-120.6,-6.355,-253.4,-128.4,-102.5,-160.2,43.46,-62.02,-8.769,9.285,-62.49,-3.007,3.979,3.843,-251,165.6,24.41,114.3,614.8,-84.94,1470,-140.1,-627.9,0.5012,-0.06885,0.8425,0.1769,-0.6161,0.1605,0.7075,-0.4123,0.2183,0.4309,-0.4756,0.1464,-0.4862,-0.5206,-0.5778,-0.6487,-0.2556,-0.6387,-0.4426,-0.5291,-0.6175,0.7052,-0.1512,0.6836,0.6227,-0.07086,0.775,0.5198,-0.5897,0.3302,0.3615,-0.7095,0.4897,0.005982,-0.3042,0.02313,-0.6828,-0.3247,-0.3726,-0.5899,-0.4842,-0.5213,-0.185,-0.3927,-0.2327
8.87,9.563,-0.8316,5.944,0.417,-0.7336,4.191,7.3,-5.486,17.12,7.191,17.12,-6.961,0.3561,-1.821,-50.99,-31.56,3.217,1.137,6.778,-2.534,51.54,37.21,13.92,27.08,-2.476,0.3241,0.2006,6.603,43,28.31,18.78,-20.14,-1.78,11,6.201,-8.827,-69.1,-7.531,-2.108,-18.12,7.379,6.377,-17.29,14.63,6.537,20.11,4.424,20.87,-101.4,-12.48,7.431,-102.1,-17.92,7.627,-154.9,-5.96,21.39,-73.33,-7.196,-0.8465,-79.35,2.352,-0.2627,-79.63,16.26,-2.807,-77.26,-26.67,-3.651,-84.7,-8.239,-0.6329,-71.92,29.29,3.092,-72.36,1.031,-1.335,-81.22,-19.08,12.65,-139.2,-106.4,-129.9,-210,-34.66,-160.6,-67.86,-335,84.96,-112.3,-472.2,-153.3,-254.9,-237.8,110.8,-370.6,-283.7,-66.9,-179.7,-569.8,19.04,-226.1,-126,-65.91,-215.3,-165,-132.3,-162.6,-8.312,-71.29,4.846,73.71,-104.5,-5.345,87.84,8.3,-235.9,82.98,53.22,228.1,696.8,-188,1233,-31.28,-756.4,0.5012,-0.06848,0.8427,0.1784,-0.6142,0.1597,0.7094,-0.4111,0.214,0.4329,-0.4731,0.1425,-0.487,-0.5197,-0.5793,-0.6493,-0.2537,-0.6398,-0.4443,-0.5271,-0.6193,0.7053,-0.1492,0.6841,0.6235,-0.06897,0.7747,0.5197,-0.5896,0.3295,0.3559,-0.7121,0.4929,0.006531,-0.3081,0.02277,-0.681,-0.3296,-0.3773,-0.5981,-0.4773,-0.5109,-0.1905,-0.3792,-0.2222
8.88,9.644,-0.7837,5.91,0.3949,-0.8028,4.427,7.52,-5.353,17.46,7.3,17.46,-7.062,0.342,-1.869,-50.98,-31.15,3.202,1.145,6.803,-2.478,51.29,37.33,13.93,26.09,-2.637,0.5547,-0.279,6.753,44.01,25.57,19.24,-20.21,-1.628,11.19,6.377,-9.765,-69.23,-7.545,-2.088,-18.24,7.576,6.632,-17.34,15.04,6.808,20.26,4.545,21.38,-101.1,-12.59,7.462,-101.8,-17.9,7.654,-154.5,-5.976,21.32,-73.7,-7.228,-0.7248,-79.68,2.409,-0.1935,-79.43,16.35,-2.757,-77.01,-27.59,-3.683,-84.68,-8.704,-0.7125,-72.09,28.37,2.886,-72.56,2.843,-0.8549,-82.48,-17.26,13.35,-137.7,-107.4,-107.4,-168,-52.74,-166,-41.51,-323.2,96.19,-88.39,-486.8,-155.3,-237.8,-240.7,123,-361.8,-308.6,-86.91,-161.6,-552.7,7.333,-237.8,-120.1,-68.37,-199.7,-200.7,-139.2,-199.2,47.35,-24.41,-12.69,67.88,-209.5,27.73,118.1,32.28,-175.8,-22.96,66.92,350.6,700.2,-198.2,1028,209.4,-901.9,0.5012,-0.06775,0.8429,0.1795,-0.6122,0.1588,0.7111,-0.4099,0.2102,0.435,-0.471,0.1389,-0.4877,-0.519,-0.5807,-0.65,-0.252,-0.6405,-0.4463,-0.5252,-0.6206,0.7057,-0.1462,0.6845,0.6241,-0.06678,0.7746,0.5199,-0.5894,0.3289,0.3501,-0.7148,0.4961,0.006714,-0.312,0.02264,-0.6778,-0.3351,-0.3819,-0.6052,-0.4715,-0.5007,-0.1937,-0.3671,-0.2097
8.89,9.628,-0.735,5.816,0.4155,-0.8558,4.726,7.727,-5.195,17.77,7.403,17.77,-7.153,0.3355,-1.928,-51.05,-30.73,3.176,1.16,6.804,-2.413,51.12,37.45,13.99,25.17,-2.841,0.8447,-0.7586,6.846,45.04,22.97,19.7,-20.5,-1.516,11.31,6.561,-10.68,-69.4,-7.551,-2.062,-18.32,7.744,6.892,-17.36,15.41,7.085,20.38,4.653,21.85,-100.8,-12.68,7.493,-101.6,-17.83,7.68,-154.1,-5.97,21.22,-74.17,-7.211,-0.6098,-80.04,2.417,-0.124,-79.28,16.45,-2.747,-76.79,-28.53,-3.7,-84.69,-9.177,-0.7322,-72.37,27.49,2.59,-72.82,4.547,-0.4501,-83.75,-15.76,13.89,-163.1,-106,-85.93,-148,-73.23,-173.3,-3.433,-312.5,85.45,-56.15,-500,-150.9,-214.8,-249,117.7,-353.5,-334.5,-98.14,-148,-544,0,-243.2,-121.6,-74.21,-183.6,-198.2,-116.2,-170.9,85.46,-2.92,-6.846,75.66,-175.8,-67.48,118.6,81.47,-98.61,-138.7,76.64,395.9,687.1,-148,842.3,624.5,-925.7,0.5013,-0.06684,0.8432,0.1803,-0.6103,0.158,0.7127,-0.4088,0.2066,0.4368,-0.469,0.1357,-0.4884,-0.5183,-0.5819,-0.6509,-0.2504,-0.6408,-0.4484,-0.5232,-0.6216,0.7064,-0.1428,0.6848,0.6244,-0.06433,0.7747,0.5199,-0.5895,0.328,0.3442,-0.7173,0.4994,0.00647,-0.3159,0.02289,-0.6734,-0.341,-0.3862,-0.6112,-0.4663,-0.4909,-0.1955,-0.3576,-0.1973
8.9,9.501,-0.7024,5.668,0.4569,-0.8925,5.05,7.911,-5.023,18.04,7.528,18.03,-7.267,0.3238,-1.987,-51.2,-30.34,3.12,1.167,6.787,-2.343,51.03,37.59,14.14,24.36,-3.062,1.193,-1.199,6.862,46.13,20.55,20.14,-21.09,-1.412,11.59,6.717,-11.35,-69.61,-7.524,-2.025,-18.35,7.888,7.16,-17.32,15.74,7.37,20.49,4.767,22.26,-100.7,-12.76,7.534,-101.4,-17.74,7.716,-153.8,-5.938,21.08,-74.71,-7.14,-0.501,-80.41,2.369,-0.03675,-79.17,16.57,-2.745,-76.64,-29.5,-3.688,-84.73,-9.716,-0.7104,-72.75,26.67,2.221,-73.14,6.132,-0.133,-84.83,-14.69,14.46,-197.8,-96.68,-74.21,-165.5,-85.45,-176.3,27.82,-312,89.85,-18.55,-492.7,-142.6,-189.5,-258.3,104,-344.2,-352,-105,-131.9,-523,-14.65,-233.9,-119.1,-59.58,-155.8,-178.2,-84.47,-206.5,140.6,-84.46,105.5,113.3,-153.8,-93.21,119.2,139.1,-75.19,-206.1,19.55,298.4,652.3,-113.8,807.2,932.2,-859.4,0.5016,-0.06568,0.8434,0.181,-0.6083,0.1574,0.7139,-0.4079,0.2032,0.4386,-0.4673,0.1329,-0.4889,-0.518,-0.5828,-0.6519,-0.2493,-0.6407,-0.4505,-0.5213,-0.6223,0.7076,-0.1389,0.6848,0.6243,-0.06165,0.7752,0.5194,-0.5896,0.3267,0.3384,-0.7196,0.5032,0.00586,-0.3203,0.02338,-0.6684,-0.347,-0.3902,-0.616,-0.4617,-0.4817,-0.198,-0.3512,-0.1868
8.91,9.301,-0.6871,5.524,0.4559,-0.9392,5.342,8.085,-4.854,18.2,7.721,18.2,-7.444,0.3398,-2.073,-51.4,-29.99,3.057,1.181,6.759,-2.248,50.96,37.76,14.34,23.63,-3.325,1.543,-1.49,6.813,47.3,18.4,20.53,-21.83,-1.276,12.13,6.752,-11.6,-69.86,-7.425,-1.998,-18.36,7.995,7.425,-17.28,16.01,7.651,20.58,4.859,22.63,-100.6,-12.82,7.592,-101.2,-17.63,7.769,-153.5,-5.898,20.91,-75.25,-7.037,-0.4003,-80.79,2.28,0.06335,-79.22,16.7,-2.814,-76.64,-30.53,-3.576,-84.77,-10.33,-0.6383,-73.19,25.89,1.841,-73.52,7.497,0.1586,-85.54,-14.01,15.23,-205.1,-95.21,-75.2,-171.4,-77.14,-169.9,52.73,-304.7,89.35,-12.69,-483.9,-143.6,-173.8,-275.4,98.63,-319.3,-360.8,-111.8,-126.5,-522.5,-22.47,-223.2,-126,-51.75,-144.5,-170.4,-67.87,-203.1,79.1,-95.22,232.5,185.6,-77.65,-108.9,116.8,122,-62.01,-215.8,-88.87,204.6,626.9,-98.64,905.8,1044,-871.1,0.5025,-0.06452,0.8433,0.1817,-0.6064,0.157,0.7148,-0.4074,0.2001,0.4401,-0.4657,0.1304,-0.4892,-0.5179,-0.5833,-0.6528,-0.2489,-0.6402,-0.4526,-0.5194,-0.6227,0.7089,-0.1351,0.6846,0.624,-0.05884,0.7759,0.52,-0.5894,0.3256,0.3327,-0.7211,0.508,0.004761,-0.3253,0.02399,-0.6634,-0.3528,-0.3937,-0.6197,-0.4584,-0.4731,-0.203,-0.3474,-0.1793
8.92,9.097,-0.6597,5.407,0.4054,-0.9917,5.567,8.259,-4.693,18.26,7.941,18.25,-7.646,0.3468,-2.17,-51.59,-29.69,3.024,1.189,6.743,-2.146,50.82,37.95,14.58,22.97,-3.553,1.857,-1.661,6.777,48.55,16.58,20.89,-22.59,-1.086,12.89,6.67,-11.44,-70.15,-7.27,-1.971,-18.44,8.075,7.636,-17.3,16.26,7.877,20.67,4.912,22.96,-100.6,-12.84,7.654,-101.2,-17.49,7.825,-153.2,-5.837,20.72,-75.77,-6.927,-0.3048,-81.17,2.194,0.1444,-79.4,16.87,-2.9,-76.82,-31.61,-3.343,-84.81,-11.02,-0.5281,-73.62,25.17,1.49,-73.92,8.598,0.5004,-85.9,-13.6,16.22,-134.8,-86.43,-140.1,-169.4,-62.49,-140.1,52.24,-315.9,94.24,-31.74,-477.1,-130.9,-154.3,-268.6,88.87,-300.8,-356.9,-113.3,-119.1,-527.4,-15.13,-186,-127.9,-67.38,-115.2,-123.5,-64.95,-188,-63.49,22.95,176.3,110.9,45.39,-4.009,0,47.8,-57.11,-191.4,-177.7,172.3,680.7,-105,902.3,935.5,-918.5,0.5039,-0.06324,0.8431,0.1822,-0.6048,0.1569,0.7154,-0.4069,0.1971,0.4412,-0.4643,0.1282,-0.4894,-0.5182,-0.5833,-0.6538,-0.2488,-0.6393,-0.4546,-0.5177,-0.6228,0.7102,-0.1315,0.6843,0.6236,-0.05616,0.7766,0.5211,-0.5887,0.3247,0.3273,-0.7219,0.5139,0.003296,-0.3308,0.02472,-0.6588,-0.3582,-0.3969,-0.6227,-0.4565,-0.4651,-0.2106,-0.3453,-0.1747
8.93,8.925,-0.6546,5.32,0.3448,-1.074,5.721,8.441,-4.535,18.25,8.146,18.25,-7.822,0.391,-2.301,-51.76,-29.47,2.998,1.188,6.744,-2.05,50.62,38.15,14.84,22.32,-3.746,2.121,-1.886,6.833,49.84,15.04,21.25,-23.34,-0.9509,13.7,6.664,-11.06,-70.45,-7.129,-1.975,-18.55,8.105,7.793,-17.37,16.47,8.047,20.78,4.944,23.24,-100.6,-12.83,7.732,-101.3,-17.33,7.899,-153.1,-5.746,20.53,-76.22,-6.84,-0.2159,-81.53,2.117,0.2387,-79.5,17.06,-2.92,-76.9,-32.72,-3.181,-84.88,-11.73,-0.4092,-73.92,24.48,1.254,-74.21,9.438,0.876,-85.94,-13.46,17.29,-68.83,-89.35,-188.5,-158.7,-60.05,-130.9,38.57,-339.4,99.12,-44.43,-476.6,-134.3,-138.7,-261.7,84.97,-286.6,-356.4,-105,-108.9,-538.1,-12.21,-157.2,-123.5,-106.5,-112.3,-71.77,-70.31,-138.7,-75.21,37.61,81.54,4.392,144.1,-32.07,-105.9,20.44,-63.5,-148.4,-200.2,134.3,756.9,-142.1,1049,580.6,-1036,0.5051,-0.06207,0.8429,0.1824,-0.6036,0.1572,0.7155,-0.4068,0.1945,0.442,-0.463,0.1262,-0.4893,-0.5189,-0.5827,-0.6547,-0.2492,-0.6381,-0.4563,-0.5165,-0.6224,0.7113,-0.1283,0.6841,0.6233,-0.05353,0.7772,0.5222,-0.5876,0.3239,0.3215,-0.7231,0.5193,0.00177,-0.3365,0.02558,-0.6547,-0.3634,-0.3998,-0.6254,-0.4555,-0.4584,-0.2196,-0.3448,-0.1728
8.94,8.803,-0.6478,5.231,0.2814,-1.136,5.846,8.609,-4.378,18.26,8.296,18.25,-7.946,0.4228,-2.418,-51.95,-29.31,2.977,1.178,6.737,-1.972,50.4,38.32,15.07,21.72,-3.859,2.222,-2.22,7.122,51.15,13.81,21.62,-24,-0.8173,14.29,6.74,-10.69,-70.77,-7.028,-1.967,-18.66,8.115,7.929,-17.43,16.64,8.194,20.92,4.946,23.48,-100.8,-12.81,7.814,-101.4,-17.15,7.975,-153,-5.624,20.34,-76.66,-6.795,-0.1359,-81.87,2.045,0.3217,-79.46,17.24,-2.837,-76.86,-33.85,-3.11,-84.93,-12.48,-0.3459,-73.95,23.8,1.272,-74.27,9.996,1.234,-85.78,-13.52,18.17,-42.49,-90.82,-173.8,-158.2,-60.55,-141.1,31.25,-364.8,100.1,-42.96,-491.2,-131.8,-134.8,-264.6,86.42,-268.6,-355,-103.5,-96.2,-535.2,-10.74,-118.7,-84.96,-79.58,-114.2,-14.65,-61.52,-175.8,-104.5,67.86,7.308,48.81,206.5,-50.78,-61.06,44.42,-43.44,-133.8,-190.5,108.9,816.4,-182.6,1170,430.6,-1054,0.506,-0.06073,0.8429,0.1824,-0.6026,0.1574,0.7154,-0.4066,0.192,0.4424,-0.4621,0.1241,-0.489,-0.5199,-0.5819,-0.6556,-0.25,-0.6366,-0.4578,-0.5157,-0.6216,0.7121,-0.1252,0.6842,0.623,-0.05109,0.7778,0.5233,-0.5862,0.3237,0.3151,-0.725,0.5241,6.71E-04,-0.3425,0.02631,-0.6521,-0.3682,-0.4021,-0.6282,-0.4544,-0.4537,-0.2274,-0.3454,-0.1731
8.95,8.767,-0.622,5.16,0.2049,-1.2,5.925,8.747,-4.239,18.25,8.386,18.24,-8.006,0.446,-2.532,-52.18,-29.23,2.952,1.156,6.756,-1.909,50.21,38.44,15.24,21.1,-3.933,2.186,-2.43,7.655,52.48,12.84,22.01,-24.5,-0.6502,14.5,6.695,-10.47,-71.07,-6.952,-1.957,-18.73,8.097,8.032,-17.46,16.76,8.307,21.06,4.94,23.69,-101,-12.75,7.895,-101.6,-16.95,8.051,-153.1,-5.462,20.15,-77.04,-6.789,-0.0529,-82.17,2.02,0.3835,-79.52,17.4,-2.775,-76.93,-35.02,-2.999,-84.96,-13.24,-0.3066,-73.69,23.14,1.505,-74.05,10.3,1.56,-85.5,-13.66,18.68,-35.66,-82.03,-151.4,-152.8,-73.23,-153.3,51.25,-383.8,85.94,-26.84,-514.6,-128.4,-116.2,-243.2,89.35,-257.8,-353,-105.5,-74.71,-519.5,-3.423,-93.24,-36.12,-12.2,-93.26,-3.428,-48.83,-172.4,-79.58,20.5,-128.4,100.1,206.5,-42.43,-55.24,4.458,-3.914,-133.8,-106.4,91.34,854.5,-174.3,1137,496.1,-1095,0.5067,-0.05939,0.8431,0.1819,-0.6019,0.1574,0.7151,-0.4066,0.1899,0.4425,-0.4614,0.1223,-0.4886,-0.521,-0.5806,-0.6565,-0.251,-0.6348,-0.459,-0.5155,-0.6201,0.7125,-0.1224,0.6844,0.623,-0.04901,0.778,0.5251,-0.5845,0.3241,0.3091,-0.7264,0.5294,-3.05E-04,-0.3487,0.0268,-0.6507,-0.3728,-0.4041,-0.6312,-0.453,-0.4513,-0.2324,-0.3461,-0.1749
8.96,8.837,-0.5832,5.094,0.09378,-1.25,5.958,8.865,-4.11,18.2,8.46,18.2,-8.049,0.4482,-2.637,-52.41,-29.21,2.934,1.136,6.781,-1.872,50.03,38.49,15.33,20.44,-3.929,2.035,-2.572,8.394,53.77,12.16,22.39,-24.74,-0.49,14.36,6.595,-10.43,-71.37,-6.874,-1.943,-18.78,8.07,8.1,-17.48,16.84,8.381,21.2,4.931,23.85,-101.3,-12.66,7.975,-101.9,-16.73,8.127,-153.2,-5.269,19.99,-77.37,-6.815,0.0186,-82.42,2.066,0.4143,-79.61,17.53,-2.687,-77.06,-36.18,-2.879,-84.98,-14,-0.2684,-73.18,22.48,1.895,-73.6,10.33,1.905,-85.15,-13.8,18.92,-35.66,-70.8,-132.8,-156.3,-98.64,-144.5,68.35,-405.3,70.8,-21.48,-528.8,-121.1,-105,-221.7,90.33,-249,-345.7,-106.9,-76.17,-517.1,-2.937,-70.79,1.471,-16.61,-86.91,-18.55,-107.9,-93.28,-107.4,142.6,-256.4,-4.893,177.8,28.4,-52.79,-61.48,10.75,-200.7,18.09,88.83,821.3,-79.62,857.4,569.3,-1059,0.5075,-0.05805,0.8431,0.1812,-0.6014,0.1572,0.7148,-0.4067,0.1882,0.4425,-0.4609,0.1207,-0.4881,-0.5224,-0.579,-0.6573,-0.2522,-0.6329,-0.4598,-0.516,-0.6181,0.7128,-0.1199,0.6848,0.6234,-0.04743,0.7779,0.5274,-0.5823,0.3252,0.3034,-0.7275,0.5348,-0.001282,-0.3548,0.02722,-0.6498,-0.3772,-0.4057,-0.6344,-0.4516,-0.4509,-0.2353,-0.3466,-0.1776
8.97,8.961,-0.5519,4.995,0.02597,-1.29,5.997,8.972,-3.998,18.15,8.453,18.14,-8.01,0.4518,-2.735,-52.61,-29.24,2.919,1.106,6.818,-1.88,49.86,38.48,15.33,19.74,-3.811,1.834,-2.811,9.354,55.02,11.74,22.8,-24.84,-0.394,14.09,6.575,-10.59,-71.66,-6.831,-1.937,-18.88,8.028,8.124,-17.56,16.91,8.41,21.29,4.927,23.97,-101.6,-12.54,8.031,-102.2,-16.49,8.177,-153.5,-5.051,19.84,-77.7,-6.835,0.07079,-82.64,2.172,0.4296,-79.58,17.65,-2.472,-77.08,-37.33,-2.869,-85.02,-14.73,-0.2433,-72.41,21.82,2.391,-72.9,10.09,2.229,-84.78,-14.06,19.08,-53.72,-77.15,-90.33,-124,-107.4,-131.3,86.43,-415.5,46.88,-14.65,-554.7,-122.6,-100.1,-206.1,92.77,-253.4,-347.2,-97.17,-79.12,-502.5,-0.9729,-91.29,20.02,-69.82,-76.17,4.404,-186.5,-122.5,-129.4,66.91,-276.8,-1.945,163.1,6.348,-1.989,-54.26,45.92,-219.7,93.27,67.91,701.2,42.47,652.9,674.3,-1004,0.508,-0.05677,0.8434,0.1807,-0.6012,0.1574,0.7146,-0.4066,0.1871,0.4426,-0.4605,0.1196,-0.4876,-0.5236,-0.5771,-0.6582,-0.2536,-0.6307,-0.4601,-0.5171,-0.6157,0.713,-0.1176,0.6852,0.6243,-0.04615,0.7775,0.5296,-0.5796,0.3269,0.2975,-0.7292,0.5394,-0.002075,-0.3607,0.02771,-0.6498,-0.381,-0.4074,-0.6379,-0.45,-0.4526,-0.2376,-0.3479,-0.1807
8.98,9.003,-0.5358,4.818,0.04329,-1.301,6.071,9.066,-3.904,18.06,8.406,18.05,-7.927,0.451,-2.834,-52.73,-29.32,2.886,1.078,6.849,-1.903,49.67,38.42,15.27,19.02,-3.614,1.677,-3.008,10.35,56.22,11.52,23.26,-24.96,-0.3491,13.92,6.528,-10.81,-71.94,-6.793,-1.934,-19.04,7.978,8.1,-17.71,16.95,8.388,21.34,4.949,24.04,-101.9,-12.37,8.074,-102.5,-16.24,8.215,-153.9,-4.815,19.69,-78.05,-6.778,0.08746,-82.82,2.269,0.4286,-79.55,17.68,-2.21,-77.1,-38.49,-2.906,-85.05,-15.43,-0.215,-71.57,21.15,2.812,-72.12,9.642,2.546,-84.4,-14.53,19.4,-72.27,-76.66,-24.41,-92.76,-107.4,-133.3,89.83,-414.6,47.85,7.327,-565.9,-121.1,-97.65,-198.7,89.85,-254.9,-343.3,-85.45,-79.12,-479.5,16.59,-115.3,56.15,-113.3,-57.12,6.357,-224.1,-70.32,-76.18,79.61,-294.5,-46.86,88.35,15.7,10.71,4.919,15.6,-242.7,138.7,80.08,589.8,136.8,1621,-711.9,-1092,0.5084,-0.05554,0.8436,0.1806,-0.6013,0.1582,0.7146,-0.4063,0.1868,0.4428,-0.4604,0.1189,-0.4871,-0.5249,-0.575,-0.6592,-0.2553,-0.6282,-0.4602,-0.5186,-0.6129,0.7137,-0.1154,0.6851,0.625,-0.04523,0.777,0.5318,-0.5768,0.3296,0.2918,-0.7309,0.5439,-0.002869,-0.3663,0.0282,-0.6505,-0.3836,-0.4104,-0.641,-0.449,-0.4555,-0.241,-0.3509,-0.1841
8.99,8.857,-0.5759,4.551,0.1731,-1.268,6.182,9.171,-3.827,17.9,8.334,17.9,-7.818,0.4474,-2.924,-52.77,-29.43,2.852,1.031,6.868,-1.932,49.5,38.34,15.22,18.38,-3.376,1.627,-3.196,11.23,57.36,11.5,23.71,-25.14,-0.3454,13.25,6.5,-11.6,-72.22,-6.745,-1.934,-19.28,7.911,8.018,-17.95,16.99,8.306,21.29,5.008,24.04,-102.3,-12.17,8.097,-102.9,-15.96,8.233,-154.3,-4.561,19.52,-78.45,-6.605,0.04974,-82.95,2.294,0.4394,-79.48,17.64,-1.904,-77.09,-39.67,-2.983,-85.1,-16.14,-0.1702,-70.8,20.49,3.074,-71.41,8.997,2.828,-84.67,-15.19,19.41,-80.57,-80.57,31.74,-73.25,-107.4,-140.6,104.5,-398.4,38.58,30.27,-584.5,-121.6,-92.78,-188.5,49.8,-234.9,-334,-69.34,-66.9,-461.9,17.58,-147.5,49.81,-189,-41.02,-26.86,-154.8,-51.29,20.51,82.53,-147,-109.9,40.54,-36.75,-18.52,116.2,-74.19,-231,198.7,54.71,652.9,4.432,1140,-2365,-400.4,0.5089,-0.05432,0.8438,0.181,-0.6015,0.1597,0.7149,-0.4059,0.1873,0.4433,-0.4603,0.119,-0.4865,-0.5262,-0.5725,-0.6601,-0.2572,-0.6255,-0.4602,-0.5202,-0.6097,0.7151,-0.1132,0.6843,0.6252,-0.04444,0.777,0.5339,-0.574,0.333,0.286,-0.7328,0.5482,-0.003784,-0.372,0.02881,-0.6514,-0.385,-0.4142,-0.6432,-0.4491,-0.459,-0.2396,-0.3567,-0.1832
9,8.56,-0.6532,4.217,0.4122,-1.211,6.33,9.294,-3.729,17.73,8.227,17.72,-7.678,0.4716,-2.993,-52.72,-29.63,2.813,0.9718,6.863,-1.992,49.33,38.29,15.17,17.82,-3.09,1.646,-3.357,11.48,58.47,11.75,24.1,-24.64,-0.3267,10.44,6.465,-12.41,-72.5,-6.713,-1.929,-19.62,7.808,7.911,-18.29,17.01,8.198,21.16,5.076,24,-102.8,-11.96,8.115,-103.3,-15.65,8.245,-154.7,-4.287,19.34,-78.87,-6.342,-0.01483,-83.05,2.259,0.4681,-79.4,17.55,-1.543,-77.1,-40.88,-3.083,-85.16,-16.97,-0.1429,-70.68,19.88,3.039,-71.34,8.153,3.241,-85.6,-15.34,17.32,-47.36,-72.75,23.92,-67.38,-90.33,-137.7,122.1,-354.5,39.06,54.19,-569.8,-118.7,-76.17,-163.6,45.41,-210,-317.4,-56.64,-45.89,-458.5,36.63,-149.9,54.7,-166.5,-28.32,-83.49,-29.29,-85.46,92.76,8.316,172.8,37.58,46.38,-138.3,31.68,188.4,-125.5,-220.2,249.5,-316.9,375.9,-638.2,4232,-954.5,71.75,0.5092,-0.0531,0.844,0.182,-0.6018,0.1622,0.7154,-0.4054,0.1887,0.4441,-0.4604,0.1199,-0.4856,-0.5277,-0.5698,-0.661,-0.2593,-0.6224,-0.4601,-0.5221,-0.6062,0.7171,-0.111,0.683,0.625,-0.0437,0.7772,0.5359,-0.571,0.337,0.2802,-0.7346,0.5526,-0.004578,-0.3786,0.02954,-0.6526,-0.3855,-0.4187,-0.6429,-0.4541,-0.4602,-0.2191,-0.359,-0.1786
9.01,8.339,-0.7447,3.962,0.6161,-1.186,6.379,9.457,-3.626,17.5,8.092,17.5,-7.5,0.561,-3.072,-52.58,-29.91,2.794,0.888,6.818,-2.058,49.18,38.27,15.06,17.27,-2.814,1.708,-3.339,10.99,59.61,12.32,24.4,-21.97,-0.2193,6.09,6.298,-11.68,-72.75,-6.686,-1.939,-20.03,7.648,7.779,-18.7,17.02,8.064,20.94,5.133,23.88,-103.3,-11.71,8.126,-103.8,-15.3,8.25,-155.2,-3.978,19.13,-79.18,-6.117,-0.07,-83.1,2.263,0.514,-79.46,17.42,-1.232,-77.3,-42.15,-3.02,-85.22,-17.92,-0.1037,-71.28,19.38,2.73,-72.03,7.083,4.014,-85.58,-13.69,13.18,6.839,-60.54,53.7,-24.9,-55.66,-124.5,127.9,-312.5,28.81,64.45,-566.4,-115.7,-33.69,-136.2,34.67,-151.8,-284.2,-62.5,2.915,-452.1,59.58,-117.7,55.17,-32.71,41.51,-119.6,79.58,-43.96,154.8,-101.6,420.9,198.7,-26.86,-164,113.7,251.9,-78.11,-195.3,245.1,14.67,-94.76,-500,2997,3589,-1102,0.5095,-0.05207,0.8443,0.1833,-0.6022,0.1659,0.7161,-0.4048,0.1907,0.4449,-0.4604,0.1218,-0.4847,-0.5294,-0.5667,-0.6621,-0.2615,-0.619,-0.4602,-0.524,-0.6024,0.7187,-0.1094,0.6818,0.6251,-0.04309,0.7772,0.538,-0.568,0.3413,0.2746,-0.7355,0.5581,-0.005615,-0.3862,0.03027,-0.6541,-0.3851,-0.4233,-0.6404,-0.4655,-0.4575,-0.1858,-0.3438,-0.181
9.02,8.271,-0.7793,3.887,0.6233,-1.226,6.199,9.628,-3.514,17.16,7.972,17.15,-7.35,0.686,-3.119,-52.36,-30.28,2.765,0.7562,6.761,-2.15,49.06,38.28,14.93,16.74,-2.506,1.706,-3.198,10.64,60.76,13.32,24.56,-15.47,-0.08689,3.716,6.047,-10.39,-72.98,-6.595,-1.945,-20.49,7.433,7.618,-19.16,16.97,7.899,20.64,5.191,23.69,-103.9,-11.43,8.111,-104.4,-14.91,8.228,-155.7,-3.628,18.9,-79.23,-6.014,-0.06588,-83.07,2.3,0.5531,-79.58,17.31,-0.9334,-77.61,-43.42,-2.858,-85.26,-18.99,-0.03055,-71.65,18.9,2.547,-72.53,5.621,4.829,-84.31,-8.751,10.29,79.58,-64.94,90.33,68.35,-12.2,-114.7,149.4,-263.7,13.18,93.25,-566.4,-105.5,28.8,-89.35,-0.4928,-87.41,-284.2,-67.88,62.97,-440.9,82.51,-30.26,22.45,56.15,138.7,-60.06,136.7,101.1,230.5,-29.77,466.8,19.07,-22.94,-72.16,-49.27,249.9,-48.34,-421.4,187.5,1061,-928.3,-536.2,-3103,905.8,2846,0.5103,-0.05115,0.8442,0.1848,-0.6027,0.1704,0.7167,-0.4042,0.1936,0.4457,-0.4606,0.1245,-0.4835,-0.5311,-0.5632,-0.6633,-0.2636,-0.6153,-0.4605,-0.526,-0.5982,0.7194,-0.1091,0.6812,0.6253,-0.04297,0.777,0.5399,-0.565,0.3454,0.269,-0.7359,0.5639,-0.007141,-0.3947,0.03082,-0.6564,-0.3841,-0.4278,-0.6377,-0.4776,-0.4568,-0.1694,-0.3004,-0.1885
9.03,8.252,-0.8074,3.916,0.4805,-1.265,5.816,9.787,-3.395,16.73,7.831,16.71,-7.204,0.8168,-3.103,-52.13,-30.7,2.71,0.5695,6.669,-2.287,49,38.31,14.86,16.35,-2.143,1.606,-3.15,10.46,61.9,14.41,24.51,-11.56,-0.02383,3.492,5.948,-9.808,-73.22,-6.437,-1.921,-20.96,7.17,7.455,-19.64,16.87,7.73,20.27,5.25,23.42,-104.5,-11.11,8.041,-105,-14.47,8.15,-156.2,-3.241,18.64,-79.08,-5.992,-0.04553,-82.95,2.306,0.5998,-79.49,17.22,-0.5415,-77.66,-44.64,-2.906,-85.29,-20.27,0.01309,-71.73,18.51,2.554,-72.67,4.136,4.751,-83.46,-6.465,9.46,188,-51.27,20.51,135.3,-1.463,-121.6,205.6,-217.3,-6.84,153.3,-567.9,-80.57,112.3,-36.62,-15.14,-1.456,-292,-89.85,156.3,-410.2,104,91.29,-32.22,46.87,156.3,24.41,72.25,203.6,332.5,-84.97,602.1,-94.23,-79.58,-131.3,-17.14,395.5,159.2,-610.4,-523.9,1446,-1888,-317.4,-974.6,-2002,473.7,0.5116,-0.05005,0.8438,0.1865,-0.6032,0.1756,0.7171,-0.4038,0.197,0.4465,-0.461,0.128,-0.4822,-0.5327,-0.5594,-0.6647,-0.2653,-0.6115,-0.4609,-0.5281,-0.5937,0.7194,-0.11,0.6809,0.6253,-0.04334,0.7768,0.5412,-0.5622,0.3491,0.2631,-0.7373,0.5684,-0.008606,-0.4049,0.03137,-0.6605,-0.3817,-0.432,-0.6326,-0.4848,-0.4628,-0.1664,-0.2799,-0.1939
9.04,8.135,-0.857,3.986,0.3915,-1.285,5.387,9.908,-3.286,16.26,7.62,16.23,-7.002,0.9683,-3.037,-51.92,-31.16,2.612,0.3517,6.531,-2.445,49.02,38.32,14.85,16.12,-1.79,1.167,-3.151,10.35,63.14,15.23,24.21,-8.21,0.06486,2.439,5.871,-9.946,-73.45,-6.265,-1.882,-21.41,6.861,7.297,-20.1,16.69,7.565,19.86,5.304,23.04,-105.2,-10.74,7.908,-105.6,-13.99,8.008,-156.8,-2.849,18.34,-78.88,-5.904,-0.04009,-82.81,2.282,0.6537,-79.34,17.16,-0.1337,-77.64,-45.93,-3.016,-85.29,-21.86,0.02837,-71.72,18.18,2.951,-72.66,2.986,4.018,-83.18,-4.432,7.306,217.3,-28.32,70.32,206.6,13.67,-106.9,277.3,-178.7,-23.44,213.4,-564.9,-64.94,195.3,22.95,-25.88,83.01,-317.4,-102.5,257.8,-378.4,108.4,258.3,-21.96,142.1,89.35,129.4,144.5,269.5,554.7,-10.25,820.3,-90.34,-204.6,-297.3,20.51,629.4,-89.35,-344.8,-1310,873.6,-1254,-217.3,-1626,-262.2,401.9,0.513,-0.04889,0.8433,0.1882,-0.6036,0.1814,0.7173,-0.4035,0.2011,0.4471,-0.4619,0.1323,-0.4808,-0.534,-0.5555,-0.6662,-0.2668,-0.6075,-0.4613,-0.5302,-0.5888,0.7197,-0.1113,0.6802,0.6251,-0.0437,0.7769,0.5422,-0.5593,0.3524,0.2566,-0.739,0.5727,-0.01019,-0.4174,0.03174,-0.6665,-0.3799,-0.434,-0.6263,-0.4875,-0.4717,-0.1504,-0.2614,-0.1976
9.05,7.945,-0.9422,4.072,0.3367,-1.276,4.961,9.938,-3.204,15.71,7.363,15.67,-6.774,1.095,-2.912,-51.7,-31.65,2.466,0.09527,6.395,-2.62,49.12,38.34,14.93,16.16,-1.472,0.07321,-3.078,10.2,64.52,15.87,23.48,-5.763,0.2815,1.435,5.704,-9.66,-73.66,-6.047,-1.823,-21.84,6.535,7.113,-20.56,16.39,7.368,19.4,5.358,22.56,-105.8,-10.32,7.706,-106.3,-13.5,7.797,-157.4,-2.46,18,-78.65,-5.736,-0.04886,-82.67,2.267,0.7277,-79.25,17.2,0.2424,-77.74,-47.26,-2.976,-85.27,-23.9,0.03601,-71.73,18,4.056,-72.76,2.169,3.276,-82.74,-2.983,5.27,178.2,4.885,35.15,245.6,15.13,-85.45,356.9,-145.5,-29.78,280.3,-560.1,-51.27,249.5,57.13,-34.67,155.3,-334,-110.8,336.4,-360.9,100.6,467.8,24.91,97.17,75.19,124.5,261.7,253,725.1,-7.808,1242,-12.23,-297.9,-446.3,135.3,880.3,425.8,-578.6,-775.9,262.2,-668.5,39.09,-582.5,400.4,991.2,0.5148,-0.04773,0.8426,0.1901,-0.6042,0.1875,0.717,-0.4033,0.2061,0.4475,-0.4632,0.1373,-0.4794,-0.5349,-0.5514,-0.6677,-0.268,-0.6034,-0.4618,-0.5321,-0.5838,0.7205,-0.1128,0.679,0.625,-0.04395,0.7769,0.5432,-0.5564,0.3548,0.2499,-0.74,0.5777,-0.01221,-0.4334,0.03205,-0.6725,-0.383,-0.4294,-0.6203,-0.4892,-0.4789,-0.1353,-0.2475,-0.2036
9.06,7.874,-1,4.238,0.2294,-1.26,4.538,9.871,-3.143,15.23,6.968,15.19,-6.411,1.179,-2.751,-51.49,-32.14,2.296,-0.1357,6.232,-2.788,49.3,38.31,15.16,16.47,-1.214,-0.3253,-2.902,9.222,66.04,16.79,22.16,-4.179,0.5919,0.2715,5.367,-8.343,-73.84,-5.917,-1.738,-22.23,6.21,6.912,-21,16.01,7.15,18.87,5.401,21.97,-106.5,-9.883,7.463,-106.9,-13,7.546,-158,-2.108,17.62,-78.4,-5.707,-0.02465,-82.58,2.232,0.8061,-79.32,17.38,0.5388,-78.09,-48.61,-2.699,-85.23,-26.53,0.09275,-72.62,18.27,4.262,-73.72,1.515,3.152,-82.29,-2.172,3.777,133.3,62.01,44.92,201.7,-2.444,-60.05,410.1,-119.1,-17.58,331.6,-536.1,-45.9,275.9,74.71,-16.11,218.3,-319.3,-112.3,394.5,-346.7,107.9,536.1,62.99,36.61,102.5,162.6,268.6,227.5,877.5,-17.58,1817,100.1,-296.9,-627.1,194.8,1087,1009,-160.2,1259,-120.1,-613.2,740.2,353.1,-484.9,222.7,0.5159,-0.04645,0.8421,0.1923,-0.6048,0.1937,0.7163,-0.4033,0.212,0.4477,-0.4649,0.1432,-0.4782,-0.5354,-0.5473,-0.6692,-0.2691,-0.5991,-0.462,-0.5338,-0.5788,0.7204,-0.1143,0.6786,0.6248,-0.04389,0.777,0.5441,-0.5536,0.3559,0.2435,-0.7399,0.5838,-0.01532,-0.4538,0.03223,-0.6683,-0.3902,-0.4218,-0.6136,-0.4969,-0.479,-0.1242,-0.2392,-0.2094
9.07,8.024,-0.9588,4.314,-0.04858,-1.293,4.232,9.698,-3.108,14.83,6.429,14.79,-5.887,1.247,-2.602,-51.25,-32.65,2.134,-0.3517,6.059,-2.949,49.55,38.24,15.68,17.08,-0.9447,0.0401,-2.524,8.398,67.73,18.53,20.07,-2.127,0.9929,-2.495,4.88,-7.365,-73.97,-5.897,-1.669,-22.61,5.896,6.674,-21.44,15.53,6.891,18.28,5.407,21.27,-107.1,-9.404,7.184,-107.5,-12.49,7.26,-158.6,-1.781,17.21,-78.22,-5.957,0.06518,-82.46,2.138,0.8582,-79.57,17.8,0.7668,-78.77,-49.9,-2.143,-85.24,-29.85,0.2182,-73.31,18.88,3.771,-74.57,0.3877,3.895,-82.06,-1.22,1.591,166.5,72.26,135.3,177.7,-21.48,-26.37,409.2,-114.7,-11.71,343.3,-494.1,-25.39,323.3,80.56,-24.91,266.1,-279.8,-105.5,449.2,-335.4,112.8,464.8,63.97,208,138.2,203.6,503.9,259.3,927.7,-120.6,2368,280.7,-317.4,-685.2,445.3,1211,30.26,-560.1,1138,1036,-1084,346.2,-341.7,1792,1248,0.5161,-0.04541,0.8422,0.1947,-0.6057,0.1998,0.7154,-0.4033,0.2187,0.4476,-0.4669,0.1501,-0.4773,-0.5355,-0.5432,-0.6706,-0.27,-0.5946,-0.4621,-0.5353,-0.5738,0.7188,-0.1148,0.68,0.6241,-0.04413,0.7774,0.5448,-0.5506,0.3551,0.2378,-0.7386,0.5907,-0.01941,-0.4791,0.03296,-0.6611,-0.3933,-0.4166,-0.6096,-0.5087,-0.4763,-0.1069,-0.2295,-0.2148
9.08,8.421,-0.8555,4.145,-0.5353,-1.324,4.134,9.466,-3.054,14.39,5.85,14.34,-5.309,1.294,-2.47,-50.97,-33.15,2.006,-0.5376,5.886,-3.094,49.76,38.18,16.47,17.85,-0.6552,-0.5018,-1.897,7.802,69.63,20.59,17.27,-0.4093,1.28,-3.536,4.194,-6.646,-74.09,-5.9,-1.62,-23.03,5.569,6.349,-21.96,14.98,6.543,17.65,5.367,20.46,-107.7,-8.906,6.878,-108,-11.94,6.946,-159.2,-1.483,16.73,-78.24,-6.44,0.1697,-82.3,2.05,0.8712,-80.04,18.5,0.8983,-79.82,-51.11,-1.279,-85.32,-33.81,0.5641,-73.74,19.51,4.223,-75.27,-1.025,4.211,-81.92,-0.938,0.813,321.3,81.06,193.9,245.6,-42,5.859,389.6,-90.82,1.954,339.8,-463.4,-0.9815,376,82.52,-52.73,336.9,-210,-79.1,519,-309.1,111.3,305.7,147.5,433.1,169.9,284.7,459.5,377,834,-18.57,2286,696.3,-410.7,-716.9,719.7,1110,889.7,-1707,-854.5,2486,-811.6,454.6,38.09,1071,1022,0.5162,-0.0445,0.8423,0.1971,-0.607,0.2062,0.7142,-0.4034,0.2262,0.447,-0.4693,0.1578,-0.4764,-0.5353,-0.539,-0.6722,-0.2705,-0.59,-0.4622,-0.5364,-0.5688,0.716,-0.1139,0.6831,0.6234,-0.04486,0.7778,0.5454,-0.5472,0.3519,0.2332,-0.7359,0.5986,-0.0257,-0.5086,0.03406,-0.6654,-0.3919,-0.4107,-0.6033,-0.5194,-0.4778,-0.1008,-0.2264,-0.2172
9.09,8.68,-0.7508,3.787,-0.8431,-1.304,4.204,9.244,-2.945,13.8,5.334,13.73,-4.782,1.38,-2.373,-50.65,-33.65,1.872,-0.6809,5.669,-3.235,49.91,38.14,17.48,18.57,-0.3624,-0.7937,-1.332,6.232,71.89,22.76,13.98,1.154,1.321,-3.189,3.463,-5.293,-74.23,-5.837,-1.585,-23.51,5.17,5.972,-22.52,14.36,6.141,17.03,5.304,19.54,-108.3,-8.393,6.571,-108.6,-11.32,6.63,-159.8,-1.188,16.2,-78.44,-6.683,0.2101,-82.15,2.055,0.8191,-80.47,19.52,0.9786,-80.93,-52.36,-0.2288,-85.42,-38.31,1.241,-75.22,20.31,3.994,-76.79,-2.396,3.852,-81.99,-0.8848,0.7594,405.8,49.31,234.4,332,-83.49,8.789,404.8,-39.55,-21.97,376.5,-439,40.04,427.7,79.11,-58.59,429.7,-158.7,-50.79,612.3,-285.6,111.3,242.2,347.6,539.1,219.2,354,160.6,595.7,578.6,-12.22,1619,794.9,-167.5,-30.74,322.3,935.5,1192,-844.7,143.6,1365,33.19,452.7,89.41,-57.66,177.2,0.5167,-0.0437,0.8421,0.1992,-0.6087,0.213,0.7127,-0.4036,0.2343,0.4458,-0.4723,0.166,-0.4757,-0.5351,-0.5348,-0.6742,-0.2702,-0.585,-0.4627,-0.5371,-0.5637,0.7147,-0.1123,0.6847,0.6234,-0.04609,0.7777,0.5462,-0.5434,0.3462,0.2275,-0.7329,0.6068,-0.03516,-0.5412,0.03479,-0.6672,-0.3902,-0.4053,-0.5903,-0.5319,-0.4803,-0.1002,-0.226,-0.2167
9.1,8.527,-0.6787,3.607,-0.7637,-1.198,4.154,8.988,-2.727,13.1,4.894,13.02,-4.345,1.476,-2.263,-50.3,-34.16,1.682,-0.7298,5.398,-3.36,50,38.15,18.62,19.37,-0.03663,-0.9263,-1.038,4.348,74.39,24.94,10.7,2.49,1.235,-3.257,2.947,-3.515,-74.36,-5.701,-1.532,-24,4.725,5.593,-23.1,13.67,5.737,16.46,5.216,18.52,-108.9,-7.893,6.272,-109.2,-10.6,6.321,-160.4,-0.9331,15.57,-78.52,-6.472,0.1361,-82.06,2.102,0.6774,-80.72,20.7,1.079,-81.74,-53.68,0.5319,-85.63,-42.89,1.937,-77.16,21.28,3.355,-78.72,-3.611,3.782,-82.06,-0.8927,0.5803,323.7,46.87,203.6,385.3,-131.8,-18.56,463.4,47.84,-33.2,425.3,-393.6,85.93,446.3,75.68,-72.76,493.7,-108.9,-47.85,753.9,-249.5,53.71,337.9,313,266.6,191.4,219.2,-42.96,683.6,279.3,-75.19,1034,541.5,-21.51,267.6,179.2,423.8,656.3,966.3,454.6,104.5,560.6,86.39,52.79,128,-112.3,0.5178,-0.04285,0.8417,0.2012,-0.6103,0.2203,0.7106,-0.4039,0.2429,0.4439,-0.476,0.1743,-0.4748,-0.5349,-0.5304,-0.6768,-0.2689,-0.5797,-0.4633,-0.5371,-0.5586,0.716,-0.1123,0.6835,0.6236,-0.04755,0.7774,0.5469,-0.5393,0.339,0.2211,-0.7312,0.6138,-0.04413,-0.5735,0.03577,-0.6626,-0.3922,-0.3971,-0.5768,-0.5464,-0.4793,-0.09858,-0.226,-0.2166
9.11,8.209,-0.6036,3.583,-0.4146,-0.9959,4.066,8.585,-2.432,12.49,4.397,12.4,-3.855,1.528,-2.121,-49.9,-34.79,1.441,-0.6928,5.092,-3.414,49.98,38.27,19.78,20.2,0.3392,-0.9352,-1.023,2.593,76.88,27.02,7.564,3.716,0.9573,-3.683,2.753,-1.697,-74.43,-5.64,-1.447,-24.48,4.299,5.217,-23.68,12.85,5.336,16,5.055,17.39,-109.5,-7.405,5.994,-109.8,-9.824,6.033,-161,-0.7267,14.84,-78.51,-6.072,-0.01965,-82.05,2.17,0.4447,-80.79,21.93,1.23,-82.17,-54.93,0.9056,-86.05,-47.26,2.796,-79.08,22.28,2.48,-80.63,-4.69,4.074,-82.06,-0.8631,0.4052,133.3,44.92,169.9,397.5,-131.8,-4.879,519.5,110.8,-33.2,468.3,-371.6,99.12,402.8,91.8,-72.76,488.3,-68.85,-9.766,765.1,-226.1,50.79,354,107.4,-127.4,176.3,-53.72,-63.47,620.1,38.07,-114.3,555.1,420.9,-44.95,359.8,279.7,730.4,121.6,1210,627.5,-541.5,783.7,-391.1,43.97,-179.2,-150.4,0.5184,-0.04199,0.8414,0.2035,-0.6118,0.2277,0.7077,-0.4045,0.252,0.4408,-0.4806,0.1826,-0.4737,-0.5352,-0.5258,-0.6798,-0.2665,-0.5745,-0.4642,-0.5363,-0.5536,0.7184,-0.1134,0.681,0.624,-0.04926,0.7771,0.5472,-0.5353,0.3314,0.2147,-0.7309,0.6188,-0.05292,-0.6035,0.03742,-0.6601,-0.3905,-0.3913,-0.565,-0.5611,-0.4758,-0.09711,-0.2257,-0.2169
9.12,8.049,-0.4482,3.507,-0.0303,-0.7882,4.073,7.973,-2.033,12.06,3.783,11.97,-3.235,1.51,-1.965,-49.52,-35.48,1.153,-0.521,4.813,-3.387,49.84,38.51,20.94,20.67,0.778,-1.16,-1.268,1.231,79.27,28.64,4.733,4.904,0.505,-4.324,2.712,-0.1558,-74.48,-5.744,-1.336,-24.93,3.919,4.845,-24.24,11.86,4.939,15.66,4.792,16.2,-110.2,-6.939,5.742,-110.4,-8.962,5.771,-161.5,-0.5983,13.98,-78.58,-5.799,-0.1353,-82.07,2.265,0.172,-80.63,23.17,1.508,-82.35,-56.08,1.088,-86.54,-51.22,3.848,-80.67,22.9,1.867,-82.24,-5.678,4.405,-82.02,-0.7764,0.06274,74.72,90.34,192.9,350.6,-96.68,58.1,535.6,121.1,-43.95,503.9,-366.2,71.29,360.3,126,-59.08,433.1,-53.22,27.34,649.4,-194.3,74.71,248.5,-59.58,-270.5,250,-214.8,13.67,349.1,-230.5,-141.6,56.61,299.8,-122.5,607.4,386.2,423.8,-31.75,1302,211.4,-980,994.2,148.9,-63.97,-113.8,-47.87,0.5177,-0.04089,0.8418,0.2062,-0.6132,0.2349,0.7035,-0.4057,0.2616,0.4364,-0.4856,0.1906,-0.4723,-0.5358,-0.521,-0.6832,-0.2632,-0.5689,-0.4653,-0.5343,-0.5489,0.72,-0.1137,0.6794,0.6245,-0.05109,0.7767,0.5476,-0.5306,0.324,0.2085,-0.7313,0.6225,-0.06232,-0.6298,0.03839,-0.6616,-0.3876,-0.3885,-0.5549,-0.5738,-0.4729,-0.09437,-0.2246,-0.2179
9.13,8.104,-0.2316,3.386,0.2179,-0.625,4.017,7.124,-1.512,11.76,3.117,11.69,-2.547,1.38,-1.8,-49.29,-36.13,0.913,-0.2858,4.567,-3.275,49.67,38.87,22.11,20.74,1.195,-1.585,-1.453,0.582,81.53,29.68,2.541,5.907,-0.1952,-4.986,2.574,0.684,-74.6,-5.948,-1.214,-25.28,3.624,4.453,-24.72,10.73,4.523,15.42,4.381,14.93,-111,-6.509,5.499,-111.1,-8.014,5.518,-161.9,-0.4874,12.96,-78.64,-5.758,-0.1847,-82.04,2.345,-0.09264,-80.48,24.42,1.753,-82.59,-57.08,1.343,-86.91,-54.4,5.054,-81.44,23.06,1.732,-83.11,-6.544,4.71,-81.94,-0.7133,-0.315,179.7,104.5,262.7,333,-13.67,121.1,484.9,74.72,-31.26,546.9,-363.8,43.46,342.8,191.4,-62.5,399.4,-59.57,32.72,600.1,-130.4,83.99,110.3,-136.7,-154.3,320.8,-223.6,57.62,276.9,-344.7,-166.5,-460.9,300.8,-121.1,17.04,572.3,309.1,15.16,1216,-362.3,-1086,1066,92.76,-21.91,180.7,133.8,0.5163,-0.03937,0.8427,0.2092,-0.6148,0.2411,0.6982,-0.4072,0.2719,0.4304,-0.4909,0.1988,-0.4705,-0.5367,-0.5161,-0.6872,-0.2592,-0.5629,-0.4672,-0.5311,-0.5442,0.7203,-0.1136,0.6792,0.625,-0.05316,0.7763,0.5489,-0.5255,0.3169,0.2028,-0.7314,0.6261,-0.07276,-0.6501,0.03766,-0.665,-0.3856,-0.3881,-0.5486,-0.5822,-0.472,-0.09137,-0.2238,-0.2192
9.14,8.167,-0.0595,3.277,0.4165,-0.5235,3.808,6.11,-0.8615,11.51,2.509,11.45,-1.875,1.201,-1.667,-49.32,-36.71,0.7423,-0.02807,4.357,-3.056,49.63,39.34,23.29,20.58,1.535,-1.812,-1.423,0.3146,83.57,30.33,0.7052,6.709,-1.33,-5.548,2.369,0.9674,-74.76,-6.17,-1.114,-25.43,3.378,4.055,-24.99,9.472,4.103,15.23,3.849,13.6,-111.7,-6.114,5.268,-111.8,-6.971,5.277,-162.1,-0.336,11.78,-78.6,-5.78,-0.2047,-81.9,2.375,-0.2811,-80.45,25.63,1.906,-82.9,-57.91,1.623,-87.22,-57.06,6.583,-81.67,22.95,1.641,-83.43,-7.287,5.044,-81.88,-0.6877,-0.5555,311.5,97.65,271,331.1,25.39,183.1,452.1,38.09,-9.277,593.3,-338.4,23.43,340.3,224.1,-64.46,406.7,-73.72,36.14,599.6,-72.25,83.5,67.86,-189,29.79,345.2,-73.73,97.66,364.7,-322.8,-235.8,-855.5,371.6,-100.6,-915.4,550.7,186,106.4,831.6,-449.2,-544.9,840.8,-57.62,-35.59,13.7,130.9,0.5148,-0.03778,0.8438,0.2113,-0.6167,0.2457,0.6924,-0.4092,0.2829,0.4233,-0.4962,0.2074,-0.4688,-0.5375,-0.5115,-0.6918,-0.255,-0.5561,-0.4706,-0.5266,-0.5394,0.7201,-0.114,0.6793,0.625,-0.05524,0.7762,0.5512,-0.5202,0.3103,0.1985,-0.7311,0.6292,-0.08558,-0.6661,0.03534,-0.6672,-0.3841,-0.3901,-0.5456,-0.5875,-0.4723,-0.08948,-0.2233,-0.2202
9.15,8.073,0.01262,3.211,0.706,-0.4617,3.463,4.993,-0.1145,11.25,2.006,11.21,-1.286,1.025,-1.54,-49.67,-37.26,0.64,0.2233,4.083,-2.731,49.88,39.95,24.3,20.28,1.807,-1.805,-1.201,0.4547,85.18,30.85,-1.242,7.444,-2.739,-5.913,2.14,0.6487,-74.94,-6.337,-1.042,-25.27,3.169,3.699,-24.94,8.152,3.732,15.05,3.211,12.18,-112.4,-5.761,5.025,-112.4,-5.876,5.026,-162.2,-0.1576,10.46,-78.43,-5.656,-0.2373,-81.68,2.399,-0.384,-80.51,26.67,1.981,-83.17,-58.48,1.799,-87.48,-59.59,8.255,-81.33,22.67,1.579,-83.15,-8.08,5.244,-81.83,-0.7232,-0.7287,344.2,117.7,244.6,354.5,23.44,170.9,453.6,33.2,-4.391,620.1,-306.1,21,350.6,214.8,-102.1,424.3,-112.3,9.282,647,-15.63,54.19,180.2,-161.1,160.6,343.7,71.3,110.8,410.2,-195.3,-258.3,-1054,420.4,-27.85,-1682,522.4,191.8,26.84,314.9,-152.3,-75.18,696.8,-53.67,48.38,-121.1,0,0.5137,-0.03638,0.8447,0.212,-0.6188,0.2483,0.6862,-0.4115,0.2943,0.4152,-0.5017,0.2167,-0.4668,-0.5384,-0.5072,-0.6965,-0.2507,-0.5485,-0.4753,-0.5207,-0.5345,0.7207,-0.1152,0.6784,0.625,-0.05719,0.7759,0.5544,-0.5151,0.3051,0.196,-0.7308,0.6314,-0.09949,-0.6807,0.03174,-0.6681,-0.3825,-0.3938,-0.545,-0.5897,-0.4754,-0.08808,-0.2235,-0.2209
9.16,7.781,-0.05937,3.203,1.153,-0.3965,3.052,3.848,0.718,10.97,1.616,10.93,-0.8043,0.9014,-1.402,-50.29,-37.7,0.5668,0.4746,3.683,-2.297,50.43,40.57,25.14,19.88,1.994,-1.852,-0.9238,0.9605,86.35,31.3,-3.694,8.175,-4.224,-6.272,1.904,-0.03953,-75.11,-6.423,-0.9926,-24.83,2.953,3.408,-24.6,6.795,3.428,14.85,2.503,10.65,-113,-5.463,4.756,-113,-4.747,4.751,-162.2,0.03988,8.99,-78.19,-5.294,-0.3123,-81.44,2.469,-0.3909,-80.58,27.58,2.036,-83.34,-58.74,1.854,-87.7,-62.3,9.934,-80.54,22.32,1.825,-82.49,-8.872,5.369,-81.77,-0.7271,-0.9659,261.2,126,201.7,331.5,-13.67,127.9,465.8,43.94,-0.9771,601.6,-254.9,28.32,347.7,192.9,-113.3,448.7,-135.7,-26.37,723.1,-10.25,-43.45,363.3,-38.09,105,334.5,172.4,86.91,352.5,-81.53,-241.2,-1029,438.5,34.69,-1840,50.8,476.5,161.6,-116.7,-159.2,344.8,436.5,-238.8,17.06,-6.851,2.952,0.5131,-0.03522,0.8453,0.211,-0.6209,0.2492,0.68,-0.4138,0.306,0.4064,-0.5074,0.2269,-0.4647,-0.539,-0.5032,-0.7012,-0.2468,-0.5402,-0.4811,-0.5134,-0.5297,0.7226,-0.1173,0.6759,0.6254,-0.0586,0.7754,0.5578,-0.5103,0.3007,0.1953,-0.7306,0.6324,-0.1135,-0.6961,0.02704,-0.6706,-0.3808,-0.3977,-0.5459,-0.5898,-0.4801,-0.08619,-0.2233,-0.2219
9.17,7.391,-0.1993,3.164,1.669,-0.3578,2.682,2.724,1.613,10.65,1.303,10.62,-0.3598,0.8452,-1.253,-51.01,-38.08,0.4865,0.7383,3.142,-1.802,51.16,41.19,26.43,19.46,2.196,-1.985,-0.7858,1.598,87.66,31.69,-6.22,8.86,-5.171,-6.527,1.894,-0.8521,-75.27,-6.473,-0.9762,-24.28,2.712,3.139,-24.13,5.433,3.149,14.6,1.78,8.996,-113.5,-5.204,4.443,-113.4,-3.595,4.433,-162.1,0.2278,7.425,-77.98,-4.828,-0.3902,-81.19,2.549,-0.3322,-80.46,28.95,2.251,-83.41,-58.67,1.863,-88.32,-64.75,11.47,-79.58,21.95,2.272,-81.69,-9.631,5.394,-81.7,-0.7311,-1.197,156.2,128.4,153.3,271.5,-90.82,92.28,459,41.51,27.35,601.6,-233.9,331.5,345.7,181.6,-122.1,467.8,-144.1,-33.2,726.1,19.53,-43.45,505.8,119.6,-64.46,324.2,205.1,80.09,-1464,-417.5,-134.8,-801.3,525.4,99.6,-2035,-344.8,747.5,263.7,-424.8,-316.4,697.3,116.7,-159.6,-15.15,35.16,62,0.5128,-0.03436,0.8457,0.2086,-0.6233,0.249,0.6737,-0.4159,0.3179,0.3973,-0.5134,0.238,-0.4624,-0.5395,-0.4996,-0.7058,-0.2433,-0.5311,-0.4875,-0.5051,-0.5249,0.7251,-0.1193,0.6728,0.6258,-0.05957,0.7748,0.5644,-0.5021,0.2949,0.1961,-0.7305,0.6323,-0.1234,-0.7099,0.02466,-0.6734,-0.3798,-0.4008,-0.5473,-0.5887,-0.4854,-0.08435,-0.2231,-0.2228
9.18,7.135,-0.3233,3.076,2.056,-0.3636,2.401,1.669,2.53,10.27,1.095,10.24,0.07182,0.8063,-1.093,-51.65,-38.38,0.7789,1.006,2.566,-1.224,52.42,41.74,26.71,19.15,2.036,-2.127,-0.5111,2.072,87.66,32.18,-8.43,9.511,-5.248,-6.689,2.347,-1.516,-75.4,-6.519,-0.9761,-23.78,2.444,2.812,-23.7,4.11,2.817,13.75,0.769,7.301,-113.9,-4.978,4.104,-113.8,-2.454,4.093,-162,0.4142,5.779,-77.83,-4.485,-0.422,-80.94,2.641,-0.2416,-80.48,29.33,2.047,-83.19,-58.3,1.742,-89.73,-66.52,12.98,-78.8,21.71,2.693,-81.04,-10.37,5.372,-81.67,-0.7587,-1.383,111.3,127.4,118.2,208.5,-172.9,64.45,439.5,0.9809,16.6,940.9,-127.9,-96.19,321.3,196.3,-97.66,460.9,-125.5,-58.11,615.2,48.81,-14.65,533.2,217.8,-201.7,287.6,196.8,86.43,690.9,-126.4,-464.8,-636.2,526.9,220.7,-1357,-506.8,764.7,320.3,-583,-365.2,700.2,-285.2,-165,-20,25.34,83.47,0.5125,-0.03375,0.846,0.2058,-0.6261,0.2487,0.6675,-0.4179,0.3299,0.3892,-0.5164,0.2542,-0.46,-0.5397,-0.4963,-0.7101,-0.2403,-0.5214,-0.4941,-0.4961,-0.5201,0.7269,-0.1206,0.6705,0.6264,-0.0603,0.7741,0.5654,-0.5017,0.2914,0.1975,-0.7307,0.6308,-0.1274,-0.7204,0.02704,-0.6755,-0.3794,-0.4024,-0.5478,-0.5882,-0.4904,-0.08283,-0.2232,-0.2235
9.19,7.169,-0.4092,2.958,2.129,-0.4402,2.179,0.6665,3.441,9.832,1.074,9.803,0.5171,0.7859,-0.9417,-52.16,-38.57,0.1169,1.26,2.536,-0.6035,53.64,42.15,27.36,19.02,2.236,-2.201,-0.7877,2.131,87.68,32.79,-10.87,10.12,-4.354,-6.77,3.065,-1.797,-75.5,-6.56,-1.002,-23.39,2.16,2.427,-23.37,2.826,2.428,12.95,0.7218,6.165,-114.2,-4.758,3.73,-114,-1.324,3.718,-161.9,0.6094,4.08,-77.71,-4.45,-0.3898,-80.7,2.716,-0.1223,-79.85,30.05,2.55,-82.75,-57.58,1.505,-91.76,-68.12,14.21,-78.45,21.64,2.916,-80.77,-11.05,5.294,-81.64,-0.8099,-1.545,148.4,131.8,73.24,187,-241.7,24.9,380.9,1.462,103,4.396,124,-83.5,284.2,194.3,-72.27,441.4,-84.47,-61.52,581.5,75.19,-34.66,395.5,238.8,-208.5,251.5,147.5,70.79,38.11,8.798,-93.76,-656.8,443.9,244.2,676.2,-779.4,1774,247.5,-577.2,-189.5,360.8,-399.4,-119.1,26.91,59.59,60.57,0.5122,-0.03345,0.8464,0.2028,-0.6293,0.2486,0.6614,-0.4196,0.3418,0.3883,-0.5199,0.2642,-0.4578,-0.5395,-0.4933,-0.7141,-0.2377,-0.5114,-0.5008,-0.4867,-0.5149,0.727,-0.1212,0.6702,0.6268,-0.06085,0.7735,0.5674,-0.4973,0.2883,0.2001,-0.7312,0.6279,-0.1249,-0.7307,0.03339,-0.6759,-0.3798,-0.4023,-0.5462,-0.5891,-0.4942,-0.08148,-0.2235,-0.2241
9.2,7.46,-0.4124,2.866,1.954,-0.5997,1.987,-0.1639,4.344,9.32,1.267,9.286,0.9702,0.798,-0.8157,-52.5,-38.62,0.002646,1.509,1.812,0.05122,54.35,42.34,27.96,18.95,2.24,-2.285,-0.9931,1.731,87.3,33.42,-12.22,10.68,-2.702,-6.893,3.914,-1.61,-75.58,-6.603,-1.048,-23.14,1.833,1.975,-23.15,1.669,1.975,12.48,0.2022,4.389,-114.4,-4.542,3.343,-114.1,-0.2054,3.332,-161.8,0.8157,2.344,-77.6,-4.662,-0.2847,-80.48,2.801,-0.01405,-79.33,30.71,2.813,-82.15,-56.52,1.174,-93.46,-68.28,14.38,-78.62,21.67,2.959,-81,-11.65,5.295,-81.62,-0.867,-1.68,175.8,122.1,74.21,197.8,-289.5,11.23,361.3,11.23,41.01,690.9,343.8,-126,253.9,199.7,-41.5,412.6,-36.12,-65.92,535.6,106.4,-51.76,209,173.8,-68.37,251.5,47.36,64.95,109.9,-130.9,109.9,-662.1,301.3,158.2,321.4,542.9,948.7,175.3,-210,-75.18,44.47,-242.6,-50.29,16.18,63.47,0.9842,0.5119,-0.03339,0.8467,0.2002,-0.6326,0.2494,0.6561,-0.4207,0.3535,0.381,-0.5263,0.2765,-0.4559,-0.539,-0.4907,-0.7177,-0.2351,-0.5012,-0.5074,-0.4772,-0.5092,0.7257,-0.1212,0.6714,0.6273,-0.06135,0.7729,0.5676,-0.4951,0.2835,0.2042,-0.7319,0.6236,-0.1154,-0.7333,0.0426,-0.6751,-0.3813,-0.4009,-0.5428,-0.5923,-0.4959,-0.08033,-0.2238,-0.2245
9.21,7.752,-0.4346,2.788,1.74,-0.7771,1.832,-0.8782,5.21,8.724,1.605,8.681,1.433,0.8716,-0.7216,-52.5,-38.55,-0.2011,1.75,0.7522,0.7037,54.78,42.31,28.58,18.92,2.2,-2.318,-1.32,1.04,86.64,34.06,-12.49,11.26,-1.349,-7.051,4.757,-1.122,-75.63,-6.621,-1.122,-23.21,1.453,1.481,-23.23,0.5745,1.48,11.98,-0.183,2.293,-114.3,-4.303,2.927,-114.1,0.9006,2.919,-161.8,1.015,0.596,-77.5,-4.89,-0.1865,-80.28,2.871,0.1064,-78.68,31.39,3.13,-81.32,-55.18,0.6333,-93.99,-67.12,13.67,-79.13,21.74,2.847,-81.54,-12.21,5.374,-81.61,-0.8986,-1.78,136.2,89.35,77.15,128.4,-335.9,9.77,290.5,50.79,32.22,411.6,-109.9,126,211.4,183.6,-19.53,380.9,20.03,-74.22,485.9,128.4,-75.2,79.6,51.75,15.14,219.2,-67.87,25.39,175.3,-200.2,-25.87,-584.5,245.6,6.839,-163.7,919.4,1154,93.76,129.4,-21.01,-173.8,-17.05,52.22,-4.411,-15.12,20.49,0.5117,-0.03363,0.8469,0.1982,-0.6359,0.2517,0.6514,-0.4209,0.365,0.3734,-0.5347,0.2899,-0.4546,-0.5379,-0.4883,-0.7211,-0.2324,-0.4911,-0.5136,-0.4678,-0.5032,0.7243,-0.1212,0.6728,0.6277,-0.06159,0.7723,0.5665,-0.4934,0.278,0.2095,-0.7332,0.6175,-0.1063,-0.7276,0.04944,-0.6733,-0.3834,-0.399,-0.5382,-0.5971,-0.4961,-0.07947,-0.224,-0.2248
9.22,7.885,-0.4594,2.7,1.599,-0.9537,1.778,-1.517,6.047,8.066,1.985,8.005,1.866,1.005,-0.6759,-52.26,-38.37,-0.3264,2.03,-0.2296,1.357,55.16,42.05,29.2,18.92,2.17,-2.367,-1.836,0.3039,85.78,34.64,-12.16,11.78,-0.6508,-7.231,5.533,-0.5387,-75.64,-6.593,-1.203,-23.46,1.02,0.9942,-23.49,-0.4964,0.9939,11.35,-0.6489,0.3027,-114.1,-4.03,2.527,-113.9,2.011,2.523,-161.8,1.191,-1.16,-77.45,-4.999,-0.09229,-80.13,2.9,0.2281,-77.84,32.01,3.587,-80.3,-53.66,-0.03185,-93.59,-65.24,12.73,-79.73,21.81,2.734,-82.18,-12.72,5.497,-81.6,-0.9419,-1.859,82.51,72.26,69.33,113.8,-303.7,34.67,151.9,80.08,66.41,531.7,103.5,90.82,169,152.8,-16.11,331.5,59.09,-73.24,427.3,167,-106,59.58,-49.81,0,159.2,-115.7,30.27,108.4,-284.7,39.07,-520,260.7,-178.2,-365.8,1180,1001,47.35,261.7,-20.49,-265.1,139.2,87.92,-46.32,72.26,-5.816,0.5119,-0.03418,0.8469,0.197,-0.6388,0.2553,0.6466,-0.4207,0.3758,0.3664,-0.5417,0.3038,-0.4538,-0.5364,-0.4861,-0.7244,-0.2294,-0.481,-0.5193,-0.4585,-0.4969,0.7236,-0.121,0.6734,0.6279,-0.06159,0.772,0.5645,-0.4921,0.2727,0.2152,-0.7349,0.61,-0.101,-0.7168,0.05231,-0.6717,-0.3855,-0.3971,-0.5334,-0.6021,-0.4956,-0.0788,-0.2243,-0.2251
9.23,7.882,-0.4935,2.542,1.529,-1.088,1.847,-2.092,6.859,7.365,2.394,7.272,2.309,1.181,-0.6335,-51.79,-38.09,-0.5041,2.334,-1.005,1.976,55.19,41.6,29.86,18.92,2.161,-2.416,-2.25,-0.2919,84.76,35.14,-11.47,12.26,-0.7865,-7.345,5.901,-0.0824,-75.61,-6.544,-1.282,-23.9,0.5285,0.5078,-23.92,-1.563,0.5077,10.9,-1.07,-1.481,-113.8,-3.73,2.11,-113.6,3.125,2.109,-161.9,1.319,-2.911,-77.48,-5.019,-0.02991,-80,2.881,0.3331,-77.13,32.61,3.997,-79.69,-52.01,-0.2543,-92.62,-62.91,12.09,-80.19,21.81,2.657,-82.69,-13.21,5.62,-81.58,-0.9951,-1.872,64.95,67.87,47.86,137.2,-241.7,27.35,151.4,103,59.57,328.1,132.3,-17.09,140.1,103.5,-22.94,285.2,95.21,-85.45,357.4,208.5,-126.5,80.57,-114.7,-67.87,141.1,-143.1,42.96,48.34,-379.9,70.31,-510.8,352.1,-239.7,-632.7,836.9,755.8,29.77,288.6,8.311,-157.8,266.6,106,-73.23,158.7,110.9,0.5122,-0.03491,0.8467,0.1964,-0.6414,0.2604,0.6413,-0.4212,0.3863,0.3596,-0.5481,0.3156,-0.4536,-0.5344,-0.4842,-0.7276,-0.2261,-0.4712,-0.5243,-0.4492,-0.4904,0.7236,-0.1204,0.6735,0.6278,-0.06159,0.772,0.5624,-0.4907,0.2675,0.2216,-0.735,0.6034,-0.1014,-0.7023,0.05103,-0.6703,-0.3875,-0.3957,-0.5293,-0.6065,-0.4955,-0.07868,-0.2247,-0.2252
9.24,7.856,-0.5314,2.362,1.436,-1.208,1.99,-2.563,7.655,6.679,2.845,6.526,2.776,1.432,-0.6265,-51.07,-37.74,-0.6563,2.648,-1.639,2.568,54.82,40.98,30.54,18.88,2.123,-2.483,-2.25,-0.6247,83.54,35.54,-10.67,12.67,-1.541,-7.293,5.702,0.1377,-75.54,-6.501,-1.377,-24.55,-0.02739,0.05227,-24.55,-2.59,0.05217,10.62,-1.491,-3.088,-113.4,-3.402,1.692,-113.2,4.25,1.694,-162.1,1.424,-4.662,-77.56,-5.067,0.008948,-79.89,2.809,0.4216,-76.94,33.22,4.102,-79.78,-50.19,0.1067,-91.4,-60.34,11.78,-80.41,21.71,2.687,-82.97,-13.69,5.696,-81.59,-1.1,-1.761,58.11,57.13,30.77,139.2,-157.7,40.04,164.6,45.9,38.58,187.5,163.1,6.84,104.5,58.59,-27.84,245.6,119.6,-76.17,300.3,250.5,-132.3,84.47,-136.7,-59.09,124.5,-107.4,47.37,28.32,-485.9,89.35,-435.1,391.1,-84.99,-926.7,381.8,548.3,31.75,177.7,5.383,64.49,294.9,65.44,-42.06,-1.939,71.31,0.5124,-0.03589,0.8465,0.1966,-0.6434,0.2673,0.6361,-0.422,0.3965,0.3527,-0.5541,0.3255,-0.4538,-0.5321,-0.4825,-0.7309,-0.2225,-0.4616,-0.529,-0.44,-0.4837,0.7234,-0.1197,0.6739,0.6273,-0.06152,0.7723,0.5606,-0.4894,0.2625,0.2302,-0.7324,0.5988,-0.1057,-0.6855,0.04712,-0.6688,-0.3899,-0.3948,-0.5263,-0.6097,-0.4962,-0.07953,-0.2257,-0.225
9.25,7.856,-0.5618,2.227,1.262,-1.312,2.125,-2.976,8.447,6.006,3.29,5.762,3.232,1.704,-0.6162,-50.08,-37.33,-0.8751,2.936,-2.204,3.095,54.17,40.26,31.23,18.77,2.072,-2.568,-1.973,-0.8205,82.09,35.81,-10.05,13.02,-2.351,-7.221,5.139,0.2491,-75.45,-6.438,-1.482,-25.43,-0.6048,-0.3773,-25.41,-3.581,-0.378,10.39,-1.81,-4.606,-112.9,-3.07,1.262,-112.7,5.375,1.266,-162.3,1.516,-6.372,-77.6,-5.179,0.02474,-79.79,2.698,0.4785,-77.12,33.81,3.97,-80.3,-48.17,0.8387,-90.24,-57.74,11.61,-80.51,21.51,2.759,-83.12,-14.17,5.751,-81.58,-1.236,-1.649,51.27,48.83,0.9675,111.8,-31.26,55.17,169.4,22.47,-19.05,241.2,184.6,65.92,75.67,12.21,-38.09,215.8,143.1,-88.87,249.5,277.8,-128.4,59.58,-126.5,23.44,75.68,-56.65,60.06,27.83,-558.1,41.52,-358.4,389.7,60.06,-964.8,46.83,445.3,84.94,96.21,13.69,168.5,277.4,-125.5,15.59,-119.6,-19.5,0.5128,-0.03705,0.8462,0.198,-0.6449,0.2756,0.6311,-0.4227,0.4062,0.3464,-0.56,0.3344,-0.4542,-0.5294,-0.4812,-0.734,-0.2185,-0.4523,-0.5332,-0.431,-0.4769,0.7228,-0.1193,0.6746,0.6265,-0.06159,0.7728,0.5597,-0.4879,0.2579,0.2406,-0.7276,0.5952,-0.1104,-0.6681,0.04285,-0.6674,-0.3924,-0.3946,-0.5238,-0.6121,-0.4973,-0.08039,-0.2269,-0.2249
9.26,7.861,-0.5828,2.169,1.064,-1.417,2.235,-3.386,9.256,5.321,3.715,4.954,3.665,1.95,-0.6045,-48.96,-36.87,-1.102,3.214,-2.625,3.571,53.37,39.44,31.84,18.6,1.992,-2.652,-1.655,-0.8547,80.39,35.98,-9.644,13.36,-2.835,-7.165,4.444,0.2505,-75.34,-6.365,-1.589,-26.43,-1.2,-0.829,-26.38,-4.586,-0.8316,10.19,-2.087,-6.026,-112.3,-2.748,0.8386,-112.2,6.508,0.8429,-162.5,1.596,-8.049,-77.6,-5.303,0.03632,-79.73,2.58,0.518,-77.4,34.33,3.75,-80.94,-45.97,1.713,-89.24,-55.19,11.36,-80.47,21.23,2.876,-83.13,-14.63,5.747,-81.56,-1.358,-1.609,35.66,41.5,-39.06,89.37,104.5,84.47,157.7,53.23,-75.68,343.7,181.6,29.29,32.72,-21.48,-47.36,178.2,157.7,-61.52,193.9,315.9,-133.8,38.58,-97.17,78.62,21.48,-5.381,54.2,61.03,-532.7,68.85,-307.6,455.1,267.6,-856.9,-58.61,277.9,106.4,148.9,97.66,85.99,208,-26.84,6.764,-35.68,-48.31,0.5132,-0.03833,0.8459,0.2,-0.6463,0.2846,0.6261,-0.4233,0.416,0.3405,-0.5657,0.3424,-0.4547,-0.5265,-0.4801,-0.7372,-0.2144,-0.4433,-0.5372,-0.4222,-0.4701,0.722,-0.1191,0.6754,0.6257,-0.06159,0.7734,0.5595,-0.4867,0.254,0.2518,-0.7215,0.5918,-0.113,-0.6509,0.03937,-0.6662,-0.395,-0.395,-0.5219,-0.6136,-0.4991,-0.08069,-0.228,-0.2251
9.27,7.872,-0.6106,2.153,0.8873,-1.505,2.343,-3.793,10.07,4.634,4.137,4.103,4.099,2.161,-0.562,-47.85,-36.39,-1.254,3.461,-2.829,3.961,52.57,38.62,32.36,18.4,1.9,-2.741,-1.286,-0.7497,78.52,36.15,-9.399,13.71,-2.928,-7.09,3.724,0.1519,-75.23,-6.297,-1.694,-27.4,-1.82,-1.315,-27.31,-5.611,-1.321,10.04,-2.409,-7.283,-111.8,-2.438,0.4001,-111.7,7.63,0.4032,-162.8,1.654,-9.653,-77.6,-5.412,0.03421,-79.71,2.482,0.5477,-77.78,34.77,3.46,-81.7,-43.66,2.709,-88.57,-52.68,11.08,-80.32,20.92,3.041,-83.03,-15.1,5.69,-81.53,-1.466,-1.598,13.17,39.55,-58.6,85.95,194.8,95.7,90.32,54.69,-105.5,284.7,188,-0.9815,-4.897,-41.51,-75.69,137.7,174.8,-69.34,131.3,349.1,-144,21.97,-54.21,63.97,-16.12,-9.286,48.33,-11.7,-481.4,52.24,-328.6,497.1,406.2,-723.3,-76.21,244.6,98.17,247.5,48.36,8.303,82.52,32.72,-2.5,-25.34,-28.36,0.5136,-0.03961,0.8455,0.2018,-0.6479,0.2935,0.6213,-0.4234,0.4262,0.3349,-0.5703,0.3498,-0.4552,-0.5235,-0.4794,-0.7404,-0.2099,-0.4347,-0.5408,-0.4137,-0.4635,0.7214,-0.1192,0.6761,0.625,-0.06147,0.7739,0.5596,-0.4856,0.2506,0.2637,-0.714,0.5888,-0.1133,-0.6339,0.03772,-0.6657,-0.3969,-0.396,-0.5204,-0.6145,-0.5015,-0.08075,-0.2289,-0.2253
9.28,7.885,-0.6293,2.086,0.7637,-1.578,2.508,-4.142,10.87,4.008,4.572,3.244,4.543,2.36,-0.5086,-46.89,-35.91,-1.31,3.67,-2.907,4.307,51.9,37.79,32.79,18.14,1.775,-2.797,-0.7528,-0.6324,76.48,36.25,-9.334,14.06,-2.778,-6.996,3.109,0.02286,-75.11,-6.257,-1.788,-28.2,-2.478,-1.812,-28.07,-6.618,-1.822,9.935,-2.786,-8.417,-111.2,-2.136,-0.02403,-111.2,8.733,-0.02422,-163,1.72,-11.2,-77.64,-5.497,0.03211,-79.68,2.41,0.5697,-78.38,35.16,3.002,-82.46,-41.22,3.58,-88.22,-50.2,10.75,-80.17,20.59,3.168,-82.89,-15.54,5.605,-81.51,-1.555,-1.595,-6.839,31.25,-57.14,67.86,245.1,89.35,81.07,207.5,-85.45,207.5,249,-1.953,-52.25,-42.96,-78.62,84.97,174.8,-47.85,60.06,373.5,-134.8,5.849,10.75,43.46,-30.28,6.357,38.08,-26.36,-390.1,93.76,-433.1,488.8,461.4,-706.9,-77.58,189.5,29.32,269.1,5.383,-113.7,130.8,49.32,40,84.03,-6.8,0.5138,-0.04083,0.8453,0.2025,-0.6499,0.3017,0.6167,-0.4233,0.4363,0.3291,-0.5741,0.3565,-0.4557,-0.5205,-0.4787,-0.7435,-0.2053,-0.4264,-0.5443,-0.4054,-0.457,0.7209,-0.1188,0.6767,0.6245,-0.0614,0.7743,0.56,-0.4848,0.2476,0.2769,-0.706,0.5852,-0.1111,-0.6173,0.03803,-0.6653,-0.3986,-0.3974,-0.5189,-0.6152,-0.504,-0.08075,-0.2296,-0.2255
9.29,7.883,-0.6133,1.985,0.669,-1.64,2.702,-4.495,11.66,3.46,5.001,2.379,4.983,2.515,-0.4324,-46.18,-35.4,-1.319,3.836,-2.921,4.577,51.4,37.01,33.14,17.88,1.638,-2.874,-0.4103,-0.4816,74.25,36.33,-9.47,14.39,-2.349,-6.897,2.891,-0.1119,-75.01,-6.229,-1.86,-28.77,-3.139,-2.328,-28.59,-7.631,-2.345,9.894,-3.201,-9.503,-110.6,-1.84,-0.4331,-110.6,9.824,-0.4394,-163.1,1.805,-12.66,-77.73,-5.564,0.04474,-79.67,2.34,0.573,-78.78,35.46,2.633,-82.81,-38.69,4.046,-88.1,-47.81,10.27,-80,20.24,3.307,-82.75,-15.96,5.533,-81.49,-1.63,-1.573,-23.92,33.69,-39.55,36.63,251.5,96.19,0,210.9,-117.2,179.7,267.1,17.09,-65.91,-47.36,-101.1,62.49,189,-36.62,13.19,393.1,-147.5,-17.58,87.9,61.03,-38.08,37.6,39.54,-43.47,-360.3,121.6,-427.8,359.4,260.3,-541.5,41.01,182.1,64.93,125,53.69,-113.3,120.1,120.2,7.794,142.1,31.22,0.5139,-0.04181,0.8451,0.2019,-0.6525,0.3084,0.6118,-0.4236,0.4464,0.3231,-0.5777,0.3629,-0.456,-0.5176,-0.4781,-0.7465,-0.2006,-0.4185,-0.5477,-0.3975,-0.4508,0.7206,-0.1182,0.6772,0.6241,-0.06141,0.7746,0.5599,-0.4846,0.2448,0.2901,-0.6991,0.5791,-0.1063,-0.6014,0.03986,-0.6653,-0.4001,-0.3989,-0.5177,-0.6157,-0.5064,-0.08094,-0.2302,-0.2257
9.3,7.902,-0.5783,1.905,0.5512,-1.682,2.86,-4.819,12.46,3.021,5.388,1.503,5.378,2.621,-0.3387,-45.72,-34.86,-1.264,3.94,-2.97,4.778,51.14,36.24,33.42,17.58,1.549,-2.959,-0.2589,-0.3008,71.92,36.39,-9.709,14.74,-1.675,-6.707,2.881,-0.2944,-74.91,-6.188,-1.908,-29.08,-3.78,-2.862,-28.84,-8.593,-2.888,9.895,-3.639,-10.6,-109.9,-1.559,-0.8155,-110.1,10.9,-0.8303,-163.3,1.934,-14.02,-77.79,-5.641,0.0579,-79.65,2.281,0.5564,-78.96,35.69,2.419,-82.93,-36.12,4.351,-88.07,-45.47,9.645,-79.79,19.88,3.441,-82.57,-16.39,5.448,-81.48,-1.693,-1.47,-55.66,28.32,-53.7,-8.786,229,95.21,-54.69,249,-98.15,187,288.6,5.858,-102,-48.82,-112.3,52.24,209.5,-32.22,-15.14,413.6,-137.7,-42.97,133.8,68.37,-47.36,66.89,26.85,-83.5,-353.5,95.7,-499.5,227.5,137.7,-352.1,133.7,133.3,92.77,-25.86,-31.26,-39.58,66.92,159.2,-5.882,80.02,21.47,0.5142,-0.0426,0.8449,0.2,-0.6555,0.3134,0.6069,-0.4239,0.4559,0.3167,-0.5813,0.3692,-0.4563,-0.5149,-0.4775,-0.7494,-0.1959,-0.4108,-0.5512,-0.3902,-0.4447,0.7202,-0.1177,0.6777,0.6236,-0.06159,0.775,0.5592,-0.4846,0.2423,0.3029,-0.6927,0.5718,-0.09974,-0.5858,0.0423,-0.6649,-0.4018,-0.4006,-0.5165,-0.616,-0.5089,-0.08179,-0.2308,-0.2257
9.31,7.95,-0.549,1.866,0.4218,-1.684,2.953,-5.132,13.26,2.756,5.74,0.6258,5.734,2.684,-0.2369,-45.49,-34.29,-1.154,3.983,-3.032,4.91,51.08,35.5,33.6,17.27,1.489,-3.023,0.06496,-0.09193,69.51,36.45,-10.02,15.08,-1.049,-6.491,2.845,-0.533,-74.82,-6.146,-1.934,-29.17,-4.402,-3.419,-28.86,-9.524,-3.456,9.936,-4.113,-11.69,-109.3,-1.293,-1.161,-109.6,11.96,-1.186,-163.4,2.12,-15.29,-77.8,-5.73,0.04693,-79.62,2.238,0.5192,-79.34,35.84,2.082,-83.12,-33.56,4.541,-88.1,-43.21,8.941,-79.55,19.51,3.541,-82.33,-16.83,5.36,-81.47,-1.764,-1.342,-60.05,37.59,-65.43,-33.69,191.9,99.12,-64.46,349.1,-105.5,154.8,316.4,-0.9815,-130.4,-54.68,-106.4,49.79,223.1,-34.18,-25.86,424.8,-137.2,-85.45,126.9,63.97,-67.87,59.08,8.789,-136.7,-398.4,13.68,-525.9,117.2,165.1,-152.7,200.6,59.64,39.08,-109.4,32.21,-29.8,-22.94,41.02,22.5,-17.58,-15.12,0.5144,-0.04322,0.8446,0.197,-0.659,0.3171,0.6017,-0.4248,0.4647,0.3099,-0.5847,0.3754,-0.4564,-0.5125,-0.4768,-0.7522,-0.1915,-0.4032,-0.5549,-0.3832,-0.4388,0.7197,-0.1177,0.6783,0.6233,-0.06201,0.7752,0.5584,-0.4851,0.2404,0.3165,-0.6859,0.5642,-0.09223,-0.5706,0.04486,-0.6639,-0.4036,-0.4023,-0.5156,-0.6161,-0.5116,-0.08283,-0.2315,-0.2255
9.32,7.968,-0.5136,1.862,0.3458,-1.688,2.998,-5.484,14.06,2.732,6.072,-0.1957,6.071,2.725,-0.1538,-45.45,-33.67,-1.023,3.999,-3.082,4.997,51.17,34.77,33.67,16.97,1.453,-3.068,0.556,0.003847,66.94,36.49,-10.49,15.4,-0.6348,-6.368,2.708,-0.6583,-74.75,-6.131,-1.964,-29.08,-4.974,-3.988,-28.69,-10.44,-4.04,10.02,-4.613,-12.76,-108.6,-1.051,-1.463,-109,13,-1.501,-163.5,2.328,-16.48,-77.77,-5.792,0.02851,-79.59,2.192,0.4674,-79.96,35.88,1.627,-83.37,-30.94,4.56,-88.05,-41.09,8.21,-79.44,19.16,3.564,-82.23,-17.22,5.347,-81.47,-1.827,-1.237,-73.73,48.83,-58.6,-56.17,158.7,96.68,-102.5,331.5,-115.7,91.32,351.1,-16.12,-150.4,-65.92,-112.8,30.75,232.4,-33.7,-52.25,422.9,-143.6,-114.2,115.2,38.58,-74.7,47.84,-19.04,-173.8,-462.4,-42.98,-480.5,64.43,139.1,-57.46,306.7,45.96,-52.75,-127.4,-16.1,-32.76,-22.49,7.817,36.17,-8.273,-19.06,0.5145,-0.04376,0.8445,0.1933,-0.6629,0.3195,0.5959,-0.4263,0.4727,0.3029,-0.5879,0.3815,-0.4563,-0.5106,-0.4761,-0.7547,-0.1872,-0.3959,-0.5586,-0.3767,-0.4332,0.7193,-0.1179,0.6786,0.623,-0.0625,0.7754,0.5577,-0.4858,0.2393,0.3315,-0.679,0.5558,-0.08478,-0.5562,0.04669,-0.6626,-0.4055,-0.4039,-0.5145,-0.6169,-0.5134,-0.08369,-0.2321,-0.2254
9.33,7.919,-0.5158,1.854,0.3049,-1.635,3.011,-5.872,14.84,2.898,6.363,-0.9936,6.362,2.723,-0.04714,-45.54,-33.04,-0.8923,3.952,-3.141,5.035,51.33,34.06,33.7,16.73,1.441,-3.108,1.087,0.06193,64.22,36.6,-11.2,15.76,-0.4963,-6.269,2.538,-0.7673,-74.7,-6.112,-1.974,-28.88,-5.501,-4.565,-28.4,-11.35,-4.635,10.16,-5.115,-13.83,-107.9,-0.8379,-1.741,-108.4,14,-1.794,-163.6,2.568,-17.58,-77.73,-5.817,-0.03193,-79.55,2.116,0.4122,-80.61,35.84,1.164,-83.59,-28.26,4.428,-87.96,-39.16,7.613,-79.36,18.84,3.564,-82.16,-17.64,5.346,-81.47,-1.87,-1.146,-105,42,-61.52,-79.1,115.2,88.38,-133.3,317.4,-112.3,37.6,387.7,-7.811,-157.2,-55.66,-124.5,15.64,250.5,-24.41,-61.03,438.5,-143.1,-136.2,83.02,12.69,-104.5,37.1,-17.58,-198.2,-525.9,-85.95,-344.7,10.23,71.31,-74.17,298.9,27.82,-135.8,-79.61,-18.56,-40.04,-55.68,27.32,8.823,82.09,15.66,0.5146,-0.04407,0.8443,0.1893,-0.6669,0.3209,0.5896,-0.4286,0.4799,0.2956,-0.5912,0.3872,-0.4559,-0.5091,-0.4752,-0.757,-0.1832,-0.3889,-0.5622,-0.3708,-0.4277,0.7191,-0.1185,0.6788,0.6224,-0.06305,0.7758,0.5572,-0.4867,0.239,0.3472,-0.672,0.5464,-0.0788,-0.5427,0.04767,-0.6609,-0.4076,-0.4051,-0.5132,-0.6179,-0.5151,-0.08442,-0.2326,-0.2252
9.34,7.824,-0.5336,1.828,0.2713,-1.558,3.022,-6.302,15.6,3.211,6.598,-1.773,6.598,2.68,0.06025,-45.7,-32.43,-0.7908,3.88,-3.221,5.07,51.49,33.42,33.65,16.55,1.43,-3.15,1.575,0.07501,61.33,36.76,-12.25,16.16,-0.509,-6.097,2.381,-0.8369,-74.66,-6.07,-1.972,-28.63,-5.969,-5.14,-28.05,-12.25,-5.232,10.34,-5.579,-14.91,-107.3,-0.6414,-1.987,-107.9,14.94,-2.056,-163.7,2.817,-18.61,-77.7,-5.812,-0.106,-79.51,2.025,0.36,-81.21,35.71,0.7417,-83.74,-25.5,4.218,-87.86,-37.48,7.147,-79.32,18.57,3.555,-82.12,-18.08,5.315,-81.47,-1.902,-1.014,-140.1,38.09,-87.89,-123.1,85.94,83.01,-164.6,292,-96.67,-3.897,426.8,-2.438,-171.4,-32.72,-134.3,0,276.4,-13.67,-90.33,440.4,-146.5,-151.8,60.05,2.431,-141.1,38.58,-15.14,-211.9,-534.2,-59.58,-200.7,-60.04,4.412,-20.38,78.65,17.06,-201.6,-38.08,3.92,-2.957,-48.33,53.19,-9.264,109.4,67.37,0.5149,-0.04425,0.8441,0.1854,-0.6709,0.3218,0.5828,-0.4314,0.4865,0.2882,-0.5946,0.3926,-0.4551,-0.508,-0.4741,-0.7589,-0.1796,-0.3821,-0.5657,-0.3652,-0.4225,0.7191,-0.119,0.6788,0.6217,-0.0636,0.7763,0.5572,-0.4876,0.2394,0.3631,-0.6648,0.5359,-0.0741,-0.5308,0.04816,-0.6591,-0.4097,-0.406,-0.5114,-0.6191,-0.517,-0.08552,-0.2329,-0.2249
9.35,7.753,-0.5652,1.794,0.2256,-1.483,2.998,-6.772,16.32,3.602,6.815,-2.488,6.813,2.608,0.1535,-45.91,-31.8,-0.7203,3.783,-3.294,5.096,51.64,32.77,33.5,16.42,1.422,-3.179,2.115,0.08578,58.27,37.01,-13.62,16.6,-0.4501,-5.815,2.16,-0.9255,-74.65,-6.044,-1.971,-28.35,-6.375,-5.714,-27.66,-13.11,-5.831,10.58,-5.997,-15.97,-106.7,-0.4638,-2.199,-107.3,15.85,-2.285,-163.8,3.073,-19.59,-77.67,-5.836,-0.1815,-79.45,1.927,0.3204,-81.83,35.46,0.3094,-83.96,-22.7,4.054,-87.81,-36.07,6.663,-79.27,18.34,3.545,-82.05,-18.56,5.231,-81.48,-1.951,-0.8215,-154.3,41.01,-102.1,-152.8,66.4,85.94,-207,251.9,-89.35,-51.26,462.4,2.438,-189,-11.72,-120.6,-13.69,300.8,-12.21,-111.3,445.8,-147.9,-161.6,57.13,5.374,-174.3,40.53,-27.35,-226.1,-504.4,-1.46,-52.23,-144,-47.37,42.43,-125,-4.919,-235.4,-6.819,113.3,10.24,-127.9,107.4,-57.2,6.851,-13.15,0.5151,-0.04431,0.844,0.1817,-0.6749,0.3222,0.5758,-0.4347,0.4923,0.2808,-0.5982,0.3974,-0.454,-0.5075,-0.4727,-0.7606,-0.1763,-0.3756,-0.5691,-0.36,-0.4173,0.7188,-0.1196,0.6789,0.621,-0.06415,0.7768,0.5578,-0.4889,0.2408,0.3791,-0.6568,0.5252,-0.06916,-0.5209,0.04877,-0.6575,-0.4115,-0.4068,-0.5094,-0.6201,-0.5194,-0.0871,-0.2335,-0.2246
9.36,7.728,-0.6139,1.765,0.1534,-1.405,2.973,-7.24,16.99,4.026,7.023,-3.155,7.019,2.506,0.2307,-46.12,-31.21,-0.6563,3.686,-3.398,5.126,51.73,32.15,33.24,16.31,1.394,-3.231,2.791,0.1966,55.13,37.37,-15.24,17.06,-0.1545,-5.505,1.853,-1.119,-74.62,-6.018,-1.959,-28.05,-6.73,-6.268,-27.24,-13.93,-6.413,10.88,-6.369,-17.02,-106.1,-0.2761,-2.379,-106.8,16.7,-2.484,-163.9,3.315,-20.51,-77.61,-5.885,-0.2483,-79.37,1.853,0.3056,-82.58,35.13,-0.1959,-84.32,-19.88,3.934,-87.84,-34.91,5.968,-79.07,18.15,3.617,-81.87,-19.11,5.125,-81.48,-2.014,-0.6195,-188,27.83,-101.6,-179.2,54.2,63.96,-250,207,-90.33,-86.43,498,0,-210.9,3.906,-108.9,-33.69,320.8,-11.72,-123,458,-159.2,-187,56.15,27.34,-208,33.2,-19.04,-247.5,-476.1,70.31,1,-257.8,-48.37,157.7,-236.3,-56.1,-223.6,71.77,105,22.41,-192.4,-43.44,-57.64,-112.3,8.768,0.5153,-0.04438,0.8438,0.1782,-0.6788,0.3223,0.5691,-0.438,0.4977,0.2734,-0.602,0.4016,-0.4528,-0.5073,-0.4709,-0.762,-0.1733,-0.3695,-0.5723,-0.355,-0.4124,0.7185,-0.1203,0.6792,0.6204,-0.06464,0.7772,0.5584,-0.4904,0.2427,0.3954,-0.6477,0.5149,-0.0622,-0.513,0.04987,-0.6562,-0.4132,-0.407,-0.5076,-0.6208,-0.5223,-0.08875,-0.2341,-0.2241
9.37,7.745,-0.6683,1.749,0.04377,-1.347,2.918,-7.693,17.62,4.484,7.21,-3.791,7.204,2.402,0.2882,-46.31,-30.63,-0.6096,3.584,-3.525,5.14,51.76,31.5,32.93,16.2,1.349,-3.288,3.577,0.31,51.94,37.75,-17.03,17.52,0.4378,-5.245,1.484,-1.33,-74.59,-5.985,-1.953,-27.77,-7.049,-6.801,-26.83,-14.69,-6.978,11.25,-6.681,-18.05,-105.5,-0.08976,-2.536,-106.3,17.52,-2.66,-164,3.53,-21.39,-77.52,-5.964,-0.3012,-79.27,1.791,0.3093,-83.42,34.75,-0.7556,-84.77,-17.07,3.807,-87.9,-33.93,4.954,-78.85,17.97,3.713,-81.68,-19.67,5.027,-81.49,-2.107,-0.4594,-167,32.72,-127.4,-208.5,36.13,69.82,-288.1,163.6,-95.71,-126,516.1,6.84,-217.3,27.34,-92.28,-46.88,351.1,-6.84,-141.6,457.5,-164.6,-219.3,66.89,43.95,-198.2,42.48,-31.73,-226.1,-439.4,72.75,14.15,-356.9,-78.15,296,-167.4,-64.87,-164,-4.389,55.16,-2.389,-172.8,-140.6,-44.85,-164.6,0,0.5155,-0.0445,0.8436,0.1749,-0.6824,0.3222,0.5625,-0.4413,0.5026,0.266,-0.6061,0.4051,-0.4514,-0.5073,-0.4689,-0.7631,-0.1705,-0.3636,-0.5751,-0.3504,-0.4076,0.7179,-0.1211,0.6797,0.62,-0.06513,0.7775,0.5589,-0.4922,0.2448,0.4119,-0.6378,0.5047,-0.05243,-0.5065,0.05121,-0.6552,-0.4147,-0.4073,-0.5058,-0.6214,-0.5253,-0.09003,-0.2351,-0.2238
9.38,7.751,-0.6753,1.749,-0.01539,-1.303,2.833,-8.077,18.2,4.93,7.405,-4.367,7.397,2.299,0.3392,-46.49,-30.06,-0.595,3.495,-3.672,5.181,51.73,30.85,32.53,16.09,1.311,-3.364,4.384,0.3754,48.71,38.15,-18.93,17.96,1.267,-5.115,1.081,-1.478,-74.56,-5.985,-1.934,-27.51,-7.358,-7.305,-26.45,-15.37,-7.514,11.62,-6.906,-19.04,-104.9,0.08636,-2.661,-105.7,18.27,-2.803,-164.2,3.71,-22.22,-77.41,-6.024,-0.3323,-79.16,1.737,0.2871,-84.28,34.28,-1.332,-85.25,-14.3,3.647,-87.94,-33.1,3.661,-78.68,17.8,3.786,-81.54,-20.24,4.973,-81.48,-2.219,-0.3875,-126.9,44.43,-123.5,-222.2,43.46,61.52,-308.6,137.7,-90.82,-173.4,508.8,11.72,-242.2,33.69,-91.31,-52.73,371.6,6.345,-155.3,467.8,-164.1,-233.9,87.41,38.58,-190.4,56.15,-53.22,-204.1,-338.8,53.23,-1.923,-416.5,-99.6,473.7,-12.7,-43.5,-78.6,-14.18,1.936,1.934,-153.8,-80.59,-63.97,-116.2,-2.952,0.5155,-0.0445,0.8436,0.1719,-0.6858,0.3223,0.5567,-0.4441,0.5073,0.2591,-0.6102,0.408,-0.4501,-0.5076,-0.4669,-0.764,-0.1682,-0.3581,-0.5776,-0.3461,-0.403,0.7174,-0.122,0.68,0.6195,-0.06586,0.7777,0.5592,-0.4945,0.2471,0.4281,-0.6277,0.4943,-0.04041,-0.5014,0.05237,-0.6544,-0.4159,-0.4077,-0.5039,-0.6225,-0.5279,-0.09058,-0.236,-0.2238
9.39,7.719,-0.6626,1.707,-0.01058,-1.272,2.757,-8.381,18.78,5.37,7.608,-4.901,7.599,2.205,0.3828,-46.57,-29.48,-0.5902,3.404,-3.838,5.178,51.64,30.14,32.08,16,1.314,-3.448,5.171,0.3943,45.46,38.59,-20.87,18.39,2.218,-5.066,0.6579,-1.609,-74.51,-6.009,-1.923,-27.32,-7.667,-7.786,-26.15,-15.97,-8.028,11.97,-7.052,-19.98,-104.3,0.2508,-2.776,-105.2,19.01,-2.936,-164.3,3.855,-23.01,-77.29,-6.044,-0.3604,-79,1.683,0.2493,-85.06,33.75,-1.845,-85.7,-11.58,3.486,-87.95,-32.35,2.243,-78.51,17.66,3.835,-81.42,-20.83,4.95,-81.46,-2.371,-0.3666,-127.9,36.14,-92.78,-221.2,32.22,64.45,-324.7,126.5,-87.89,-169.4,509.3,10.25,-234.9,45.89,-89.85,-46.38,385.7,-1.958,-157.7,480,-156.3,-231.9,108.4,-2.431,-183.6,93.25,-64.45,-174.3,-208,29.3,-76.69,-455.1,-121.6,756,125.9,-46.42,-63.94,-36.6,-30.27,50.73,-68.82,-20.47,-26.32,12.67,28.81,0.5153,-0.04462,0.8436,0.1693,-0.689,0.3228,0.5517,-0.4463,0.5118,0.2529,-0.6144,0.4105,-0.4488,-0.5078,-0.4651,-0.7648,-0.166,-0.3528,-0.5796,-0.3421,-0.3986,0.7171,-0.1229,0.68,0.619,-0.06696,0.7779,0.5593,-0.497,0.2498,0.4438,-0.6173,0.4839,-0.02753,-0.4969,0.0531,-0.6536,-0.417,-0.4081,-0.5021,-0.6237,-0.5304,-0.0907,-0.2373,-0.2241
9.4,7.662,-0.6347,1.669,-0.01972,-1.22,2.687,-8.607,19.32,5.828,7.755,-5.441,7.742,2.102,0.4321,-46.53,-28.97,-0.5919,3.323,-4.011,5.175,51.5,29.44,31.58,15.91,1.352,-3.565,5.942,0.3416,42.17,39.05,-22.77,18.82,3.121,-5.034,0.1404,-1.681,-74.43,-5.997,-1.905,-27.23,-7.968,-8.23,-25.95,-16.48,-8.502,12.25,-7.135,-20.85,-103.7,0.3969,-2.876,-104.7,19.69,-3.055,-164.5,3.962,-23.74,-77.14,-6.043,-0.4013,-78.82,1.626,0.1837,-85.8,33.16,-2.319,-86.18,-8.878,3.342,-87.86,-31.6,0.8435,-78.41,17.51,3.865,-81.35,-21.42,4.958,-81.43,-2.532,-0.3379,-166.5,34.67,-83.98,-195.8,42.98,62.5,-310.5,151.9,-103.5,-163.6,501,1.953,-228.5,56.15,-98.63,-38.09,392.6,-12.21,-152.3,498,-164.1,-209.5,124,-14.65,-203.6,106.9,-62.99,-174.3,-181.1,-15.14,-156.8,-408.2,-120.1,1148,174.8,-200.7,-56.17,-75.69,20.49,77.12,-11.7,26.84,-2.941,58.04,30.24,0.5154,-0.04486,0.8434,0.1672,-0.6917,0.3238,0.5476,-0.448,0.516,0.2475,-0.6183,0.4127,-0.4477,-0.508,-0.4635,-0.7655,-0.1641,-0.3479,-0.5812,-0.3385,-0.3944,0.717,-0.124,0.6799,0.6185,-0.06836,0.7781,0.5594,-0.4997,0.253,0.4589,-0.6064,0.4734,-0.0152,-0.4922,0.05292,-0.6533,-0.4176,-0.4088,-0.4999,-0.6253,-0.5326,-0.09088,-0.2387,-0.2243
9.41,7.646,-0.6107,1.642,-0.09619,-1.143,2.588,-8.767,19.83,6.318,7.846,-5.998,7.831,1.999,0.4834,-46.38,-28.49,-0.6029,3.245,-4.163,5.163,51.3,28.74,30.99,15.81,1.44,-3.694,6.742,0.2731,38.92,39.54,-24.45,19.29,3.859,-4.938,-0.5151,-1.775,-74.34,-5.939,-1.89,-27.23,-8.265,-8.639,-25.86,-16.93,-8.939,12.47,-7.16,-21.64,-103.1,0.5327,-2.974,-104.2,20.33,-3.172,-164.7,4.031,-24.43,-76.94,-6.063,-0.4727,-78.6,1.587,0.0907,-86.55,32.51,-2.76,-86.7,-6.272,3.189,-87.63,-30.71,-0.479,-78.29,17.38,3.875,-81.27,-22.05,4.922,-81.41,-2.682,-0.2862,-186,46.39,-103,-176.8,42,74.7,-291.5,190.4,-96.67,-132.8,501.5,0.4857,-217.3,70.32,-104.5,-20.03,409.7,-6.84,-155.8,522.5,-162.6,-185.1,127.9,-4.883,-223.1,112.8,-52.26,-207,-165.5,-29.77,-165.5,-316.9,-49.8,1329,256.3,-257.3,-129.9,-80.55,19.55,35.15,28.29,40.54,10.73,87.39,-1.432,0.5158,-0.04523,0.843,0.1657,-0.6941,0.3253,0.5443,-0.4491,0.52,0.2431,-0.622,0.4148,-0.4467,-0.508,-0.4622,-0.7662,-0.1624,-0.3433,-0.5825,-0.3351,-0.3905,0.7166,-0.1256,0.6799,0.6181,-0.07013,0.7782,0.5598,-0.5023,0.2567,0.4735,-0.5954,0.4633,-0.004029,-0.4864,0.05146,-0.6528,-0.4181,-0.4095,-0.4975,-0.6268,-0.5352,-0.09125,-0.2399,-0.2244
9.42,7.716,-0.5749,1.648,-0.1919,-1.046,2.464,-8.871,20.29,6.773,7.935,-6.503,7.917,1.912,0.5366,-46.12,-28.08,-0.6316,3.18,-4.299,5.144,51.1,28.08,30.28,15.67,1.605,-3.877,7.563,0.2573,35.7,40.1,-25.78,19.81,4.313,-4.746,-1.321,-1.908,-74.23,-5.884,-1.873,-27.33,-8.56,-8.982,-25.88,-17.32,-9.307,12.59,-7.158,-22.32,-102.6,0.6613,-3.07,-103.7,20.92,-3.286,-164.9,4.061,-25.06,-76.7,-6.105,-0.5648,-78.39,1.61,-0.0374,-87.31,31.79,-3.143,-87.25,-3.784,2.95,-87.21,-29.6,-1.677,-78.13,17.26,3.918,-81.13,-22.73,4.826,-81.4,-2.828,-0.1928,-197.8,54.69,-141.6,-163.1,57.62,94.24,-272.9,231.4,-110.4,-123.1,512.2,17.09,-199.7,93.75,-107.9,-25.89,404.3,3.904,-171.4,544,-167,-176.7,131.4,35.16,-263.2,120.1,-54.68,-238.8,-121.6,24.41,-104.5,-295.9,-10.75,1612,93.8,-371.1,-133.8,-112.8,30.27,-8.758,-19.04,69.79,-11.76,38.14,5.368,0.5162,-0.04566,0.8426,0.1648,-0.6959,0.3274,0.5417,-0.4499,0.5238,0.2398,-0.6251,0.4168,-0.4459,-0.5079,-0.4612,-0.7669,-0.1607,-0.3392,-0.5834,-0.3321,-0.3869,0.716,-0.1276,0.68,0.618,-0.07221,0.7779,0.5604,-0.5048,0.2614,0.4879,-0.5845,0.4534,0.005493,-0.4787,0.04828,-0.6522,-0.4188,-0.4099,-0.495,-0.628,-0.5383,-0.09198,-0.2412,-0.2245
9.43,7.892,-0.5685,1.666,-0.2833,-0.9298,2.311,-8.938,20.69,7.168,8.05,-6.935,8.028,1.829,0.5894,-45.77,-27.74,-0.6673,3.112,-4.411,5.133,50.88,27.48,29.42,15.48,1.802,-4.018,8.441,0.2735,32.6,40.71,-26.63,20.35,4.503,-4.507,-2.254,-2.104,-74.11,-5.854,-1.856,-27.51,-8.843,-9.271,-26.01,-17.66,-9.618,12.62,-7.141,-22.91,-102.1,0.7879,-3.162,-103.3,21.44,-3.398,-165.1,4.074,-25.63,-76.43,-6.17,-0.6779,-78.15,1.718,-0.1601,-88.1,31,-3.481,-87.83,-1.473,2.559,-86.58,-28.17,-2.807,-77.91,17.18,3.935,-80.91,-23.42,4.685,-81.38,-2.974,-0.09084,-209,39.55,-146.5,-159.7,77.14,102.1,-276.9,253.4,-106,-128.9,531.2,15.62,-208.5,90.33,-106,-26.38,410.7,0,-186,559.1,-162.6,-194.3,122.1,43.46,-259.3,123.5,-87.41,-208.5,-53.72,144,55.69,-304.2,-55.15,1673,36.11,-450.2,-169.9,-70.29,19.55,-98.62,-98.66,-16.6,-4.411,-76.66,-32.75,0.5164,-0.04608,0.8423,0.1644,-0.6973,0.3299,0.5397,-0.4504,0.5273,0.2373,-0.6277,0.4188,-0.4453,-0.5075,-0.4604,-0.7676,-0.1591,-0.3355,-0.584,-0.3293,-0.3836,0.7153,-0.1298,0.6803,0.6185,-0.07441,0.7772,0.5609,-0.5073,0.2666,0.5019,-0.5745,0.4435,0.01386,-0.4686,0.04309,-0.6514,-0.4195,-0.4102,-0.4925,-0.6288,-0.5418,-0.09278,-0.2425,-0.2245
9.44,8.103,-0.5684,1.687,-0.3646,-0.7995,2.152,-8.971,21.01,7.538,8.153,-7.339,8.129,1.742,0.6348,-45.37,-27.48,-0.6995,3.061,-4.489,5.131,50.67,26.97,28.49,15.26,2.04,-4.143,9.198,0.1731,29.71,41.32,-26.92,20.88,4.549,-4.487,-3.187,-2.191,-74,-5.819,-1.833,-27.76,-9.116,-9.523,-26.2,-17.96,-9.888,12.58,-7.115,-23.4,-101.8,0.9121,-3.24,-103,21.89,-3.492,-165.3,4.072,-26.13,-76.16,-6.217,-0.8002,-77.91,1.878,-0.2874,-88.73,30.2,-3.677,-88.29,0.5977,2.033,-85.76,-26.39,-3.861,-77.81,17.12,3.896,-80.85,-24.1,4.699,-81.36,-3.113,-0.06927,-194.8,34.18,-139.2,-170.4,104,112.8,-298.3,266.6,-101.6,-139.6,558.1,34.66,-215.8,83.99,-105.5,-41.99,404.8,0,-195.3,570.8,-165,-218.8,121.1,37.59,-260.3,148,-94.72,-137.2,47.35,186.5,248.5,-372.1,-79.58,1725,-68.4,-655.7,-176.8,-73.26,39.57,-175.3,-85.96,-18.05,3.97,-65.93,-40.08,0.5166,-0.04645,0.842,0.1645,-0.6984,0.3327,0.5381,-0.4507,0.5306,0.2357,-0.6297,0.4208,-0.4452,-0.507,-0.4599,-0.7682,-0.1579,-0.3324,-0.5845,-0.3269,-0.3808,0.7146,-0.1321,0.6804,0.6194,-0.07666,0.7762,0.5605,-0.5099,0.272,0.5145,-0.5663,0.4333,0.02124,-0.4558,0.03601,-0.6504,-0.4199,-0.4105,-0.49,-0.6306,-0.5442,-0.0929,-0.2437,-0.2247
9.45,8.319,-0.5752,1.689,-0.3968,-0.6778,1.997,-8.96,21.3,7.885,8.258,-7.713,8.232,1.654,0.6748,-44.92,-27.25,-0.722,2.999,-4.52,5.123,50.46,26.52,27.5,14.99,2.342,-4.242,9.731,-0.001923,27.09,41.94,-26.7,21.41,4.547,-4.592,-4.054,-2.206,-73.89,-5.798,-1.814,-28.05,-9.388,-9.759,-26.46,-18.21,-10.14,12.48,-7.071,-23.81,-101.4,1.025,-3.313,-102.7,22.28,-3.579,-165.4,4.074,-26.57,-75.89,-6.231,-0.9201,-77.68,2.077,-0.406,-89.08,29.43,-3.646,-88.54,2.41,1.465,-84.82,-24.34,-4.773,-77.79,17.07,3.817,-80.87,-24.76,4.795,-81.32,-3.244,-0.1033,-178.2,27.83,-105.5,-177.7,132.8,117.2,-310,280.8,-111.3,-158.7,566.9,37.6,-225.6,72.27,-102.5,-37.1,408.2,18.07,-199.7,579.6,-166.5,-226.1,129.4,12.69,-235.8,175.3,-89.83,-112.3,164.1,191.9,356.9,-345.7,-88.35,1559,-148.9,-856,-205.5,-66.44,2.928,-184.6,-65.92,41.5,-15.15,26.37,2.416,0.5167,-0.04682,0.8418,0.1649,-0.6993,0.3357,0.5369,-0.451,0.5334,0.2348,-0.6314,0.4226,-0.4452,-0.5063,-0.4596,-0.7687,-0.1568,-0.3296,-0.5849,-0.3249,-0.3782,0.7142,-0.1344,0.6803,0.6205,-0.07892,0.775,0.5589,-0.5125,0.2774,0.5249,-0.56,0.4231,0.02735,-0.4408,0.02741,-0.6495,-0.4203,-0.4109,-0.4874,-0.6329,-0.5459,-0.0926,-0.2447,-0.2251
9.46,8.543,-0.5808,1.716,-0.4136,-0.5715,1.833,-8.898,21.53,8.198,8.34,-8.048,8.313,1.576,0.6876,-44.46,-27.07,-0.7529,2.935,-4.567,5.115,50.26,26.12,26.51,14.7,2.71,-4.323,9.907,-0.1619,24.76,42.59,-26.16,21.99,4.557,-4.716,-4.754,-2.217,-73.78,-5.784,-1.799,-28.36,-9.647,-9.959,-26.75,-18.41,-10.35,12.33,-7.003,-24.16,-101.1,1.122,-3.35,-102.5,22.61,-3.629,-165.6,4.093,-26.92,-75.61,-6.234,-1.029,-77.44,2.295,-0.5165,-89.01,28.7,-3.33,-88.48,3.999,0.9715,-83.81,-22.17,-5.448,-77.74,17.01,3.734,-80.89,-25.47,4.924,-81.26,-3.381,-0.1294,-167.5,18.06,-69.83,-177.3,161.1,130.4,-323.3,287.1,-90.33,-162.6,579.6,52.74,-236.8,54.68,-100.6,-23.44,417,21.49,-196.3,593.3,-150.4,-240.3,118.6,-9.276,-236.3,158.7,-109.9,-131.3,218.3,200.2,329.6,-355.5,-23.44,1281,-297.8,-934.6,-222.6,-34.64,40.05,-26.39,-145.5,24.42,-48.82,40.59,60.03,0.5168,-0.04724,0.8415,0.1654,-0.7,0.3388,0.5362,-0.4513,0.5358,0.2344,-0.6328,0.4244,-0.4456,-0.5056,-0.4596,-0.7692,-0.156,-0.3274,-0.5854,-0.3233,-0.376,0.7138,-0.1367,0.6802,0.6217,-0.08112,0.7737,0.5561,-0.515,0.2826,0.5325,-0.5557,0.4129,0.0315,-0.4246,0.01788,-0.6489,-0.4203,-0.4117,-0.4848,-0.6353,-0.5476,-0.09241,-0.2458,-0.2257
9.47,8.808,-0.5908,1.752,-0.441,-0.4565,1.688,-8.793,21.73,8.478,8.411,-8.353,8.382,1.47,0.7034,-43.94,-26.94,-0.7767,2.863,-4.588,5.092,50.05,25.78,25.55,14.39,3.07,-4.389,9.753,-0.3043,22.68,43.31,-25.51,22.59,4.637,-4.747,-5.137,-2.265,-73.63,-5.779,-1.769,-28.69,-9.896,-10.14,-27.06,-18.55,-10.54,12.18,-6.905,-24.44,-100.9,1.202,-3.369,-102.2,22.89,-3.656,-165.7,4.131,-27.2,-75.31,-6.256,-1.129,-77.19,2.533,-0.6152,-88.55,28.04,-2.84,-88.08,5.396,0.5388,-82.85,-20.08,-5.947,-77.67,16.94,3.655,-80.87,-26.25,4.989,-81.21,-3.555,-0.1202,-165.1,21,-76.66,-160.2,175.3,126.9,-320.3,306.2,-91.8,-161.1,592.8,50.78,-231.4,38.08,-105.5,-8.794,419.4,8.787,-190.9,593.7,-149.9,-249,104,-20.51,-232.9,110.8,-64.95,-161.6,237.3,174.3,340.3,-490.7,-41.53,1133,-612.9,-1030,-261.2,7.292,12.18,72.8,-218.7,11.2,-59.55,-48.35,47.33,0.5168,-0.04773,0.8413,0.166,-0.7005,0.3419,0.5359,-0.4516,0.5377,0.2346,-0.6341,0.4258,-0.4461,-0.505,-0.4597,-0.7697,-0.1552,-0.3255,-0.5859,-0.322,-0.3742,0.7132,-0.1391,0.6801,0.6231,-0.08331,0.7722,0.5525,-0.5178,0.2872,0.5373,-0.5535,0.4022,0.03449,-0.409,0.008606,-0.649,-0.4196,-0.4129,-0.4819,-0.6376,-0.5499,-0.09248,-0.2472,-0.2262
9.48,9.057,-0.5825,1.813,-0.4285,-0.3728,1.558,-8.643,21.88,8.696,8.471,-8.592,8.443,1.369,0.692,-43.4,-26.87,-0.8076,2.793,-4.622,5.086,49.84,25.48,24.61,14.1,3.35,-4.464,9.385,-0.3981,20.84,44.08,-24.78,23.2,4.92,-4.723,-5.205,-2.335,-73.44,-5.798,-1.739,-29.01,-10.12,-10.28,-27.39,-18.62,-10.68,12.01,-6.778,-24.65,-100.6,1.263,-3.35,-102,23.11,-3.642,-165.8,4.19,-27.42,-74.99,-6.261,-1.197,-76.95,2.775,-0.7019,-87.86,27.4,-2.315,-87.45,6.574,0.1847,-82.06,-18.15,-6.437,-77.55,16.9,3.611,-80.78,-27.07,4.983,-81.15,-3.762,-0.1196,-168.5,26.37,-79.6,-132.8,187,126.5,-293,327.1,-91.8,-156.7,597.7,74.22,-196.8,39.55,-107.9,-0.99,409.2,23.44,-185.1,592.3,-146.5,-259.3,73.74,-29.79,-223.6,78.61,-73.74,-161.1,206.6,84.97,350.1,-704.6,-96.18,1085,-831.5,-1107,-265.6,-20.53,1.464,99.07,-192.9,-134.7,-97.64,-106,51.71,0.5166,-0.04834,0.8411,0.1668,-0.7008,0.3449,0.5359,-0.4519,0.5391,0.2352,-0.6352,0.4269,-0.4468,-0.5045,-0.4598,-0.7701,-0.1547,-0.3241,-0.5865,-0.3211,-0.3727,0.7128,-0.1414,0.6799,0.6244,-0.0854,0.7708,0.5483,-0.5211,0.2909,0.5399,-0.5529,0.392,0.03803,-0.3944,4.27E-04,-0.6492,-0.4189,-0.414,-0.4787,-0.6395,-0.5528,-0.09247,-0.2489,-0.2268
9.49,9.251,-0.5863,1.858,-0.3665,-0.2786,1.475,-8.462,22.01,8.872,8.511,-8.785,8.482,1.256,0.7083,-42.88,-26.9,-0.8597,2.696,-4.67,5.085,49.62,25.3,23.7,13.87,3.517,-4.478,8.984,-0.5589,19.2,44.94,-24.05,23.78,5.434,-4.737,-5.029,-2.324,-73.23,-5.821,-1.695,-29.31,-10.33,-10.39,-27.7,-18.65,-10.79,11.85,-6.611,-24.82,-100.4,1.287,-3.333,-101.8,23.26,-3.627,-165.8,4.284,-27.57,-74.71,-6.222,-1.257,-76.72,3.005,-0.7678,-87.13,26.77,-1.878,-86.79,7.583,-0.09449,-81.5,-16.4,-7.015,-77.5,16.91,3.507,-80.76,-27.92,4.993,-81.07,-4.036,-0.147,-171.4,27.34,-74.7,-105.5,186,123,-269.5,346.7,-79.59,-138.2,608.4,93.26,-166.5,56.15,-125.5,12.7,400.9,36.14,-166,599.6,-136.7,-247.6,61.52,-39.07,-232.4,66.89,-117.7,-166.5,147,-53.23,413.1,-904.8,-175.3,917.4,-1027,-1213,-262.2,-60.09,-48.83,128.4,-203.1,-115.7,-97.64,-195.8,40.08,0.5164,-0.04895,0.8409,0.1674,-0.701,0.3476,0.5364,-0.4521,0.5401,0.2362,-0.6364,0.4275,-0.4474,-0.5041,-0.4602,-0.7705,-0.1545,-0.3231,-0.5872,-0.3205,-0.3714,0.7126,-0.1436,0.6794,0.6258,-0.08729,0.7693,0.5439,-0.5249,0.2938,0.5413,-0.553,0.3827,0.04309,-0.3812,-0.005921,-0.6491,-0.4181,-0.4148,-0.4751,-0.6418,-0.5555,-0.09223,-0.2511,-0.2277
9.5,9.343,-0.6131,1.864,-0.2669,-0.1649,1.447,-8.234,22.07,9.027,8.53,-8.957,8.499,1.141,0.7278,-42.42,-27.04,-0.947,2.594,-4.748,5.109,49.46,25.23,22.87,13.72,3.608,-4.479,8.803,-0.6847,17.76,45.88,-23.34,24.37,6.203,-4.835,-4.871,-2.327,-73.01,-5.832,-1.632,-29.52,-10.51,-10.47,-27.95,-18.6,-10.87,11.7,-6.392,-24.94,-100.3,1.305,-3.3,-101.7,23.34,-3.594,-165.8,4.409,-27.67,-74.46,-6.134,-1.312,-76.49,3.183,-0.8033,-86.64,26.14,-1.606,-86.34,8.385,-0.2808,-81.18,-14.88,-7.788,-77.4,16.94,3.433,-80.7,-28.82,4.991,-80.96,-4.353,-0.2692,-164.1,26.86,-96.69,-94.73,179.2,113.3,-245.1,355.5,-61.04,-117.7,620.6,123.5,-165.5,67.39,-107.9,32.73,396.5,15.63,-144,608.9,-140.1,-219.3,70.31,-47.36,-205.6,83.01,-74.22,-230,110.4,-157.2,328.1,-958.5,-150.9,776.7,-1146,-1367,-189.9,-131.9,-41.51,106.5,-127.4,-145.1,-80.58,-140.6,42.95,0.5163,-0.0495,0.8406,0.1677,-0.7012,0.3497,0.5371,-0.4523,0.5406,0.2374,-0.6376,0.4276,-0.4481,-0.5038,-0.4605,-0.7708,-0.1545,-0.3225,-0.5881,-0.3203,-0.3704,0.7128,-0.1455,0.6787,0.6268,-0.08893,0.7682,0.5395,-0.529,0.2962,0.5426,-0.5525,0.3757,0.05042,-0.3699,-0.01056,-0.6494,-0.4169,-0.4155,-0.4714,-0.6441,-0.5585,-0.09119,-0.2536,-0.2288
9.51,9.412,-0.6522,1.854,-0.1775,-0.05832,1.44,-7.957,22.07,9.167,8.513,-9.106,8.48,1.073,0.758,-42.04,-27.26,-1.097,2.474,-4.868,5.149,49.31,25.27,22.11,13.58,3.599,-4.463,8.953,-0.8632,16.65,46.84,-22.68,24.92,7.12,-5.024,-4.849,-2.264,-72.79,-5.824,-1.572,-29.66,-10.67,-10.51,-28.13,-18.49,-10.89,11.58,-6.109,-25.02,-100.3,1.295,-3.274,-101.7,23.33,-3.565,-165.8,4.551,-27.69,-74.23,-6.038,-1.362,-76.25,3.348,-0.8195,-86.52,25.55,-1.587,-86.21,8.904,-0.4772,-81.03,-13.68,-8.791,-77.36,16.98,3.345,-80.71,-29.74,5.031,-80.84,-4.727,-0.4503,-133.8,28.32,-129.4,-104,161.6,95.7,-235.8,333,-59.09,-114.3,625,159.7,-168,89.85,-95.21,39.08,389.2,19.05,-126.5,600.6,-127.9,-186.5,89.84,-47.36,-149.4,67.39,-47.85,-220.2,79.1,-197.3,227.5,-808.1,-168,476.4,-945.8,-1483,-144,-98.17,-87.41,94.75,-25.39,-103.6,-38.09,-19.52,75.15,0.5163,-0.05011,0.8401,0.1676,-0.7012,0.3514,0.5381,-0.4525,0.5406,0.239,-0.639,0.4271,-0.4488,-0.5034,-0.4611,-0.771,-0.1548,-0.3226,-0.589,-0.3205,-0.3697,0.713,-0.1472,0.6779,0.6277,-0.09046,0.7671,0.5357,-0.533,0.298,0.5445,-0.5518,0.3715,0.05988,-0.3614,-0.01398,-0.6499,-0.4156,-0.4163,-0.4674,-0.6466,-0.5612,-0.08966,-0.2565,-0.2303
9.52,9.488,-0.6712,1.852,-0.1073,0.03139,1.404,-7.633,21.99,9.267,8.501,-9.213,8.468,1.027,0.7634,-41.74,-27.55,-1.296,2.388,-5.017,5.217,49.16,25.4,21.43,13.48,3.492,-4.472,9.468,-1.035,15.84,47.84,-22.32,25.43,7.816,-5.193,-5.08,-2.182,-72.58,-5.829,-1.51,-29.74,-10.82,-10.52,-28.28,-18.32,-10.89,11.47,-5.754,-25.06,-100.4,1.29,-3.222,-101.7,23.24,-3.506,-165.8,4.692,-27.64,-73.99,-5.972,-1.395,-76.02,3.489,-0.8378,-86.8,24.98,-1.846,-86.43,9.142,-0.714,-80.94,-13.06,-9.725,-77.31,17.03,3.282,-80.71,-30.68,5.055,-80.71,-5.161,-0.628,-96.67,29.78,-139.2,-131.4,148.4,116.7,-231.4,342.3,-66.41,-100.6,627,183.6,-179.7,102.5,-66.41,56.14,405.8,2.925,-104,600.6,-114.7,-159.2,100.6,-38.09,-98.15,82.51,-90.34,-233.4,63,-153.3,188.5,-586.5,-271.5,351.5,-490.3,-1354,-142.6,-54.22,-66.4,92.82,-18.04,-48.84,-66.47,49.25,101.1,0.5162,-0.0506,0.8398,0.1672,-0.7011,0.3527,0.5395,-0.4527,0.5401,0.241,-0.6406,0.426,-0.45,-0.5028,-0.4618,-0.7711,-0.1553,-0.3231,-0.5898,-0.3209,-0.3695,0.7131,-0.1489,0.6773,0.6284,-0.09199,0.7661,0.5328,-0.5372,0.2992,0.5473,-0.5507,0.3701,0.0683,-0.3574,-0.0163,-0.6506,-0.4142,-0.4171,-0.4633,-0.6492,-0.564,-0.08814,-0.26,-0.2318
9.53,9.557,-0.6519,1.868,-0.04329,0.09661,1.327,-7.268,21.87,9.351,8.457,-9.302,8.425,0.9693,0.7494,-41.47,-27.84,-1.493,2.318,-5.16,5.269,49.02,25.56,20.83,13.43,3.313,-4.536,10.26,-1.164,15.3,48.91,-22.45,25.95,8.017,-5.249,-5.549,-2.159,-72.38,-5.838,-1.458,-29.8,-10.94,-10.54,-28.4,-18.08,-10.89,11.38,-5.344,-25.06,-100.5,1.259,-3.147,-101.7,23.09,-3.42,-165.8,4.823,-27.51,-73.71,-5.916,-1.417,-75.77,3.613,-0.8846,-87.38,24.44,-2.331,-86.94,9.15,-0.826,-80.92,-13.16,-10.16,-77.2,17.11,3.256,-80.64,-31.68,5.003,-80.6,-5.648,-0.7548,-101.1,21.48,-100.1,-132.3,132.3,134.3,-242.7,334.5,-41.99,-95.72,605,175.3,-180.7,81.06,-37.6,62.98,409.2,28.32,-78.11,593.3,-114.7,-140.1,102.1,-53.72,-53.22,79.11,-105.5,-149.9,92.27,-107.9,218.2,-462.4,-238.7,427.3,-314.9,-1326,-146,1.485,-83.02,129.9,-139.2,81.55,-63.53,60.11,68.89,0.5161,-0.05115,0.8395,0.1669,-0.7011,0.3537,0.5414,-0.4525,0.5391,0.2433,-0.6423,0.4244,-0.4514,-0.5023,-0.4629,-0.7712,-0.1561,-0.3242,-0.5905,-0.3217,-0.3698,0.7131,-0.1508,0.6767,0.629,-0.09381,0.7652,0.5309,-0.5413,0.2997,0.5501,-0.5487,0.3717,0.07184,-0.3586,-0.01685,-0.6514,-0.4129,-0.4175,-0.4588,-0.6514,-0.5674,-0.08698,-0.2639,-0.2331
9.54,9.57,-0.6148,1.897,0.009619,0.1694,1.216,-6.871,21.74,9.441,8.337,-9.399,8.306,0.9028,0.7232,-41.25,-28.09,-1.686,2.284,-5.287,5.311,48.89,25.72,20.25,13.45,3.079,-4.61,11.11,-1.239,14.92,50.04,-23.06,26.43,7.71,-5.183,-6.055,-2.198,-72.2,-5.816,-1.406,-29.83,-11.03,-10.56,-28.51,-17.78,-10.89,11.29,-4.894,-25,-100.5,1.197,-3.039,-101.7,22.9,-3.298,-165.7,4.928,-27.31,-73.42,-5.838,-1.451,-75.51,3.701,-0.9604,-88.02,23.86,-2.909,-87.52,8.959,-0.7862,-80.97,-13.93,-10.02,-77.04,17.22,3.225,-80.48,-32.71,4.86,-80.52,-6.188,-0.8293,-105,31.25,-83.01,-137.2,97.66,142.1,-252.9,346.2,-41.51,-87.39,597.7,178.2,-170.9,60.55,-39.07,62.49,407.2,14.16,-60.54,585.9,-100.6,-111.8,78.62,-95.7,-23.92,70.32,-128.9,-106.5,117.2,-58.12,145.5,-411.6,-80.58,523.8,-528.9,-1260,-210,63.94,-79.1,88.38,-156.8,-1.934,12.21,29.34,37.58,0.5162,-0.05164,0.8391,0.1666,-0.7012,0.3544,0.5437,-0.4524,0.5376,0.246,-0.644,0.4223,-0.4533,-0.5016,-0.4644,-0.7713,-0.1569,-0.3257,-0.5911,-0.3226,-0.3707,0.7131,-0.1529,0.6759,0.6293,-0.09583,0.7646,0.5301,-0.5454,0.3004,0.5521,-0.5465,0.3755,0.06995,-0.3646,-0.01544,-0.6517,-0.4117,-0.4175,-0.4542,-0.6532,-0.5714,-0.08619,-0.2683,-0.2341
9.55,9.517,-0.6231,1.93,0.06445,0.2675,1.075,-6.492,21.6,9.472,8.155,-9.439,8.125,0.8117,0.7121,-41.06,-28.3,-1.867,2.298,-5.376,5.333,48.77,25.89,19.7,13.56,2.822,-4.632,12.04,-1.381,14.69,51.24,-24,26.94,7.07,-5.111,-6.46,-2.21,-72.03,-5.786,-1.355,-29.86,-11.05,-10.56,-28.61,-17.42,-10.86,11.21,-4.431,-24.85,-100.6,1.081,-2.916,-101.7,22.65,-3.16,-165.5,4.983,-27.03,-73.11,-5.751,-1.514,-75.24,3.731,-1.018,-88.73,23.24,-3.501,-88.17,8.564,-0.7846,-81.14,-15.24,-9.647,-76.94,17.37,3.138,-80.35,-33.76,4.69,-80.44,-6.735,-0.9214,-115.2,27.83,-70.32,-129.9,68.36,131.3,-257.8,353.5,-30.28,-86.43,571.8,172.8,-164.1,44.44,-47.36,63.97,372.6,-3.904,-51.76,570.3,-96.67,-102.1,57.13,-133.8,-22.96,70.32,-138.2,-38.55,120.6,43.45,121.1,-396.5,80.58,748.7,-718.8,-1160,-245.6,68.87,-40.52,-49.36,-32.73,-62.54,48.82,48.35,-27.82,0.5164,-0.05207,0.8387,0.1666,-0.7011,0.3546,0.5462,-0.4523,0.5355,0.249,-0.6453,0.4198,-0.4553,-0.5009,-0.4666,-0.7713,-0.158,-0.3277,-0.5913,-0.3237,-0.3725,0.7132,-0.1552,0.6751,0.6292,-0.09772,0.7642,0.5301,-0.5493,0.3017,0.5538,-0.5451,0.3803,0.0658,-0.3747,-0.01227,-0.652,-0.4102,-0.4177,-0.4492,-0.6551,-0.5754,-0.08521,-0.2727,-0.2351
9.56,9.401,-0.675,1.948,0.1116,0.3698,0.909,-6.093,21.43,9.493,7.924,-9.465,7.894,0.7392,0.7069,-40.87,-28.5,-2.029,2.375,-5.412,5.334,48.63,26.07,19.17,13.68,2.628,-4.655,12.83,-1.634,14.66,52.43,-25.03,27.46,6.514,-5.047,-6.518,-2.141,-71.88,-5.732,-1.314,-29.91,-11.04,-10.53,-28.75,-17.03,-10.81,11.14,-3.968,-24.59,-100.6,0.9369,-2.796,-101.7,22.34,-3.023,-165.3,4.958,-26.67,-72.8,-5.647,-1.594,-74.95,3.719,-1.047,-89.24,22.61,-3.907,-88.61,7.979,-0.8122,-81.44,-16.83,-9.342,-76.92,17.49,3.047,-80.33,-34.84,4.583,-80.36,-7.303,-0.9777,-124,29.3,-81.55,-129.9,50.77,134.3,-260.3,350.6,-31.74,-91.32,547.4,171.4,-165,31.74,-46.88,48.83,351.1,11.23,-54.68,561.5,-72.26,-102.5,64.93,-141.6,-46.87,86.92,-112.8,-40.03,160.6,171.4,142.1,-352.1,174.8,756.7,-605.5,-1078,-227.5,86.42,14.17,-109.9,-37.63,-20.47,0,-15.12,31.76,0.5168,-0.05249,0.8382,0.1669,-0.7009,0.3549,0.5488,-0.4526,0.5328,0.2525,-0.6462,0.417,-0.4575,-0.5,-0.4692,-0.7713,-0.1591,-0.3302,-0.591,-0.325,-0.375,0.7133,-0.1577,0.6742,0.6289,-0.09949,0.764,0.5302,-0.5526,0.3037,0.554,-0.5456,0.385,0.06238,-0.3869,-0.007874,-0.6528,-0.4084,-0.4182,-0.4437,-0.6575,-0.579,-0.08454,-0.2774,-0.236
9.57,9.331,-0.7191,1.953,0.08032,0.4603,0.7249,-5.664,21.2,9.512,7.635,-9.488,7.604,0.6904,0.7044,-40.65,-28.7,-2.166,2.52,-5.401,5.376,48.44,26.29,18.62,13.75,2.514,-4.66,13.36,-1.933,14.84,53.63,-26.01,28.01,6.279,-4.998,-6.291,-2.043,-71.75,-5.639,-1.263,-30.01,-11.03,-10.43,-28.94,-16.6,-10.69,11.07,-3.524,-24.23,-100.7,0.7806,-2.659,-101.7,21.96,-2.867,-165,4.869,-26.27,-72.48,-5.58,-1.653,-74.65,3.714,-1.063,-89.45,22.01,-4.105,-88.79,7.199,-0.8005,-81.79,-18.6,-9.249,-76.94,17.58,2.939,-80.33,-35.96,4.481,-80.26,-7.88,-1.051,-126,28.81,-80.56,-138.2,82.03,156.2,-269.1,331.5,-32.22,-83,534.7,173.8,-156.7,24.91,-42.97,29.79,332.5,0,-54.19,558.1,-75.69,-106,80.07,-135.7,-37.61,103,-103.5,-12.69,190.4,201.2,107.5,-460.4,277.4,668.5,-499,-972.2,-192.4,41.52,6.328,-101.1,-40.99,25.87,-74.26,5.429,104,0.5174,-0.0528,0.8375,0.1676,-0.7002,0.3554,0.5516,-0.4531,0.5294,0.2563,-0.6466,0.4137,-0.4599,-0.4989,-0.4721,-0.771,-0.1606,-0.3331,-0.5904,-0.3262,-0.3783,0.7132,-0.16,0.6735,0.6286,-0.1013,0.7638,0.5301,-0.5554,0.3063,0.5521,-0.548,0.3897,0.06079,-0.4006,-0.003235,-0.6541,-0.4062,-0.4192,-0.4379,-0.6601,-0.5826,-0.08374,-0.2821,-0.2371
9.58,9.326,-0.7333,1.949,-0.02164,0.5021,0.503,-5.206,20.95,9.531,7.297,-9.509,7.264,0.6662,0.6995,-40.42,-28.9,-2.272,2.733,-5.345,5.421,48.2,26.56,18.06,13.8,2.413,-4.657,13.8,-2.231,15.25,54.83,-26.86,28.5,6.349,-4.917,-5.988,-1.987,-71.65,-5.525,-1.218,-30.16,-11.02,-10.31,-29.19,-16.14,-10.54,11.03,-3.091,-23.79,-100.7,0.5982,-2.51,-101.7,21.52,-2.698,-164.7,4.714,-25.81,-72.16,-5.561,-1.672,-74.32,3.728,-1.067,-89.52,21.43,-4.226,-88.84,6.207,-0.809,-82.06,-20.44,-9.454,-76.93,17.65,2.834,-80.29,-37.08,4.36,-80.19,-8.523,-1.101,-108.9,29.78,-62.51,-131.4,136.7,147.5,-257.3,306.2,-51.76,-74.7,524.4,169.4,-156.2,17.1,-35.15,16.6,321.8,19.53,-85.44,524.9,-61.52,-126.9,99.11,-102.1,-31.73,115.2,-110.8,-79.61,181.6,172.4,41,-582,277.9,816.8,98.7,-887.2,-139.6,-39.09,-3.4,20.47,26.84,16.6,-48.82,45.37,100.6,0.5183,-0.05304,0.8368,0.1684,-0.6993,0.3562,0.5545,-0.4538,0.5256,0.2603,-0.6466,0.4101,-0.4624,-0.4979,-0.4752,-0.7705,-0.1625,-0.3364,-0.5894,-0.3273,-0.3824,0.7129,-0.1621,0.6731,0.6284,-0.1031,0.7634,0.5305,-0.5578,0.3093,0.5489,-0.552,0.3947,0.06147,-0.4152,6.71E-04,-0.6554,-0.4039,-0.4204,-0.4321,-0.6624,-0.5863,-0.08307,-0.2873,-0.2379
9.59,9.345,-0.7106,1.954,-0.1318,0.4983,0.2736,-4.703,20.67,9.543,6.896,-9.521,6.863,0.6618,0.6738,-40.16,-29.05,-2.326,3.022,-5.247,5.467,47.94,26.76,17.49,13.83,2.273,-4.607,14.23,-2.542,15.82,56.06,-27.57,28.91,6.186,-4.801,-6.226,-1.936,-71.55,-5.397,-1.177,-30.33,-11,-10.15,-29.48,-15.63,-10.35,11.01,-2.685,-23.25,-100.8,0.3857,-2.321,-101.6,21.04,-2.487,-164.4,4.478,-25.3,-71.82,-5.537,-1.649,-73.99,3.772,-1.069,-89.59,20.85,-4.379,-88.85,5.071,-0.8483,-81.69,-22.25,-9.665,-76.92,17.74,2.679,-80.21,-38.23,4.213,-80.11,-9.269,-1.131,-90.34,28.32,-21,-126,174.8,130.9,-241.2,283.2,-62.5,-61.51,488.3,182.1,-157.2,-14.65,-40.04,19.04,319.3,20.02,-79.12,519,-65.92,-136.2,131.4,-82.03,-28.32,153.8,-126,-60.53,89.84,181.1,15.15,-712.9,296.9,1509,2220,2364,-86.43,-152.9,97.66,193.4,-38.54,37.07,-126.9,25.34,193.3,0.5192,-0.05335,0.8361,0.1694,-0.6981,0.3571,0.5578,-0.4546,0.5211,0.2644,-0.646,0.4062,-0.4651,-0.497,-0.4786,-0.7698,-0.1649,-0.3399,-0.5879,-0.3286,-0.3872,0.7125,-0.1641,0.6726,0.6283,-0.105,0.7628,0.5319,-0.5598,0.3125,0.545,-0.5568,0.4001,0.05994,-0.4297,-3.66E-04,-0.6569,-0.4011,-0.422,-0.4262,-0.6646,-0.5901,-0.08252,-0.2934,-0.2388
9.6,9.299,-0.696,2.022,-0.1953,0.4921,0.0338,-4.156,20.36,9.57,6.415,-9.548,6.383,0.6549,0.6442,-39.88,-29.22,-2.333,3.362,-5.125,5.543,47.68,26.93,16.95,13.86,2.196,-4.543,14.46,-2.776,16.58,57.32,-26.91,29.23,3.913,-4.636,-7.614,-1.942,-71.42,-5.246,-1.132,-30.5,-10.98,-9.987,-29.76,-15.07,-10.15,11.01,-2.299,-22.64,-100.8,0.1276,-2.098,-101.6,20.47,-2.239,-164,4.172,-24.73,-71.44,-5.442,-1.621,-73.68,3.82,-1.063,-89.45,20.34,-4.39,-88.68,3.797,-0.8419,-80.01,-22.77,-8.051,-76.86,17.83,2.542,-80.06,-39.41,4.026,-80.04,-10.12,-1.129,-54.68,34.67,0,-103.5,214.4,125,-217.3,263.7,-64.94,-50.79,442.9,169.9,-109.9,-30.27,-65.43,29.79,319.3,37.1,-71.79,520.5,-57.13,-135.2,139.7,-36.61,0.9821,142.6,-133.3,-4.378,-92.76,191.4,-194.8,-428.7,97.18,8297,90.28,1667,-37.1,-157.7,63.99,278.3,-53.23,79.14,-76.17,-48.86,104.5,0.5203,-0.05378,0.8351,0.1704,-0.6969,0.358,0.5612,-0.4553,0.5164,0.2687,-0.6452,0.4021,-0.4677,-0.4963,-0.4821,-0.7689,-0.1675,-0.3441,-0.5859,-0.33,-0.3924,0.7126,-0.1664,0.6716,0.6284,-0.1067,0.7622,0.5327,-0.5615,0.3157,0.5396,-0.5628,0.4056,0.03906,-0.4329,-0.01251,-0.6583,-0.3984,-0.4234,-0.4204,-0.6665,-0.5942,-0.08216,-0.3004,-0.2396
9.61,9.171,-0.6664,2.177,-0.2183,0.4488,-0.2147,-3.577,20.02,9.606,5.872,-9.584,5.842,0.6598,0.596,-39.59,-29.47,-2.312,3.724,-4.97,5.639,47.48,27.13,16.45,13.94,2.151,-4.41,13.81,-2.935,17.55,58.63,-19.79,29.5,1.4,-4.44,-7.641,-2.003,-71.24,-5.069,-1.114,-30.63,-10.94,-9.82,-30.01,-14.46,-9.958,10.99,-1.922,-21.96,-100.8,-0.1664,-1.862,-101.5,19.85,-1.98,-163.7,3.834,-24.12,-71.02,-5.281,-1.583,-73.4,3.85,-1.066,-88.42,19.92,-4.063,-87.64,2.404,-0.9582,-79.31,-17.09,-4.777,-76.75,17.93,2.349,-79.81,-40.63,3.778,-79.95,-11.07,-1.124,1.941,45.9,23.92,-51.74,250,131.8,-171.4,283.2,-88.87,-14.15,401.4,151.9,-41.98,-57.61,-87.89,81.06,295.4,18.07,-18.05,525.4,-55.18,-113.3,101.1,-54.21,7.325,85.94,-76.66,9.784,-288.6,207.5,-122.1,471.7,-396,-1715,-3337,-1020,-32.25,-212.4,83.96,264.7,48.78,15.15,-91.32,40.07,220.2,0.5215,-0.05463,0.8341,0.1712,-0.6958,0.3586,0.5651,-0.4557,0.5114,0.2733,-0.6438,0.3978,-0.4703,-0.4958,-0.4858,-0.768,-0.1704,-0.3486,-0.5836,-0.3316,-0.398,0.7129,-0.169,0.6701,0.6283,-0.1083,0.7618,0.5323,-0.5635,0.3183,0.5298,-0.5737,0.4074,0.01569,-0.3848,-0.02124,-0.6593,-0.3955,-0.4251,-0.4146,-0.668,-0.5987,-0.08179,-0.3082,-0.2405
9.62,8.993,-0.6383,2.384,-0.2429,0.4065,-0.4434,-2.997,19.66,9.665,5.239,-9.645,5.211,0.642,0.5471,-39.36,-29.72,-2.244,4.075,-4.774,5.741,47.38,27.33,15.97,14.04,2.044,-4.188,13.83,-3.059,18.6,60,-13.59,29.64,1.505,-4.179,-6.601,-2.078,-71.04,-4.845,-1.097,-30.69,-10.85,-9.67,-30.17,-13.81,-9.781,10.98,-1.573,-21.21,-100.9,-0.4959,-1.603,-101.4,19.16,-1.697,-163.3,3.49,-23.45,-70.59,-5.076,-1.543,-73.17,3.874,-1.069,-88.17,19.46,-4.053,-87.35,0.8984,-0.9773,-80.35,-12.49,-3.982,-76.66,18.05,2.075,-79.53,-41.89,3.543,-79.86,-12.18,-1.031,41,62.01,12.2,-9.27,266.6,136.7,-123,321.3,-112.3,25.38,380.4,151.9,16.11,-59.08,-102.5,164.5,252.4,-9.282,87.9,516.1,-40.54,-63.47,36.12,-118.6,15.14,15.62,-13.17,263.7,-299.3,196.8,285.6,1527,-225.6,-4444,-824.7,1639,-36.6,-249.5,72.25,313.9,95.21,39.09,-129.4,3.878,357.4,0.5231,-0.05561,0.8327,0.1719,-0.6949,0.3585,0.5692,-0.4559,0.5064,0.2781,-0.6421,0.3935,-0.4726,-0.4955,-0.4896,-0.767,-0.1732,-0.3538,-0.5811,-0.3335,-0.4039,0.7135,-0.1716,0.6684,0.6283,-0.1096,0.7614,0.5294,-0.5669,0.3192,0.5227,-0.5811,0.4133,0.01807,-0.3468,-0.01532,-0.6598,-0.3923,-0.427,-0.4087,-0.6694,-0.6031,-0.0821,-0.3173,-0.2414
9.63,8.803,-0.6029,2.558,-0.2381,0.3502,-0.5806,-2.431,19.24,9.666,4.594,-9.647,4.566,0.637,0.5038,-39.22,-30.02,-2.175,4.466,-4.567,5.836,47.39,27.56,15.45,14.16,2.056,-3.857,14.04,-3.096,19.33,61.45,-11.09,29.61,3.943,-3.87,-6.436,-2.249,-70.84,-4.634,-1.083,-30.65,-10.72,-9.499,-30.24,-13.12,-9.584,10.97,-1.244,-20.41,-101,-0.8505,-1.335,-101.4,18.39,-1.406,-163,3.08,-22.7,-70.25,-4.857,-1.483,-72.99,3.901,-1.057,-88.16,18.98,-3.966,-87.45,-0.3045,-0.2076,-80.84,-11.3,-5.448,-76.52,18.18,1.735,-79.14,-43.22,3.278,-79.79,-13.53,-0.8698,69.82,60.54,-15.14,43.96,280.8,128.9,-70.8,369.1,-110.4,42,349.1,159.2,48.35,-58.59,-99.61,217.8,208,-6.84,171.9,461.4,-42.48,9.748,-5.374,-62.01,65.92,-65.91,77.14,468.3,-261.7,70.81,-31.77,1526,460,1431,2268,1225,-86.93,-344.8,43.96,656.3,11.7,73.25,-310.1,4.395,624,0.5246,-0.05664,0.8315,0.1722,-0.6939,0.3576,0.5733,-0.456,0.5013,0.283,-0.6399,0.3889,-0.4747,-0.4953,-0.4935,-0.7659,-0.1761,-0.3598,-0.5781,-0.3358,-0.4104,0.7143,-0.1737,0.6665,0.6283,-0.1105,0.7611,0.5245,-0.5705,0.3203,0.5156,-0.5824,0.4232,0.03351,-0.3387,-0.01386,-0.6604,-0.3884,-0.4295,-0.4028,-0.6707,-0.6078,-0.08277,-0.3284,-0.2421
9.64,8.577,-0.5849,2.784,-0.2159,0.2671,-0.6828,-1.922,18.76,9.563,3.994,-9.543,3.97,0.642,0.4434,-39.18,-30.38,-2.121,4.967,-4.355,5.891,47.47,27.79,14.91,14.38,1.967,-3.456,14.14,-3,19.41,62.99,-7.51,29.23,3.439,-3.351,-6.219,-2.544,-70.62,-4.472,-1.078,-30.51,-10.53,-9.309,-30.19,-12.43,-9.372,10.99,-0.9314,-19.58,-101.1,-1.201,-1.054,-101.5,17.55,-1.105,-162.6,2.536,-21.85,-69.93,-4.672,-1.401,-72.89,3.859,-1.007,-88.08,18.4,-3.872,-87.39,-0.9727,-0.1672,-81.08,-8.414,-4.532,-76.31,18.34,1.406,-78.6,-44.61,2.851,-79.79,-15.3,-0.5476,93.74,49.31,7.322,86.43,289.1,110.8,-19.06,414.1,-134.8,79.6,333,167,83.99,-13.19,-80.07,244.6,151.4,-25.39,217.3,397.4,-31.74,127.4,-69.82,51.75,115.7,-115.2,209.5,427.7,49.3,65.42,189.9,1143,169.9,-1292,99.16,-85.46,-64.44,-429.7,-92.27,1171,-185.5,-51.25,-443.8,52.74,819.8,0.5257,-0.05774,0.8304,0.1724,-0.6931,0.3559,0.5773,-0.4562,0.496,0.2877,-0.6377,0.3843,-0.4768,-0.4953,-0.4972,-0.7648,-0.1789,-0.3663,-0.5741,-0.3386,-0.4177,0.715,-0.1754,0.665,0.628,-0.1107,0.7612,0.5227,-0.5728,0.3235,0.5125,-0.5851,0.4263,0.02979,-0.3141,-0.01276,-0.6612,-0.3842,-0.4319,-0.3967,-0.6712,-0.6133,-0.08435,-0.343,-0.2421
9.65,8.426,-0.5953,3.076,-0.3496,0.1625,-0.711,-1.479,18.21,9.43,3.371,-9.41,3.35,0.6275,0.375,-39.23,-30.79,-2.102,5.611,-4.158,5.879,47.64,27.99,14.4,14.78,1.732,-3.001,13.73,-2.785,19.19,64.65,-5.176,28.34,2.288,-2.604,-5.144,-2.923,-70.39,-4.289,-1.063,-30.26,-10.28,-9.111,-30.03,-11.74,-9.157,11.05,-0.6126,-18.76,-101.2,-1.542,-0.7515,-101.5,16.67,-0.7842,-162.3,1.827,-20.88,-69.67,-4.623,-1.284,-72.89,3.759,-0.8942,-87.56,17.8,-3.684,-86.81,-1.359,-0.8095,-81.56,-6.434,-3.688,-76.07,18.61,1.125,-77.94,-46.02,2.275,-79.88,-17.59,-0.01634,176.3,41.5,30.28,142.1,269.5,97.66,28.8,433.1,-148.4,123.1,302.7,170.9,133.8,45.41,-35.64,275.9,101.1,-25.39,232.9,335.4,15.62,282.7,-142.1,105.5,147,-178.7,340.8,145,552.3,-245.1,1136,920.4,-589.3,20.04,957,557.2,42,-624,-145.5,1749,-286.2,-106,-522,-75.24,880.8,0.5269,-0.0589,0.8292,0.1722,-0.6923,0.3533,0.5809,-0.4566,0.4906,0.2923,-0.6355,0.3795,-0.4788,-0.4954,-0.5006,-0.7637,-0.1817,-0.3733,-0.5686,-0.3419,-0.426,0.715,-0.1765,0.6643,0.6274,-0.1097,0.7617,0.5255,-0.5731,0.3293,0.5106,-0.5916,0.4227,0.02618,-0.2968,-0.008789,-0.6625,-0.3795,-0.4336,-0.3902,-0.6714,-0.6192,-0.0871,-0.3618,-0.2415
9.66,8.475,-0.6328,3.431,-0.6844,0.04682,-0.6883,-1.125,17.62,9.223,2.742,-9.204,2.728,0.607,0.2726,-39.39,-31.14,-2.148,6.36,-3.992,5.793,47.92,28.08,13.99,15.34,1.275,-2.471,13.02,-2.59,19.25,66.46,-3.042,26.86,0.8067,-1.753,-3.886,-3.315,-70.14,-4.118,-1.043,-29.91,-9.97,-8.891,-29.73,-11.08,-8.923,11.1,-0.2869,-17.98,-101.3,-1.869,-0.4038,-101.5,15.75,-0.4195,-162,0.9967,-19.8,-69.44,-4.789,-1.148,-73,3.648,-0.7376,-86.83,17.28,-3.609,-85.98,-1.941,-1.444,-82,-4.874,-2.59,-75.94,19.05,0.7996,-77.34,-47.4,1.664,-80.07,-20.44,0.6881,318.4,37.11,20.51,223.2,264.2,74.7,105.9,444.8,-170.9,204.1,278.8,180.2,199.7,114.7,16.6,312,75.2,-28.32,233.9,324.2,67.87,427.3,-199.7,166.5,216.3,-272.9,486.3,313.5,1057,-243.2,1103,1055,-1184,-375.8,-35.2,869.7,201.2,-724.1,-134.8,2076,-230,-273.9,-533.2,-76.14,916,0.528,-0.06006,0.828,0.1717,-0.6916,0.3497,0.584,-0.4572,0.4849,0.2968,-0.6335,0.3747,-0.481,-0.4956,-0.504,-0.7624,-0.1844,-0.3808,-0.5621,-0.3458,-0.435,0.7138,-0.177,0.6649,0.6269,-0.108,0.7623,0.5296,-0.5733,0.3343,0.5065,-0.5999,0.4191,0.01978,-0.2825,-0.004151,-0.6636,-0.3745,-0.4343,-0.3832,-0.6716,-0.6248,-0.09052,-0.3852,-0.2401
9.67,8.642,-0.6538,3.903,-1.15,-0.1073,-0.6804,-0.8557,16.97,8.931,2.131,-8.914,2.126,0.5695,0.1482,-39.69,-31.41,-2.242,7.14,-3.865,5.615,48.32,28.04,13.91,16.15,0.6362,-1.92,11.58,-2.486,19.99,68.46,-0.9537,24.79,-0.7072,-0.8749,-2.136,-3.587,-69.92,-3.972,-1.015,-29.43,-9.586,-8.663,-29.3,-10.43,-8.686,11.17,0.05153,-17.24,-101.4,-2.181,-0.02803,-101.4,14.79,-0.02887,-161.9,0.1024,-18.61,-69.22,-5.111,-0.9701,-73.22,3.5,-0.5584,-85.49,17.06,-3.553,-84.53,-2.903,-1.919,-82.36,-3.782,-1.355,-76.03,19.68,0.4393,-76.95,-48.77,1.144,-80.35,-23.89,1.542,455.1,30.28,8.309,323.2,241.7,51.75,203.1,439,-182.1,297.3,242.2,191.4,273,140.1,62.5,367.7,45.91,-41.99,280.7,337.4,66.89,583,-286.1,331.1,268.1,-400.4,545.4,796.4,1371,-335.9,1977,801.3,-39.05,-613.7,-1288,1006,401.4,-899,-100.6,2152,-316.4,-256.8,-637.8,-154.4,1007,0.529,-0.06104,0.827,0.171,-0.691,0.3451,0.5867,-0.4581,0.479,0.3011,-0.6316,0.37,-0.4838,-0.4954,-0.5076,-0.761,-0.1871,-0.3886,-0.5547,-0.3507,-0.4443,0.7117,-0.1771,0.6666,0.6263,-0.1054,0.7632,0.5318,-0.575,0.335,0.4969,-0.6115,0.4157,0.01141,-0.272,4.88E-04,-0.6648,-0.3691,-0.4335,-0.3754,-0.6727,-0.6297,-0.09437,-0.4131,-0.2383
9.68,8.954,-0.6658,4.481,-1.659,-0.2978,-0.7213,-0.699,16.26,8.502,1.581,-8.487,1.581,0.5167,-0.009038,-40.16,-31.52,-2.391,7.83,-3.802,5.378,48.88,27.85,14.21,17.17,-0.2148,-1.396,9.498,-2.347,21.23,70.78,0.4892,22.35,-0.6676,0.07562,-0.09558,-3.839,-69.71,-3.894,-0.9836,-28.83,-9.12,-8.42,-28.72,-9.811,-8.437,11.21,0.3843,-16.57,-101.3,-2.48,0.3797,-101.2,13.78,0.3906,-161.7,-0.7436,-17.32,-68.97,-5.543,-0.7578,-73.52,3.392,-0.3613,-83.57,17.26,-3.581,-82.59,-3.94,-1.665,-82.51,-3.448,-1.003,-76.14,20.58,0.1301,-76.61,-50.19,0.6452,-80.67,-27.74,2.566,525.9,17.58,26.86,426.8,208,24.42,317.9,427.7,-222.2,416.5,219.2,193.8,404.3,116.2,68.36,455.1,-5.371,-75.68,375,387.7,63.96,781.3,-401.9,407.2,243.7,-560.1,433.1,682.1,1449,-133.8,1782,540.5,967.3,-158.4,-449.3,489.7,645.5,-792,-147.5,1692,-594.2,-273.9,-837.4,-643.5,815.4,0.5295,-0.06183,0.8263,0.1699,-0.6904,0.3392,0.5889,-0.4591,0.4728,0.3052,-0.63,0.3657,-0.4875,-0.4946,-0.5119,-0.7596,-0.1899,-0.3969,-0.5471,-0.3564,-0.4533,0.709,-0.1771,0.6689,0.6261,-0.1022,0.764,0.5326,-0.5779,0.3306,0.4812,-0.6225,0.4142,0.009156,-0.2689,0.002258,-0.6659,-0.3637,-0.4305,-0.3671,-0.6741,-0.6344,-0.09894,-0.4438,-0.2365
9.69,9.392,-0.6904,4.95,-2.146,-0.4667,-0.6486,-0.6526,15.48,7.958,1.074,-7.945,1.061,0.4591,-0.1668,-40.85,-31.42,-2.594,8.388,-3.816,5.12,49.65,27.62,14.91,18.24,-0.7282,-0.9982,7.906,-2.102,23.02,73.25,1.707,19.67,-0.7156,0.9206,1.241,-4.107,-69.57,-3.846,-0.9445,-28.06,-8.566,-8.147,-27.97,-9.212,-8.162,11.2,0.7017,-15.96,-101.1,-2.781,0.7898,-100.8,12.7,0.8087,-161.6,-1.511,-15.95,-68.9,-5.986,-0.5483,-73.89,3.406,-0.1566,-82.25,18.02,-3.49,-81.22,-4.976,-1.622,-82.51,-3.303,-0.8315,-76.2,21.67,-0.004978,-76.24,-51.59,0.07219,-81.05,-31.82,3.526,475.6,-18.56,149.4,497.1,166,-8.789,428.7,400.4,-214.8,527.4,185.1,180.7,497.1,27.84,68.36,572.7,-81.55,-111.3,512.7,440.4,62.01,791,-491.2,291.5,199.2,-484.9,84.97,334,361.8,221.2,571.8,399.9,626.5,-380.5,-41.01,288.5,1047,-668.9,-214.9,872.5,-499,-334,-309.1,-944.3,534.2,0.5298,-0.06226,0.8258,0.1685,-0.69,0.3319,0.5907,-0.4601,0.4665,0.3093,-0.6285,0.362,-0.4919,-0.4929,-0.517,-0.7578,-0.1926,-0.406,-0.5398,-0.3626,-0.4624,0.7064,-0.176,0.6714,0.6267,-0.09882,0.7642,0.5311,-0.5789,0.3227,0.4693,-0.6316,0.414,0.007874,-0.2675,0.002503,-0.6676,-0.3584,-0.4255,-0.3587,-0.6753,-0.639,-0.1022,-0.4756,-0.2348
9.7,9.68,-0.7344,4.917,-2.479,-0.5299,-0.1964,-0.7273,14.56,7.349,0.6399,-7.337,0.5487,0.4133,-0.3303,-41.75,-31.19,-2.844,8.807,-3.874,4.903,50.65,27.43,16,19.39,-0.8392,-0.612,6.637,-2.054,25.27,75.67,2.679,16.74,-1.035,1.177,2.286,-4.328,-69.49,-3.78,-0.8954,-27.16,-7.944,-7.817,-27.06,-8.664,-7.832,11.12,0.9607,-15.39,-100.7,-3.057,1.193,-100.4,11.51,1.215,-161.4,-2.191,-14.52,-69.26,-6.258,-0.3897,-74.19,3.44,0.04454,-81.21,19.21,-3.121,-80.11,-6.03,-1.903,-82.48,-3.426,-0.7256,-76.41,22.83,-0.2043,-76.08,-52.84,-0.3115,-81.54,-36,4.096,242.7,-79.59,313.5,462.9,106.5,-27.83,470.2,343.7,-204.1,577.6,200.2,136.7,507.3,-84.47,75.69,629.9,-144.1,-125.5,653.3,475.1,22.47,501.5,-389.7,102.5,126.5,-127.9,-115.7,69.34,-502.9,610.8,-217.8,50.75,156.2,-51.11,-40.55,87.92,1174,-444.3,-51.28,479,-180.6,-347.7,-37.64,-523.4,325.7,0.5303,-0.06238,0.8253,0.1666,-0.6894,0.3235,0.592,-0.461,0.4603,0.3133,-0.6267,0.3591,-0.4968,-0.4905,-0.5226,-0.7556,-0.1954,-0.416,-0.5331,-0.369,-0.4715,0.7055,-0.1727,0.6734,0.6273,-0.09577,0.7642,0.5282,-0.5774,0.3131,0.4597,-0.6407,0.4135,0.006775,-0.2684,0.002503,-0.6688,-0.3531,-0.4198,-0.3508,-0.677,-0.6424,-0.1012,-0.5075,-0.2324
9.71,9.635,-0.7615,4.478,-2.563,-0.4752,0.5022,-0.9061,13.51,6.723,0.5193,-6.714,-0.04453,0.3601,-0.5171,-42.79,-30.99,-3.039,9.212,-3.956,4.794,51.84,27.44,17.02,20.5,-0.8862,-0.2849,5.576,-2.301,27.37,77.84,3.583,13.65,-1.458,1.088,3.256,-4.338,-69.42,-3.647,-0.8401,-26.12,-7.253,-7.435,-26,-8.151,-7.451,11.02,1.093,-14.82,-100.5,-3.33,1.626,-100.1,10.18,1.649,-161.2,-2.857,-13.05,-69.9,-6.214,-0.3127,-74.37,3.446,0.1743,-80.26,20.29,-2.773,-79.04,-7.046,-2.356,-82.45,-3.592,-0.6842,-76.82,23.95,-0.5471,-76.18,-53.89,-0.4441,-82,-40.12,4.409,4.39,-113.8,363.8,377.9,34.66,-37.6,414.6,273.4,-164.1,504.9,252.9,117.7,450.2,-197.8,49.8,576.6,-186,-123.5,771,410.6,-71.78,173.3,-100.1,30.77,100.1,196.8,-41.5,79.12,-940.4,24.41,-516.6,-529.3,-230,8.352,-51.26,-66.4,883.3,67.38,14.17,115.2,-167.5,-314.5,-76.61,-540.1,196.3,0.5313,-0.06244,0.8245,0.1643,-0.6886,0.3139,0.5931,-0.4616,0.4542,0.3169,-0.6242,0.357,-0.5014,-0.4884,-0.5276,-0.753,-0.1987,-0.427,-0.5268,-0.3751,-0.4813,0.7068,-0.1684,0.6738,0.6276,-0.09388,0.7642,0.5271,-0.5751,0.3052,0.4512,-0.6499,0.4123,0.006165,-0.2697,0.00238,-0.6688,-0.3485,-0.4142,-0.3438,-0.6793,-0.6444,-0.09778,-0.5381,-0.2302
9.72,9.414,-0.7767,3.991,-2.359,-0.3379,1.15,-1.135,12.34,6.054,0.9859,-6.047,-0.6449,0.2982,-0.7452,-43.92,-31,-3.147,9.767,-4.025,4.799,53.13,27.83,17.59,21.55,-0.8199,-0.09443,4.473,-2.666,29.08,79.81,4.491,10.58,-1.887,0.7415,4.324,-4.18,-69.35,-3.532,-0.7998,-25,-6.532,-7.039,-24.86,-7.659,-7.056,10.93,1.127,-14.24,-100.4,-3.608,2.107,-99.96,8.724,2.128,-160.7,-3.643,-11.52,-70.48,-5.899,-0.3455,-74.47,3.537,0.1799,-79.2,21.01,-2.351,-77.89,-8.032,-2.85,-82.44,-3.751,-0.6656,-77.34,25.07,-0.9553,-76.44,-54.73,-0.4011,-82.36,-44.03,4.47,-4.898,-47.85,336.9,286.1,-39.07,-17.09,286.1,211.9,-116.7,396,292,120.1,373.5,-209,15.14,441.9,-186.5,-76.66,640.6,282.7,-22.95,-4.874,89.84,-35.65,218.3,358.4,18.06,79.61,-1109,-301.3,-605.5,-955.6,-234.9,138.6,57.08,-57.18,474.1,364.7,43.45,-136.3,-161.6,-224.1,605,-201.7,84.01,0.5321,-0.06262,0.8238,0.1617,-0.6879,0.3036,0.5942,-0.4619,0.4482,0.32,-0.6214,0.3551,-0.5049,-0.4879,-0.5313,-0.7498,-0.2025,-0.4385,-0.5201,-0.3803,-0.4927,0.7094,-0.1653,0.6725,0.6283,-0.09339,0.7638,0.5302,-0.5716,0.3023,0.4422,-0.6594,0.4106,0.005799,-0.271,0.00238,-0.6692,-0.3433,-0.4089,-0.338,-0.6817,-0.6454,-0.09247,-0.5664,-0.2284
9.73,9.13,-0.7684,3.696,-2.048,-0.1664,1.636,-1.376,11.17,5.365,1.608,-5.361,-1.277,0.2118,-0.9772,-45.05,-31.3,-3.135,10.47,-4.063,4.829,54.42,28.64,17.82,22.57,-0.6026,-0.01189,3.452,-2.949,30.4,81.61,5.431,7.881,-2.408,0.3518,5.25,-3.976,-69.25,-3.432,-0.7817,-23.84,-5.793,-6.65,-23.68,-7.159,-6.668,10.91,1.08,-13.63,-100.6,-3.921,2.617,-100.1,7.236,2.632,-160.1,-4.553,-9.925,-70.87,-5.495,-0.46,-74.58,3.647,0.06843,-78.27,21.39,-1.884,-76.89,-8.967,-3.367,-82.46,-3.834,-0.586,-77.84,26.18,-1.363,-76.61,-55.41,-0.4647,-82.58,-47.41,4.297,123,30.76,332,278.3,-91.81,1.459,188,163.1,-61.52,365.7,325.7,109.9,297.9,-137.7,-11.23,326.2,-128.9,12.69,476.1,183.1,20.02,-83.5,140.1,-174.8,349.1,363.3,-52.74,-119.6,-1028,-241.7,-471.2,-1117,-277.4,-8.352,30.76,-19.06,319.3,493.6,37.59,-434.6,-130.4,-151.8,-400,-442.4,-314.9,0.5328,-0.06305,0.8232,0.1591,-0.6872,0.2929,0.5953,-0.4621,0.4419,0.3224,-0.6182,0.3532,-0.5067,-0.4893,-0.5335,-0.7464,-0.2067,-0.4501,-0.513,-0.3848,-0.5055,0.7123,-0.1638,0.6705,0.6291,-0.09363,0.7634,0.5346,-0.5679,0.3029,0.4344,-0.6679,0.4091,0.005066,-0.2716,0.002686,-0.6703,-0.3374,-0.4038,-0.333,-0.6835,-0.6465,-0.08625,-0.5902,-0.2271
9.74,8.848,-0.7364,3.593,-1.873,0.03342,1.986,-1.549,10.05,4.719,2.283,-4.718,-1.956,0.1024,-1.176,-46.18,-31.85,-3.008,11.15,-4.069,4.811,55.61,29.82,17.96,23.63,-0.3772,0.06039,2.772,-3.072,31.44,83.17,6.295,5.215,-2.809,-0.1061,5.748,-3.985,-69.14,-3.312,-0.7526,-22.67,-5.079,-6.262,-22.5,-6.619,-6.279,11,0.9969,-12.97,-101.1,-4.251,3.144,-100.5,5.785,3.151,-159.4,-5.438,-8.28,-71.11,-5.209,-0.6072,-74.75,3.64,-0.1033,-77.76,21.55,-1.584,-76.31,-9.841,-3.737,-82.47,-3.911,-0.5041,-78.25,27.22,-1.759,-76.5,-55.93,-0.792,-82.9,-50.59,4.055,217.3,50.29,270,286.6,-116.7,-9.77,186.5,136.7,-16.6,389.2,325.7,98.15,248.1,-14.65,-6.833,268.1,-102.5,76.17,357.4,109.9,71.29,-69.81,165,-228,375,250.5,-23.45,-87.88,-818.3,-147.9,-470.2,-1017,-179.2,27.73,13.16,23.98,201.6,483.4,37.12,-727.1,-159.1,-41.02,-1006,-511.7,-177.2,0.5337,-0.06348,0.8224,0.1563,-0.6865,0.2821,0.5967,-0.4622,0.4349,0.3242,-0.6149,0.3507,-0.5071,-0.4922,-0.5345,-0.7432,-0.2111,-0.4613,-0.5061,-0.3893,-0.5186,0.7142,-0.1633,0.6691,0.629,-0.09394,0.7637,0.5378,-0.5653,0.3043,0.4286,-0.674,0.4098,0.004334,-0.2722,0.002991,-0.6723,-0.3309,-0.3997,-0.3289,-0.6839,-0.6483,-0.07898,-0.6122,-0.2247
9.75,8.692,-0.6773,3.572,-1.926,0.2426,2.249,-1.65,8.996,4.073,2.963,-4.073,-2.663,0.006749,-1.3,-47.33,-32.57,-2.81,11.67,-4.058,4.702,56.71,31.3,17.93,24.64,-0.1558,0.1103,2.813,-3.003,32.18,84.44,7.082,2.469,-3.15,-0.6895,5.533,-4.343,-69.02,-3.159,-0.6973,-21.47,-4.385,-5.797,-21.3,-6.027,-5.812,11.22,0.8838,-12.21,-101.7,-4.58,3.647,-101.1,4.398,3.646,-158.7,-6.196,-6.586,-71.26,-5.117,-0.7411,-74.9,3.563,-0.2898,-78.01,21.44,-1.573,-76.47,-10.68,-3.968,-82.5,-3.971,-0.3906,-78.44,28.14,-2.047,-76.06,-56.27,-1.38,-83.51,-53.67,3.936,215.3,41.01,223.1,254.9,-126,-17.09,252,145.5,2.437,384.8,295.9,78.12,224.1,117.7,17.58,287.6,-126.5,72.26,313.5,43.47,92.28,-10.24,146,-144.5,311,59.58,90.34,70.81,-499.5,-187.5,-342.3,-894,-285.1,45.43,-94.26,-17.06,153.3,376.5,-43.96,-923.4,-281.7,-60.04,-1481,-176.7,576.6,0.5348,-0.06379,0.8215,0.1533,-0.6854,0.2713,0.5983,-0.4627,0.427,0.3257,-0.6114,0.3472,-0.5064,-0.4958,-0.5348,-0.7402,-0.2152,-0.4723,-0.5002,-0.394,-0.5313,0.7149,-0.1632,0.6687,0.6285,-0.09437,0.7644,0.5404,-0.5636,0.3071,0.4268,-0.6767,0.4137,0.003357,-0.2725,0.003418,-0.6751,-0.3241,-0.3965,-0.3262,-0.6829,-0.6509,-0.07111,-0.6332,-0.2206
9.76,8.615,-0.6374,3.548,-2.1,0.4507,2.508,-1.71,7.979,3.448,3.644,-3.447,-3.389,-0.08019,-1.341,-48.46,-33.34,-2.581,11.91,-3.969,4.5,57.65,32.91,17.64,25.54,-0.09005,0.1872,3.13,-2.918,32.54,85.38,7.761,0.03248,-3.353,-1.118,5.083,-4.612,-68.91,-2.962,-0.615,-20.28,-3.725,-5.266,-20.12,-5.427,-5.278,11.59,0.7607,-11.32,-102.4,-4.905,4.103,-101.8,3.053,4.094,-158,-6.773,-4.859,-71.39,-5.104,-0.8445,-75.03,3.491,-0.4268,-78.52,21.07,-1.755,-76.89,-11.41,-4.06,-82.52,-4.005,-0.2946,-78.57,28.95,-2.291,-75.58,-56.38,-1.989,-83.9,-56.23,3.813,157.7,18.06,186.5,271,-115.7,-10.25,295.9,110.8,-28.32,355.5,251.5,60.06,209,165,33.2,314,-188,79.1,316.4,0.9692,100.6,129.4,108.9,29.3,231,-76.18,117.7,343.3,-158.7,-273.9,-169.5,-701.2,-239.7,39.42,-78.2,-35.2,126.9,262.7,-118.7,-996.6,-469.7,21.03,-830.5,153.8,1029,0.5362,-0.06397,0.8203,0.1501,-0.6838,0.2607,0.5998,-0.4634,0.4185,0.3268,-0.6076,0.3424,-0.5054,-0.4994,-0.5351,-0.7372,-0.2189,-0.4832,-0.4953,-0.3993,-0.5432,0.7151,-0.1629,0.6689,0.628,-0.09455,0.765,0.5435,-0.5628,0.3115,0.4264,-0.6775,0.4185,0.002564,-0.2727,0.003784,-0.6782,-0.3175,-0.394,-0.3248,-0.6814,-0.6532,-0.06482,-0.6501,-0.2178
9.77,8.549,-0.6052,3.458,-2.281,0.6138,2.809,-1.721,6.954,2.871,4.314,-2.869,-4.095,-0.09985,-1.362,-49.54,-34.07,-2.379,11.87,-3.766,4.231,58.42,34.51,17.26,26.28,-0.09648,0.2462,3.597,-2.776,32.82,85.91,8.447,-1.42,-3.487,-1.162,4.561,-4.859,-68.78,-2.742,-0.5592,-19.11,-3.136,-4.702,-18.97,-4.851,-4.712,12.08,0.6681,-10.31,-103,-5.211,4.503,-102.5,1.721,4.487,-157.3,-7.176,-3.121,-71.57,-5.074,-0.927,-75.12,3.449,-0.5331,-79.13,20.62,-2.022,-77.4,-12.13,-4.096,-82.57,-4.017,-0.2182,-78.59,29.65,-2.441,-74.9,-56.2,-2.829,-83.84,-57.54,3.559,108.9,-19.53,105.5,303.7,-107.9,-32.23,326.7,81.05,-36.13,376,194.8,42.97,204.1,185.6,35.64,328.6,-252.9,84.97,355.9,-43.94,106.4,314.4,65.91,73.25,171.9,-158.2,111.3,481,73.75,-293.9,106.5,-179.7,-142.6,-56.79,42.54,50.26,91.34,174.3,-177.2,-955.1,-590.8,333,-2016,492.7,1062,0.5378,-0.06439,0.819,0.1467,-0.6819,0.2506,0.6013,-0.464,0.4098,0.3279,-0.6037,0.3362,-0.5043,-0.5025,-0.5356,-0.7339,-0.2224,-0.4942,-0.4914,-0.4051,-0.554,0.7154,-0.1623,0.6689,0.6277,-0.09473,0.7654,0.5471,-0.5623,0.3163,0.4264,-0.6778,0.4239,0.002014,-0.2727,0.004334,-0.6812,-0.3117,-0.3917,-0.3248,-0.6785,-0.656,-0.06147,-0.6585,-0.2175
9.78,8.46,-0.5558,3.391,-2.457,0.7152,3.089,-1.69,5.895,2.271,4.937,-2.271,-4.738,-0.02878,-1.392,-50.62,-34.69,-2.242,11.56,-3.51,3.875,59.07,35.97,16.96,26.93,-0.03552,0.3141,4.066,-2.443,33.17,86.04,9.099,-2.18,-3.592,-0.543,4.016,-4.956,-68.66,-2.527,-0.5275,-17.95,-2.612,-4.065,-17.83,-4.298,-4.072,12.66,0.6144,-9.206,-103.5,-5.477,4.856,-103.1,0.3975,4.834,-156.7,-7.411,-1.361,-71.73,-5.044,-0.9739,-75.23,3.385,-0.6211,-79.75,20.24,-2.2,-77.95,-12.87,-4.109,-82.62,-4.069,-0.1462,-78.38,30.23,-2.458,-73.86,-55.72,-4.01,-82.9,-57.92,3.12,75.67,-55.67,37.1,299.3,-129.9,-71.77,338.4,85.93,-30.28,416,161.1,12.2,178.7,165,37.11,311.5,-295.4,77.64,360.4,-123,147.5,391.6,8.786,-0.4905,128.9,-209.5,86.43,218.3,334,-222.7,397,359.9,-105,-97.55,110.3,116.7,22.93,53.68,-199.7,-960.9,-713.9,391.1,1138,-234.4,1316,0.5393,-0.06494,0.8178,0.143,-0.6795,0.2409,0.6028,-0.4644,0.401,0.3291,-0.5997,0.3289,-0.5035,-0.505,-0.5362,-0.7302,-0.2259,-0.505,-0.4882,-0.4116,-0.5634,0.7158,-0.1616,0.6689,0.6272,-0.09473,0.7659,0.5497,-0.5614,0.3207,0.4264,-0.6779,0.4294,0.001465,-0.2731,0.004883,-0.6836,-0.3068,-0.3899,-0.3264,-0.6738,-0.6597,-0.06275,-0.6603,-0.2224
9.79,8.372,-0.4468,3.415,-2.671,0.758,3.285,-1.66,4.792,1.635,5.498,-1.634,-5.313,0.0665,-1.423,-51.7,-35.19,-2.122,11.02,-3.18,3.458,59.62,37.21,16.81,27.54,-0.02489,0.3465,4.44,-2.015,33.55,85.83,9.616,-1.501,-3.724,0.1187,3.568,-5.123,-68.55,-2.326,-0.5075,-16.79,-2.107,-3.382,-16.7,-3.764,-3.387,13.34,0.5637,-8.001,-104,-5.711,5.161,-103.5,-0.9383,5.136,-156.2,-7.502,0.4033,-71.81,-5.06,-0.9787,-75.34,3.273,-0.7289,-80.29,19.95,-2.417,-78.4,-13.54,-4.119,-82.66,-4.188,-0.03601,-78.07,30.75,-2.394,-72.94,-54.96,-4.986,-81.99,-56.58,2.692,68.36,-57.62,-26.86,262.7,-158.7,-93.75,329.6,75.68,-43.45,397.5,118.6,-10.75,138.7,143.1,36.62,278.8,-285.2,51.27,345.7,-208,170.9,366.2,-50.77,-68.86,96.67,-269,74.7,9.784,482.4,-184.1,573.2,587.4,-81.07,-80.51,57.08,104.1,0,-46.39,-145,-883.8,-773.5,253.4,291,-308.6,227.1,0.5407,-0.06556,0.8166,0.1393,-0.6768,0.2312,0.6042,-0.4648,0.3919,0.3303,-0.5954,0.3205,-0.5029,-0.5069,-0.537,-0.7259,-0.2297,-0.5156,-0.4855,-0.419,-0.5715,0.7158,-0.1611,0.6691,0.6265,-0.09479,0.7666,0.552,-0.561,0.3237,0.4261,-0.6781,0.4342,4.88E-04,-0.2739,0.005432,-0.6848,-0.3035,-0.3878,-0.3299,-0.6688,-0.6625,-0.06592,-0.6511,-0.2274
9.8,8.43,-0.2729,3.531,-2.981,0.745,3.37,-1.625,3.675,0.9343,5.985,-0.9189,-5.804,0.1735,-1.471,-52.76,-35.49,-2.017,10.32,-2.821,2.943,60.07,38.15,16.82,28.16,-0.05369,0.3616,4.441,-1.551,34.03,85.34,10.03,0.1267,-3.853,0.2542,3.481,-5.266,-68.47,-2.182,-0.4821,-15.67,-1.63,-2.656,-15.59,-3.253,-2.659,14.08,0.5091,-6.746,-104.2,-5.923,5.455,-103.9,-2.265,5.43,-155.9,-7.455,2.214,-71.81,-5.226,-0.9231,-75.46,3.157,-0.8459,-80.44,19.84,-2.561,-78.48,-14.12,-4.146,-82.68,-4.357,0.07966,-77.74,31.26,-2.293,-72.44,-53.94,-5.38,-81.4,-53.98,2.116,70.8,-51.76,-40.52,238.3,-169.4,-116.2,291,52.73,-46.38,371.1,84.97,-11.72,97.18,134.3,71.78,224.1,-246.1,50.29,324.7,-264.2,174.3,234.4,-87.41,-41.99,84.48,-253.9,87.89,90.82,314.4,-9.268,492.7,573.7,-46.88,-33.74,105.9,31.2,31.75,-105,-91.8,-547.9,-725.6,106.9,-1612,-505.3,669.9,0.5418,-0.06592,0.8158,0.1357,-0.6737,0.2218,0.6054,-0.4652,0.3826,0.3313,-0.5911,0.3115,-0.5027,-0.5086,-0.5378,-0.7212,-0.2336,-0.5258,-0.483,-0.4275,-0.5782,0.7149,-0.1607,0.6701,0.6257,-0.09486,0.7674,0.5531,-0.5612,0.3245,0.4241,-0.6795,0.4372,-6.10E-04,-0.2752,0.005921,-0.6845,-0.3015,-0.3852,-0.3358,-0.6647,-0.6631,-0.0672,-0.6336,-0.2307
9.81,8.642,-0.1053,3.679,-3.353,0.7272,3.39,-1.565,2.569,0.3307,6.393,-0.1257,-6.206,0.3057,-1.547,-53.77,-35.61,-1.919,9.53,-2.461,2.35,60.39,38.74,16.95,28.79,-0.02824,0.3427,4.07,-1.093,34.67,84.61,10.49,1.463,-4.062,0.2458,3.757,-5.383,-68.39,-2.117,-0.4642,-14.61,-1.198,-1.903,-14.55,-2.761,-1.905,14.86,0.4502,-5.479,-104.3,-6.13,5.74,-104,-3.574,5.718,-155.6,-7.295,4.048,-71.75,-5.53,-0.8674,-75.55,3.055,-0.9584,-80.18,19.87,-2.523,-78.17,-14.73,-4.223,-82.7,-4.528,0.2553,-77.38,31.81,-2.148,-72.09,-52.66,-5.595,-80.92,-51.39,1.551,84.48,-58.11,-34.68,201.2,-214.4,-122.6,265.1,12.22,-28.32,379.9,45.41,-45.9,81.04,136.7,82.52,164.5,-200.7,58.11,312,-293,161.1,63.96,-107.9,68.86,107.4,-169.4,90.81,96.68,81.04,-88.37,164.1,169.4,-56.14,18.71,-42.54,-1.998,55.18,-49.29,-37.59,-265.6,-765.6,-21.03,-1472,-520.4,143.6,0.5422,-0.06623,0.8154,0.1323,-0.6703,0.2129,0.6067,-0.4655,0.373,0.3322,-0.5868,0.302,-0.503,-0.5098,-0.5389,-0.7162,-0.2373,-0.5357,-0.4805,-0.4369,-0.5835,0.713,-0.1605,0.672,0.625,-0.09503,0.7682,0.553,-0.5615,0.3239,0.4199,-0.6825,0.4387,-0.002258,-0.2764,0.006409,-0.6831,-0.3004,-0.3817,-0.3433,-0.6604,-0.6626,-0.06763,-0.6159,-0.2334
9.82,8.784,-0.01288,3.812,-3.61,0.7405,3.354,-1.476,1.532,0.8585,6.742,0.7412,-6.552,0.4329,-1.6,-54.68,-35.5,-1.843,8.691,-2.128,1.666,60.6,38.97,17.09,29.49,-0.03496,0.3173,3.398,-0.7139,35.35,83.75,11,2.499,-4.345,-0.005251,4.401,-5.57,-68.33,-2.104,-0.4226,-13.65,-0.7962,-1.106,-13.62,-2.272,-1.106,15.65,0.4017,-4.206,-104.1,-6.357,6,-104,-4.834,5.985,-155.5,-7.054,5.899,-71.65,-5.772,-0.8286,-75.59,2.951,-1.011,-79.53,19.94,-2.346,-77.47,-15.34,-4.426,-82.72,-4.688,0.4136,-77.03,32.41,-1.967,-71.77,-51.17,-5.811,-80.61,-48.91,0.8424,99.11,-54.69,-20.51,130.4,-248.5,-121.1,252,-55.17,-30.28,362.8,-7.803,-65.43,58.12,143.6,76.17,136.7,-153.3,58.59,297.9,-322.3,157.2,-40.53,-136.7,140.6,119.1,-58.1,92.78,103,-44.43,-89.86,-33.23,-165.5,-8.769,-13.7,-89.83,6.302,60.52,63.94,-10.25,-30.26,-848.2,9.268,-1324,-303.7,118.2,0.5423,-0.06623,0.8152,0.1294,-0.6664,0.2048,0.6079,-0.4657,0.3629,0.3332,-0.5824,0.2924,-0.5037,-0.5103,-0.5407,-0.7113,-0.2405,-0.5451,-0.4779,-0.4471,-0.5877,0.7115,-0.1607,0.6734,0.6243,-0.0951,0.7688,0.5519,-0.5623,0.3228,0.4138,-0.6874,0.4384,-0.003723,-0.2776,0.006897,-0.6813,-0.2996,-0.3776,-0.3516,-0.6555,-0.662,-0.06568,-0.5986,-0.2349
9.83,8.777,-0.01481,3.916,-3.683,0.7871,3.322,-1.358,0.5712,1.727,7.063,1.641,-6.873,0.536,-1.642,-55.42,-35.18,-1.748,7.839,-1.784,0.9484,60.67,38.86,17.19,30.2,-0.1124,0.2567,2.642,-0.422,35.92,82.72,11.45,3.137,-4.579,-0.2248,5.159,-5.716,-68.27,-2.125,-0.3673,-12.86,-0.4135,-0.3029,-12.85,-1.771,-0.3029,16.4,0.3493,-2.915,-103.8,-6.612,6.243,-103.7,-6.044,6.236,-155.5,-6.734,7.719,-71.56,-5.865,-0.8174,-75.6,2.849,-0.9966,-78.73,19.96,-2.133,-76.64,-15.89,-4.633,-82.73,-4.857,0.5292,-76.71,33.04,-1.719,-71.52,-49.5,-6.057,-80.3,-46.65,0.1026,84.48,-45.41,-2.447,96.67,-271,-120.6,236.8,-133.3,-42.49,325.7,-63.48,-93.26,45.91,130.9,58.59,104.5,-128.9,65.43,269.1,-330.6,146,-56.16,-152.3,114.7,101.1,65.44,83.01,71.79,-42.98,-64.46,-191.9,-257.8,-50.79,-26.39,-24.94,45.96,109.9,215.8,-10.25,69.84,-851.1,120.2,-1175,-246.1,76.14,0.5422,-0.0661,0.8151,0.1274,-0.6623,0.1978,0.6093,-0.4656,0.3526,0.3344,-0.5779,0.2827,-0.5049,-0.5102,-0.5431,-0.7067,-0.2429,-0.5543,-0.4754,-0.4575,-0.591,0.7108,-0.1611,0.6739,0.6236,-0.09486,0.7693,0.5503,-0.5635,0.3216,0.4072,-0.6924,0.4373,-0.004883,-0.2789,0.007202,-0.6794,-0.2993,-0.3728,-0.3603,-0.6501,-0.6611,-0.06305,-0.5825,-0.2366
9.84,8.662,-0.06249,4.008,-3.642,0.8395,3.306,-1.189,-0.3125,2.612,7.337,2.534,-7.149,0.6314,-1.668,-55.92,-34.73,-1.621,6.947,-1.412,0.2023,60.59,38.53,17.25,30.91,-0.2486,0.149,2.137,-0.2127,36.42,81.5,11.85,3.459,-4.756,-0.3539,5.683,-5.762,-68.2,-2.174,-0.3129,-12.29,-0.06221,0.4761,-12.3,-1.251,0.4761,17.08,0.2969,-1.611,-103.3,-6.881,6.445,-103.3,-7.191,6.449,-155.5,-6.326,9.49,-71.48,-5.873,-0.8164,-75.61,2.729,-0.9441,-78.18,19.92,-2.027,-76.06,-16.42,-4.772,-82.73,-5.036,0.6427,-76.45,33.63,-1.423,-71.35,-47.67,-6.339,-79.94,-44.54,-0.6712,33.21,-49.81,-4.875,43.44,-274.9,-123.5,217.3,-198.2,-53.71,298.8,-96.68,-112.3,23.43,93.75,57.61,72.27,-137.7,47.85,242.2,-324.7,133.8,-29.77,-132.8,43.95,59.09,143.1,53.22,2.949,31.26,5.364,-193.4,-231.9,-80.08,-64.48,23.87,35.66,166.5,411.6,5.383,36.17,-764.1,177.2,-1095,-187.4,83.47,0.5418,-0.06598,0.8151,0.1267,-0.658,0.1923,0.6111,-0.4651,0.3423,0.336,-0.573,0.2733,-0.5064,-0.5095,-0.5461,-0.7024,-0.2445,-0.5631,-0.4733,-0.4681,-0.5933,0.7107,-0.1616,0.6738,0.6229,-0.09436,0.77,0.5482,-0.5653,0.3204,0.4018,-0.6963,0.4373,-0.006043,-0.2802,0.007447,-0.6774,-0.2996,-0.3676,-0.369,-0.6443,-0.66,-0.06012,-0.5673,-0.2387
9.85,8.534,-0.08181,4.036,-3.596,0.8539,3.32,-0.9719,-1.099,3.479,7.608,3.402,-7.419,0.7277,-1.701,-56.2,-34.14,-1.473,6.032,-0.9958,-0.5621,60.37,37.99,17.31,31.56,-0.3935,0.02984,1.919,-0.1889,36.85,80.1,12.17,3.556,-4.843,-0.3771,5.951,-5.655,-68.14,-2.229,-0.2699,-11.94,0.2727,1.229,-11.96,-0.6991,1.229,17.66,0.2576,-0.2727,-102.7,-7.171,6.622,-102.8,-8.263,6.64,-155.5,-5.82,11.21,-71.43,-5.88,-0.7857,-75.58,2.597,-0.8863,-77.9,19.85,-2.029,-75.75,-16.91,-4.797,-82.72,-5.234,0.7584,-76.37,34.14,-1.228,-71.39,-45.73,-6.491,-79.57,-42.54,-1.338,-11.71,-51.27,-6.355,1.454,-251.5,-125,182.1,-246.6,-61.04,257.3,-150.9,-133.8,19.03,32.72,61.53,58.12,-132.3,38.08,242.7,-323.7,95.21,22.95,-47.36,0,-6.343,155.8,42.96,-74.7,75.69,17.58,-179.2,-235.3,-41.97,12.7,28.31,-10.76,180.2,576.1,2.928,-85.42,-629.8,190.9,-909.6,-205,138.7,0.5415,-0.06592,0.8152,0.1271,-0.6536,0.1883,0.6135,-0.4639,0.3322,0.3384,-0.5677,0.2642,-0.5081,-0.5083,-0.5495,-0.6985,-0.245,-0.5717,-0.4717,-0.4786,-0.5947,0.7106,-0.1617,0.6738,0.622,-0.094,0.7706,0.5456,-0.5674,0.3189,0.3978,-0.6987,0.4385,-0.007263,-0.2817,0.00763,-0.6754,-0.3001,-0.3629,-0.3778,-0.6387,-0.658,-0.05786,-0.5526,-0.2412
9.86,8.465,-0.03267,4.032,-3.604,0.8322,3.344,-0.6706,-1.842,4.312,7.857,4.231,-7.664,0.8371,-1.751,-56.23,-33.55,-1.304,5.099,-0.5476,-1.259,60.04,37.42,17.37,32.13,-0.5084,-0.1005,1.931,-0.3235,37.25,78.52,12.47,3.498,-4.929,-0.3566,6.013,-5.421,-68.07,-2.286,-0.229,-11.82,0.5759,1.953,-11.84,-0.09449,1.953,18.13,0.2467,1.097,-102,-7.441,6.793,-102.2,-9.27,6.824,-155.4,-5.244,12.8,-71.39,-5.942,-0.7167,-75.53,2.468,-0.8569,-77.85,19.77,-2.114,-75.65,-17.39,-4.771,-82.71,-5.409,0.9035,-76.47,34.59,-1.163,-71.66,-43.7,-6.426,-79.28,-40.58,-1.83,-46.38,-67.39,-10.74,-21.96,-198.2,-121.6,141.6,-277.8,-60.06,210,-189.9,-155.8,6.844,-4.401,78.62,35.64,-143.6,1.958,253.4,-316.4,91.79,39.55,37.59,-3.902,-54.2,123,43.47,-119.6,80.56,11.71,-120.6,-260.2,62.49,22.38,-86.92,-64.87,112.8,666,37.12,-212.9,-438,165.5,-755.8,-231.9,148,0.541,-0.06592,0.8153,0.1286,-0.6491,0.1859,0.6166,-0.4621,0.3226,0.3416,-0.5619,0.2555,-0.5101,-0.507,-0.5528,-0.695,-0.2448,-0.58,-0.4708,-0.4885,-0.5955,0.7102,-0.1616,0.6741,0.6211,-0.094,0.7713,0.5428,-0.5697,0.3173,0.3949,-0.7001,0.4406,-0.008729,-0.283,0.007813,-0.674,-0.3001,-0.359,-0.3869,-0.6338,-0.6546,-0.05658,-0.5381,-0.2434
9.87,8.459,0.04423,4.002,-3.672,0.7895,3.354,-0.3076,-2.525,5.135,8.107,5.045,-7.907,0.9619,-1.813,-56.1,-32.96,-1.13,4.194,-0.07518,-1.897,59.65,36.89,17.4,32.64,-0.6284,-0.2353,2.037,-0.5285,37.65,76.76,12.82,3.283,-4.995,-0.3104,6.04,-5.203,-67.99,-2.345,-0.1986,-11.87,0.874,2.665,-11.89,0.5669,2.665,18.48,0.272,2.511,-101.4,-7.711,6.96,-101.7,-10.22,7.009,-155.3,-4.663,14.3,-71.33,-6.064,-0.6351,-75.43,2.341,-0.8415,-77.86,19.68,-2.251,-75.6,-17.89,-4.756,-82.71,-5.557,1.015,-76.63,34.97,-1.161,-72.04,-41.57,-6.223,-79.13,-38.66,-2.111,-63.49,-74.71,-25.38,-37.6,-144.5,-144.5,93.75,-289.6,-51.27,174.8,-214.8,-178.2,-6.343,-40.53,83.99,-3.407,-179.7,-14.65,258.8,-311,77.63,14.17,90.82,4.393,-72.76,64.94,43.47,-132.3,-51.77,49.8,-18.54,-54.71,115.2,-26.73,-120.1,-9.837,60.08,625.5,63.47,-265.1,-270.5,100.1,-648.5,-213.8,153.4,0.5406,-0.06598,0.8154,0.1311,-0.6444,0.1846,0.6203,-0.4597,0.3133,0.3458,-0.5557,0.2471,-0.5119,-0.5057,-0.556,-0.6917,-0.2436,-0.5882,-0.4704,-0.4975,-0.5961,0.7095,-0.1614,0.6747,0.6202,-0.0943,0.7719,0.5398,-0.5722,0.3156,0.3922,-0.7014,0.4429,-0.009827,-0.2841,0.008057,-0.6733,-0.2996,-0.3559,-0.3967,-0.6289,-0.6501,-0.05634,-0.5238,-0.2449
9.88,8.476,0.1413,4.002,-3.773,0.7519,3.319,0.1617,-3.162,5.934,8.342,5.831,-8.136,1.109,-1.867,-55.53,-32.44,-0.9121,3.348,0.3984,-2.428,58.95,36.5,17.49,33.09,-0.7469,-0.3975,2.2,-0.6912,38.14,74.79,13.25,2.889,-4.986,-0.2589,6.007,-5.07,-67.92,-2.41,-0.1692,-12.35,1.164,3.35,-12.34,1.326,3.35,18.72,0.3188,3.952,-100.8,-7.976,7.12,-101.2,-11.11,7.186,-155,-4.14,15.65,-71.23,-6.225,-0.562,-75.32,2.196,-0.8547,-77.93,19.6,-2.439,-75.59,-18.45,-4.719,-82.7,-5.688,1.065,-76.74,35.27,-1.138,-72.46,-39.32,-5.92,-79.13,-36.79,-2.19,-85.44,-63.48,-29.29,-40.05,-83.99,-140.6,63.97,-279.8,-38.58,152.8,-243.7,-201.7,-20.5,-56.63,71.29,-62.02,-209,-33.2,222.7,-353.5,83.99,-31.76,95.7,57.62,-111.3,0,48.83,-57.63,-108.9,28.31,25.38,101.1,126.5,-78.17,-84.01,34.12,-41.01,531.7,94.73,-238.3,-232,43.44,-542,-154.4,138.7,0.5401,-0.06604,0.8155,0.134,-0.6398,0.1842,0.6248,-0.4568,0.3044,0.3507,-0.549,0.2391,-0.5135,-0.5046,-0.559,-0.6886,-0.242,-0.5962,-0.4706,-0.505,-0.597,0.7084,-0.1615,0.6756,0.6191,-0.09486,0.7726,0.5373,-0.5747,0.3137,0.3894,-0.7027,0.4457,-0.01044,-0.2852,0.008057,-0.6731,-0.2991,-0.3535,-0.4073,-0.6239,-0.6445,-0.05707,-0.5099,-0.2456
9.89,8.533,0.2225,4.059,-3.897,0.7456,3.213,0.6904,-3.72,6.694,8.576,6.573,-8.367,1.273,-1.908,-55.18,-32,-0.7137,2.587,0.8937,-2.899,58.56,36.28,17.53,33.43,-0.8045,-0.6134,2.311,-0.8735,38.61,72.61,13.63,2.232,-4.928,-0.05777,5.984,-4.957,-67.86,-2.468,-0.1426,-12.61,1.419,4.013,-12.56,2.107,4.014,18.86,0.4174,5.418,-100.3,-8.239,7.273,-100.8,-11.93,7.357,-154.7,-3.696,16.87,-71.06,-6.404,-0.5304,-75.21,2.07,-0.8969,-77.95,19.51,-2.576,-75.55,-19.01,-4.688,-82.66,-5.859,1.066,-76.89,35.48,-1.11,-72.89,-36.93,-5.658,-79.19,-35.04,-2.109,-98.16,-57.13,-23.45,-60.04,-38.57,-136.2,54.2,-270.5,-27.83,140.1,-265.1,-203.6,-44.93,-89.35,51.27,-118.7,-237.3,-48.34,192.9,-390.1,99.61,-86.91,41.01,75.68,-127.9,-92.78,58.6,-4.378,-77.15,22.95,68.38,181.2,82.01,-88.53,-39.48,47.34,-109.9,486.8,102,-242.2,-203.1,41.02,-483.4,-123.1,59.59,0.5397,-0.0661,0.8157,0.1369,-0.6352,0.184,0.6296,-0.4538,0.2957,0.3564,-0.542,0.2314,-0.5146,-0.5039,-0.5616,-0.6857,-0.2401,-0.6036,-0.471,-0.5113,-0.5982,0.7071,-0.1622,0.6765,0.6181,-0.09565,0.7732,0.5351,-0.5768,0.3123,0.3865,-0.704,0.4483,-0.01074,-0.2866,0.007752,-0.6734,-0.2987,-0.3516,-0.4182,-0.6183,-0.6385,-0.05884,-0.4969,-0.2458
9.9,8.582,0.2725,4.16,-4.012,0.7852,3.054,1.28,-4.226,7.43,8.787,7.292,-8.581,1.44,-1.92,-54.86,-31.64,-0.5094,1.906,1.389,-3.298,58.28,36.24,17.59,33.68,-0.8468,-0.8573,2.305,-1.016,39.09,70.23,13.98,1.337,-4.891,0.3256,6.054,-4.894,-67.81,-2.528,-0.1024,-12.85,1.651,4.662,-12.75,2.928,4.666,18.92,0.5476,6.895,-99.96,-8.488,7.413,-100.5,-12.68,7.515,-154.2,-3.351,17.95,-70.85,-6.578,-0.5381,-75.11,1.94,-0.9485,-77.86,19.43,-2.667,-75.4,-19.56,-4.693,-82.61,-6.068,1.067,-77.01,35.6,-1.036,-73.25,-34.44,-5.514,-79.24,-33.43,-1.896,-92.28,-26.37,-38.57,-91.31,-0.4819,-133.8,49.33,-265.6,-25.88,111.3,-280.8,-218.7,-69.83,-96.19,37.11,-153.8,-252.9,-60.06,170.4,-425.3,92.76,-154.3,-41.5,51.75,-127.9,-143.1,21.48,33.68,-75.69,13.68,88.85,170.4,62.98,-47.77,27.85,75.63,-179.2,458,72.77,-213.8,-115.7,82.52,-421.9,-16.16,26.84,0.5393,-0.06598,0.8158,0.1393,-0.6307,0.1838,0.6346,-0.4506,0.2871,0.3627,-0.5348,0.224,-0.5154,-0.5035,-0.5638,-0.683,-0.2382,-0.6105,-0.4716,-0.5161,-0.5998,0.7058,-0.1634,0.6774,0.6171,-0.09644,0.7738,0.5329,-0.5788,0.3109,0.383,-0.7059,0.4505,-0.01111,-0.2883,0.007386,-0.6748,-0.2982,-0.3503,-0.4291,-0.6118,-0.6324,-0.06165,-0.4849,-0.246
9.91,8.626,0.2861,4.256,-4.132,0.8514,2.881,1.909,-4.649,8.119,9.003,7.965,-8.805,1.598,-1.906,-54.61,-31.35,-0.3123,1.319,1.893,-3.632,58.08,36.39,17.65,33.82,-0.8499,-1.116,2.139,-1.025,39.58,67.65,14.33,0.1527,-4.935,0.8896,6.219,-4.935,-67.8,-2.584,-0.05954,-13.07,1.866,5.272,-12.89,3.767,5.28,18.92,0.7222,8.364,-99.67,-8.748,7.543,-100.3,-13.36,7.663,-153.7,-3.116,18.9,-70.66,-6.753,-0.5724,-75.03,1.804,-0.989,-77.61,19.37,-2.651,-75.11,-20.12,-4.754,-82.52,-6.289,1.106,-76.97,35.61,-0.8334,-73.46,-31.86,-5.476,-79.27,-32.04,-1.514,-91.32,-24.9,-47.86,-116.7,21,-128.9,37.1,-283.2,-24.42,84.46,-300.8,-204.6,-89.84,-111.3,33.2,-183.1,-264.2,-68.84,157.2,-461.9,111.3,-174.8,-108.9,41.99,-136.7,-144.5,18.06,0.4914,-127.4,23.93,81.08,191.9,93.26,-55.79,-18.98,15.68,-220.7,421.4,53.22,-143.5,-40.08,146.5,-392.6,0,9.752,0.5389,-0.06568,0.816,0.1412,-0.6265,0.1832,0.6398,-0.4473,0.2786,0.3694,-0.5274,0.2169,-0.5156,-0.5036,-0.5658,-0.6803,-0.2366,-0.6167,-0.4724,-0.5195,-0.602,0.7045,-0.1646,0.6783,0.6161,-0.09705,0.7745,0.5304,-0.5806,0.3097,0.3788,-0.7083,0.4519,-0.0119,-0.2901,0.006836,-0.6774,-0.2976,-0.3499,-0.4404,-0.604,-0.6263,-0.06586,-0.4745,-0.2462
9.92,8.63,0.2945,4.338,-4.23,0.8932,2.714,2.565,-5.004,8.779,9.222,8.605,-9.032,1.77,-1.895,-54.44,-31.1,-0.1451,0.8396,2.381,-3.89,58,36.66,17.73,33.88,-0.8392,-1.431,1.934,-0.917,40.1,64.96,14.69,-1.369,-5.016,1.577,6.411,-5.016,-67.81,-2.64,-0.03234,-13.22,2.061,5.856,-12.96,4.612,5.871,18.88,0.9545,9.798,-99.46,-9.013,7.668,-100.2,-13.97,7.805,-153.1,-2.992,19.72,-70.51,-6.906,-0.5993,-74.96,1.652,-1.015,-77.33,19.31,-2.593,-74.78,-20.7,-4.856,-82.45,-6.522,1.153,-76.78,35.53,-0.4705,-73.62,-29.24,-5.41,-79.3,-30.96,-0.9254,-91.32,-29.78,-45.41,-140.1,19.53,-143.1,34.19,-294.9,-34.67,53.22,-334.5,-194.8,-113.8,-111.8,54.2,-200.2,-263.7,-72.76,146,-501.5,96.67,-184.1,-168.5,43.46,-141.6,-126.5,-14.66,-12.2,-182.1,-10.25,-47.85,45.92,28.79,2.339,-11.17,11.68,-205.5,377.4,71.31,-120.6,-13.69,130.9,-267.6,-77.69,3.937,0.5385,-0.06537,0.8162,0.1423,-0.6226,0.1821,0.6451,-0.4439,0.2702,0.3765,-0.5203,0.21,-0.5155,-0.5039,-0.5675,-0.6778,-0.2353,-0.6222,-0.4732,-0.5217,-0.6047,0.7033,-0.1655,0.6791,0.615,-0.09748,0.7753,0.5279,-0.5822,0.3086,0.3745,-0.711,0.4532,-0.01276,-0.2919,0.006348,-0.6807,-0.2974,-0.3496,-0.452,-0.5957,-0.6198,-0.07166,-0.4663,-0.2464
9.93,8.585,0.2926,4.373,-4.303,0.9147,2.621,3.23,-5.283,9.385,9.445,9.192,-9.263,1.927,-1.877,-54.3,-30.92,-0.0172,0.4832,2.858,-4.064,58,37.04,17.83,33.94,-0.8471,-1.681,1.559,-0.8697,40.59,62.2,15.04,-3.25,-5.14,2.228,6.759,-5.021,-67.82,-2.694,-0.01094,-13.35,2.241,6.386,-12.98,5.451,6.409,18.8,1.258,11.17,-99.33,-9.278,7.795,-100.1,-14.51,7.948,-152.5,-2.981,20.39,-70.42,-7.032,-0.6048,-74.91,1.48,-1.006,-76.88,19.25,-2.458,-74.29,-21.23,-5.045,-82.38,-6.757,1.18,-76.66,35.42,-0.1713,-73.89,-26.6,-5.188,-79.34,-30.18,-0.2255,-93.26,-44.43,-48.83,-154.8,-0.981,-158.7,20.99,-304.2,-47.36,30.77,-358.4,-205.1,-113.8,-98.64,47.36,-204.6,-265.6,-79.1,115.7,-542.5,95.7,-184.1,-181.6,16.12,-111.3,-97.66,-17.58,-32.21,-126.4,20.98,-80.08,-75.22,-10.26,-74.17,-92.27,17.52,-178.2,400.4,133.3,-98.16,40.99,71.32,-150.4,-186.5,11.27,0.5382,-0.06513,0.8164,0.1427,-0.6191,0.1805,0.6504,-0.4403,0.262,0.3838,-0.5135,0.2033,-0.5151,-0.5046,-0.5689,-0.6755,-0.2344,-0.6269,-0.4739,-0.5227,-0.6077,0.7024,-0.166,0.6798,0.6138,-0.09754,0.7762,0.5256,-0.5836,0.3078,0.3697,-0.7144,0.4534,-0.01343,-0.2938,0.00586,-0.6831,-0.2978,-0.3494,-0.464,-0.5879,-0.612,-0.07813,-0.4606,-0.2464
9.94,8.451,0.2971,4.368,-4.319,0.899,2.595,3.919,-5.503,9.962,9.666,9.746,-9.49,2.106,-1.869,-54.18,-30.78,0.07851,0.2492,3.32,-4.156,58.06,37.46,17.95,34.03,-0.922,-1.84,1.158,-0.8335,41.06,59.43,15.36,-5.362,-5.206,2.821,7.155,-5.029,-67.82,-2.757,-0.00673,-13.45,2.395,6.885,-12.97,6.286,6.921,18.7,1.617,12.51,-99.21,-9.547,7.921,-100,-15,8.087,-152,-3.07,20.92,-70.4,-7.109,-0.5845,-74.88,1.27,-0.9741,-76.42,19.17,-2.356,-73.76,-21.78,-5.246,-82.34,-7.032,1.15,-76.57,35.3,0.05648,-74.15,-23.96,-4.909,-79.39,-29.63,0.5143,-88.36,-37.11,-63.97,-153.3,-20.02,-183.1,13.17,-299.3,-32.72,28.81,-376,-200.2,-122.6,-90.33,55.66,-221.2,-274.9,-85.45,97.17,-556.6,93.76,-167,-164.6,0,-100.6,-75.68,-11.71,-66.39,-98.15,20.03,-1,-43.92,14.67,-73.83,4.438,57.18,-185,456.6,199.2,-116.7,89.32,-3.868,-47.79,-201.7,69.79,0.5377,-0.065,0.8167,0.1425,-0.6159,0.1786,0.6557,-0.4366,0.254,0.3914,-0.507,0.1969,-0.5145,-0.5053,-0.5703,-0.6734,-0.2338,-0.631,-0.4744,-0.5228,-0.6109,0.702,-0.1659,0.6802,0.6124,-0.09729,0.7772,0.5238,-0.585,0.3072,0.3647,-0.7179,0.4536,-0.01361,-0.2961,0.005493,-0.6841,-0.2988,-0.3493,-0.4759,-0.5799,-0.6034,-0.08472,-0.4567,-0.2461
9.95,8.307,0.2901,4.335,-4.311,0.8381,2.647,4.567,-5.681,10.56,9.863,10.32,-9.688,2.277,-1.885,-54.05,-30.69,0.1319,0.1272,3.77,-4.151,58.18,37.88,18.06,34.08,-1.074,-1.941,0.899,-0.762,41.55,56.65,15.66,-7.633,-5.237,3.363,7.421,-5,-67.8,-2.843,-0.02299,-13.53,2.572,7.36,-12.95,7.101,7.41,18.58,2.023,13.79,-99.14,-9.802,8.056,-99.96,-15.43,8.236,-151.5,-3.232,21.32,-70.43,-7.187,-0.5298,-74.87,1.055,-0.8954,-76.11,19.08,-2.332,-73.37,-22.35,-5.404,-82.29,-7.349,1.121,-76.41,35.14,0.3097,-74.38,-21.35,-4.575,-79.4,-29.26,1.274,-92.78,-44.43,-59.09,-154.8,-45.9,-192.4,-2.943,-303.7,-31.74,20.98,-401.9,-217.3,-125,-81.54,68.36,-227.1,-268.6,-99.12,77.14,-577.1,71.78,-133.3,-133.8,12.69,-91.8,-56.65,12.69,-44.94,-74.23,15.62,19.08,1.004,13.68,-15.7,59.53,7.378,-183.6,466.8,228.5,-176.8,175.8,-119.6,114.7,-143.1,122,0.5371,-0.06513,0.8171,0.1421,-0.6129,0.1763,0.661,-0.4329,0.2464,0.3991,-0.5007,0.1907,-0.5139,-0.5063,-0.5715,-0.6714,-0.2335,-0.6345,-0.4746,-0.5222,-0.614,0.7016,-0.1654,0.6807,0.611,-0.09662,0.7783,0.5228,-0.5861,0.307,0.3602,-0.7208,0.4545,-0.01386,-0.2988,0.005127,-0.6849,-0.3001,-0.3493,-0.488,-0.5719,-0.5943,-0.09156,-0.4541,-0.2462
9.96,8.263,0.2808,4.295,-4.367,0.7472,2.749,5.206,-5.805,11.13,10.08,10.87,-9.901,2.485,-1.93,-53.88,-30.68,0.1526,0.1204,4.19,-4.086,58.31,38.3,18.12,34.02,-1.209,-2.059,0.7194,-0.6978,42.01,53.8,15.93,-9.992,-5.297,3.91,7.608,-4.837,-67.74,-2.914,-0.06403,-13.62,2.743,7.835,-12.91,7.9,7.901,18.44,2.457,15.04,-99.09,-10.05,8.205,-99.94,-15.79,8.398,-151,-3.458,21.62,-70.48,-7.312,-0.4611,-74.86,0.8937,-0.8048,-75.89,18.98,-2.308,-73.07,-22.9,-5.544,-82.25,-7.655,1.132,-76.26,34.92,0.5903,-74.63,-18.75,-4.164,-79.32,-28.98,2.076,-103.5,-59.57,-46.87,-151.9,-75.2,-191.4,0,-290.5,-31.26,27.34,-423.3,-213.9,-120.1,-79.11,67.87,-231.5,-259.3,-90.82,67.38,-578.1,35.15,-84.47,-86.43,42.48,-112.8,-61.03,9.269,-77.65,-103.5,98.14,-67.85,-38.58,6.342,50.45,34.12,-32.74,-157.2,429.2,183.1,-214.4,265.1,-172.4,298.8,-134.8,182.6,0.5365,-0.06562,0.8174,0.1415,-0.6098,0.174,0.6662,-0.4293,0.2389,0.4069,-0.4946,0.1848,-0.5133,-0.5074,-0.5725,-0.6697,-0.2333,-0.6374,-0.4746,-0.5211,-0.6172,0.7009,-0.1646,0.6815,0.61,-0.09589,0.7792,0.5221,-0.5871,0.307,0.3564,-0.7233,0.4557,-0.0144,-0.3013,0.004883,-0.686,-0.3016,-0.3496,-0.5001,-0.564,-0.5844,-0.099,-0.452,-0.2468
9.97,8.374,0.2913,4.264,-4.533,0.6506,2.868,5.795,-5.89,11.67,10.29,11.38,-10.11,2.658,-1.965,-53.63,-30.68,0.1539,0.2071,4.592,-3.958,58.4,38.68,18.14,33.82,-1.288,-2.179,0.5426,-0.6458,42.5,50.84,16.25,-12.39,-5.402,4.489,7.793,-4.547,-67.66,-2.961,-0.09908,-13.76,2.943,8.277,-12.92,8.677,8.363,18.31,2.9,16.23,-99.04,-10.26,8.341,-99.93,-16.09,8.544,-150.7,-3.734,21.79,-70.52,-7.523,-0.3737,-74.86,0.7989,-0.7204,-75.67,18.92,-2.235,-72.79,-23.45,-5.715,-82.24,-7.924,1.156,-76.13,34.63,0.8583,-74.9,-16.1,-3.707,-79.16,-28.69,2.912,-86.42,-72.26,-64.46,-124,-76.18,-182.1,11.25,-290,-34.67,34.67,-436,-213.4,-106.4,-80.56,67.38,-233.9,-254.9,-94.24,46.38,-572.8,4.882,-74.24,-58.6,9.766,-102.1,-42.96,-45.41,-104.5,-104.5,-18.57,-131.8,-107.4,25.87,31.4,0,-43.04,-104,344.8,114.8,-220.2,393.1,-186.6,445.9,5.817,190.9,0.5361,-0.06617,0.8175,0.1414,-0.6069,0.1718,0.671,-0.4258,0.2318,0.4144,-0.4887,0.179,-0.5127,-0.5083,-0.5733,-0.6682,-0.2332,-0.6398,-0.4743,-0.5196,-0.6203,0.6998,-0.1637,0.6828,0.6094,-0.09522,0.7796,0.5215,-0.5874,0.3073,0.3527,-0.7258,0.4568,-0.01495,-0.3035,0.004883,-0.687,-0.3035,-0.3502,-0.5122,-0.556,-0.5736,-0.1071,-0.4498,-0.2479
9.98,8.474,0.3002,4.222,-4.669,0.5573,2.989,6.357,-5.922,12.19,10.49,11.88,-10.31,2.822,-2.01,-53.35,-30.67,0.1495,0.3849,4.966,-3.81,58.44,39.01,18.15,33.51,-1.282,-2.271,0.3583,-0.5966,43.06,47.75,16.66,-14.73,-5.534,5.273,7.957,-4.147,-67.6,-3.005,-0.1358,-13.95,3.153,8.7,-12.98,9.435,8.807,18.18,3.334,17.37,-99,-10.47,8.473,-99.9,-16.32,8.684,-150.4,-4.046,21.89,-70.59,-7.7,-0.2919,-74.87,0.7288,-0.6418,-75.46,18.86,-2.083,-72.53,-24.05,-5.906,-82.24,-8.145,1.184,-76.02,34.25,1.088,-75.12,-13.4,-3.286,-78.87,-28.29,3.871,-94.25,-78.61,-61.52,-90.82,-75.2,-176.3,34.68,-293.9,-47.36,55.19,-446.8,-208,-104.5,-99.61,66.41,-238.3,-233.9,-86.91,43.95,-542,-19.04,-93.24,-37.59,8.295,-105,-19.53,-105,-170.9,-136.7,6.348,-155.8,-30.74,107.4,28.73,-9.794,-93.76,-74.69,254.9,61.53,-238.7,517.1,-147,787.2,-140.1,242.6,0.5357,-0.06665,0.8177,0.1415,-0.6041,0.1699,0.6754,-0.4226,0.2249,0.4217,-0.4831,0.1735,-0.5122,-0.5093,-0.5741,-0.6672,-0.2332,-0.6416,-0.4737,-0.5178,-0.6232,0.6989,-0.1627,0.6839,0.609,-0.09455,0.78,0.5214,-0.5871,0.3082,0.349,-0.7283,0.4582,-0.01544,-0.3053,0.005005,-0.6873,-0.306,-0.3513,-0.5242,-0.5474,-0.5625,-0.1168,-0.4466,-0.25
9.99,8.498,0.3085,4.144,-4.712,0.486,3.119,6.883,-5.884,12.71,10.69,12.37,-10.5,2.984,-2.062,-53.04,-30.61,0.1438,0.6592,5.298,-3.626,58.39,39.31,18.18,33.11,-1.242,-2.356,0.3124,-0.4016,43.67,44.5,17.17,-17.03,-5.6,6.1,7.966,-3.797,-67.58,-3.056,-0.1773,-14.22,3.375,9.108,-13.11,10.17,9.239,18.08,3.735,18.45,-98.93,-10.68,8.596,-99.84,-16.49,8.812,-150.1,-4.406,21.91,-70.69,-7.793,-0.2395,-74.89,0.6633,-0.5922,-75.42,18.83,-1.974,-72.45,-24.69,-6.011,-82.25,-8.293,1.201,-75.76,33.78,1.375,-75.15,-10.63,-2.966,-78.46,-27.79,4.802,-118.2,-83.5,-49.32,-107.9,-84.47,-189,55.67,-309.1,-42.97,64.45,-460.9,-196.3,-102,-114.3,71.78,-206.5,-257.3,-121.6,30.76,-552.2,-19.53,-105.5,-13.67,-11.24,-136.2,-25.88,-91.8,-212.4,-194.3,67.38,-220.2,-34.19,-41.03,27.73,-71.77,-73.17,-84.45,175.3,29.28,-230.9,578.6,-59.55,1025,-172.3,-34.62,0.5352,-0.06702,0.8179,0.1421,-0.6012,0.1685,0.6795,-0.4196,0.2182,0.4284,-0.4776,0.1683,-0.5118,-0.51,-0.5751,-0.6664,-0.233,-0.643,-0.4729,-0.5157,-0.6262,0.6985,-0.1618,0.6845,0.6086,-0.09406,0.7803,0.5216,-0.5865,0.3093,0.3458,-0.7301,0.4607,-0.01575,-0.3065,0.005127,-0.6874,-0.3089,-0.353,-0.5366,-0.5371,-0.5517,-0.1268,-0.4424,-0.2529
10,8.507,0.3373,4.075,-4.692,0.4487,3.249,7.38,-5.834,13.23,10.85,12.88,-10.66,3.13,-2.079,-52.69,-30.52,0.1535,0.971,5.59,-3.372,58.24,39.56,18.16,32.58,-1.18,-2.442,0.2455,0.05808,44.28,41.16,17.7,-19.1,-5.621,6.854,7.961,-3.649,-67.57,-3.119,-0.2011,-14.52,3.6,9.508,-13.28,10.88,9.665,18.02,4.081,19.48,-98.85,-10.88,8.69,-99.77,-16.65,8.908,-149.9,-4.806,21.83,-70.81,-7.835,-0.2059,-74.95,0.6324,-0.5842,-75.39,18.79,-1.88,-72.39,-25.33,-6.089,-82.27,-8.403,1.193,-75.25,33.2,1.782,-74.9,-7.866,-2.767,-77.98,-27.08,5.638,-149.9,-78.61,-32.72,-114.8,-66.4,-190.9,63.97,-335,-48.34,48.33,-470.7,-198.7,-117.7,-136.7,68.84,-238.3,-298.3,-134.8,19.06,-553.7,4.882,-131.3,1.962,-24.91,-150.4,-62.99,-78.62,-219.7,-60.53,-9.776,-232.5,-135.8,-17.1,-15.7,-1.53,-1.537,-96.19,159.2,43.45,-237.3,587.9,-32.24,1033,366.7,-22.46,0.5347,-0.06714,0.8182,0.1432,-0.5983,0.1677,0.6831,-0.417,0.2119,0.4345,-0.4724,0.1632,-0.5113,-0.5107,-0.5761,-0.6657,-0.2327,-0.6442,-0.4719,-0.5131,-0.6291,0.6985,-0.1608,0.6849,0.6084,-0.0937,0.7805,0.5219,-0.5859,0.3103,0.3428,-0.7317,0.4633,-0.01575,-0.3074,0.00531,-0.6872,-0.3122,-0.3553,-0.5493,-0.5249,-0.5422,-0.1363,-0.4364,-0.2562
10.01,8.551,0.3401,4.064,-4.654,0.4331,3.309,7.825,-5.732,13.73,10.97,13.37,-10.78,3.22,-2.088,-52.32,-30.38,0.2007,1.37,5.867,-3.105,57.98,39.77,18.08,31.92,-1.129,-2.447,0.1481,0.7228,44.85,37.8,18.25,-20.59,-5.673,7.906,7.955,-3.901,-67.61,-3.203,-0.2244,-14.9,3.862,9.85,-13.54,11.57,10.03,17.98,4.374,20.45,-98.78,-11.09,8.76,-99.69,-16.75,8.98,-149.7,-5.26,21.68,-70.92,-7.882,-0.2028,-75.03,0.6286,-0.5835,-75.38,18.7,-1.795,-72.34,-25.98,-6.196,-82.3,-8.522,1.193,-74.55,32.52,2.216,-74.43,-5.188,-2.552,-77.77,-25.89,6.971,-161.1,-62.5,-37.1,-136.2,-69.33,-193.9,50.31,-362.8,-39.06,34.67,-480,-209.5,-139.6,-140.1,69.82,-301.3,-291,-106,-47.35,-579.1,9.765,-181.7,-41.99,-81.05,-147,-79.11,-102,-180.7,103.5,19.04,-74.69,38.08,-33.7,-78.51,41.93,46.42,-136.7,207,25.88,-157.8,585.4,46.9,1404,-80.02,-176.8,0.5341,-0.06702,0.8187,0.1448,-0.5957,0.1671,0.6863,-0.4145,0.2058,0.4398,-0.4674,0.1584,-0.5108,-0.5111,-0.5772,-0.6652,-0.2326,-0.6449,-0.4706,-0.5103,-0.632,0.6983,-0.1601,0.6853,0.6085,-0.0932,0.7806,0.5225,-0.5853,0.3119,0.3397,-0.7333,0.4658,-0.01581,-0.3084,0.005554,-0.6866,-0.3157,-0.3585,-0.5623,-0.5118,-0.5332,-0.1493,-0.4269,-0.2569
10.02,8.61,0.3754,4.094,-4.628,0.3921,3.349,8.262,-5.588,14.2,11.08,13.84,-10.89,3.299,-2.114,-51.93,-30.24,0.2977,1.826,6.113,-2.81,57.6,39.95,17.98,31.19,-1.149,-2.348,0.1705,1.574,45.45,34.5,18.78,-21.56,-5.674,8.955,7.835,-4.444,-67.68,-3.296,-0.2488,-15.32,4.118,10.15,-13.84,12.25,10.36,17.99,4.595,21.35,-98.72,-11.28,8.836,-99.61,-16.8,9.054,-149.7,-5.721,21.48,-71.02,-7.948,-0.1769,-75.17,0.6212,-0.5926,-75.55,18.6,-1.832,-72.43,-26.68,-6.225,-82.34,-8.689,1.206,-73.68,31.75,2.625,-73.78,-2.665,-2.296,-77.73,-24.33,8.444,-152.8,-65.92,-22.46,-152.4,-57.62,-184.1,31.74,-380.9,-20.51,15.12,-506.3,-216.3,-164.1,-147,72.76,-311,-269,-85.45,-108.4,-569.3,-11.22,-222.7,-117.7,-107.9,-141.6,-90.32,-132.3,-105,143.6,74.21,78.15,195.3,-120.1,-99.22,98.09,114.2,-210.5,245.6,4.864,-98.62,596.7,47.87,1537,-340.8,-310.1,0.5335,-0.06678,0.8193,0.1466,-0.5932,0.1668,0.6894,-0.4121,0.2001,0.4444,-0.4626,0.1538,-0.5102,-0.5117,-0.5781,-0.665,-0.2328,-0.6451,-0.4691,-0.5073,-0.6347,0.6981,-0.1592,0.6858,0.6085,-0.09253,0.7808,0.5232,-0.5851,0.3131,0.3371,-0.7343,0.4694,-0.01599,-0.3097,0.005982,-0.6859,-0.319,-0.3627,-0.5753,-0.4982,-0.5249,-0.163,-0.4147,-0.2558
10.03,8.65,0.3907,4.089,-4.587,0.3502,3.411,8.651,-5.417,14.65,11.14,14.3,-10.94,3.319,-2.141,-51.56,-30.09,0.4221,2.269,6.341,-2.509,57.16,40.11,17.92,30.41,-1.235,-2.101,0.247,2.5,46.06,31.34,19.23,-22.01,-5.679,9.702,7.667,-5.316,-67.79,-3.41,-0.269,-15.77,4.397,10.39,-14.17,12.9,10.63,18.02,4.779,22.19,-98.69,-11.44,8.9,-99.57,-16.79,9.114,-149.6,-6.139,21.21,-71.2,-8.02,-0.1422,-75.34,0.5903,-0.571,-75.78,18.5,-1.92,-72.59,-27.38,-6.216,-82.38,-8.924,1.259,-72.76,30.9,2.934,-73.03,-0.3593,-1.953,-77.99,-22.45,9.782,-138.7,-74.22,-27.83,-159.2,-57.62,-203.6,20,-387.2,-2.437,-1.465,-530.3,-211.9,-171.4,-148.9,82.52,-278.8,-262.2,-92.29,-123.5,-531.7,-21.49,-236.8,-165.5,-100.6,-144,-111.3,-100.1,-57.63,248,-11.24,222.2,207.5,-85.93,-85.52,78.2,130.8,-264.6,217.3,-39.57,-5.346,524.4,-59.55,1141,-1603,-376.9,0.5327,-0.06629,0.82,0.1486,-0.5912,0.1665,0.6923,-0.4099,0.1949,0.4483,-0.4582,0.1494,-0.5097,-0.5123,-0.5788,-0.6651,-0.233,-0.6449,-0.4679,-0.5044,-0.6369,0.6979,-0.158,0.6864,0.6085,-0.09149,0.7811,0.524,-0.5849,0.3142,0.3347,-0.735,0.4732,-0.0166,-0.3116,0.00647,-0.685,-0.3218,-0.3682,-0.5879,-0.4851,-0.5172,-0.1747,-0.4004,-0.2519
10.04,8.689,0.4136,4.029,-4.578,0.2783,3.526,9.013,-5.25,15.06,11.18,14.72,-10.97,3.326,-2.197,-51.25,-29.95,0.5641,2.669,6.545,-2.193,56.73,40.25,17.89,29.61,-1.373,-1.717,0.2107,3.34,46.69,28.35,19.6,-22.86,-5.729,9.398,7.601,-6.545,-67.93,-3.511,-0.29,-16.19,4.665,10.61,-14.49,13.52,10.88,18.05,4.923,22.96,-98.7,-11.57,8.974,-99.55,-16.75,9.183,-149.6,-6.486,20.91,-71.45,-8.109,-0.06948,-75.52,0.5459,-0.5176,-75.91,18.43,-1.989,-72.65,-28.09,-6.235,-82.43,-9.243,1.357,-71.96,30.04,3.054,-72.36,1.749,-1.464,-78.77,-21.14,10.36,-123.5,-94.73,-27.83,-157.2,-54.68,-205.1,5.851,-395,0,-28.31,-555.2,-221.2,-170.4,-147,99.12,-286.6,-279.3,-81.55,-132.3,-508.3,-41.51,-227.5,-186,-106.5,-118.6,-138.2,-88.37,-38.55,270,-30.28,327.1,167,-37.61,-72.83,-21.42,105,-290,158.2,-24.41,176.3,301.8,-221.7,1535,1092,-1052,0.532,-0.06568,0.8207,0.1505,-0.5893,0.1661,0.695,-0.4077,0.1901,0.4518,-0.4541,0.1455,-0.5092,-0.513,-0.5792,-0.6653,-0.2332,-0.6445,-0.4669,-0.5017,-0.6385,0.6978,-0.156,0.6872,0.6084,-0.09009,0.7815,0.5246,-0.5849,0.3148,0.3317,-0.7361,0.4766,-0.0177,-0.3141,0.007019,-0.6836,-0.3244,-0.3744,-0.5998,-0.4735,-0.5089,-0.1777,-0.3913,-0.2446
10.05,8.708,0.4276,3.914,-4.605,0.1909,3.709,9.352,-5.09,15.41,11.22,15.08,-11,3.317,-2.272,-51,-29.82,0.707,3.033,6.728,-1.864,56.35,40.38,17.94,28.83,-1.516,-1.203,0.04538,3.945,47.43,25.52,19.95,-22.84,-5.774,9.455,7.634,-7.664,-68.08,-3.586,-0.3135,-16.56,4.915,10.79,-14.76,14.1,11.09,18.08,5.058,23.66,-98.73,-11.64,9.039,-99.56,-16.67,9.244,-149.5,-6.774,20.56,-71.79,-8.206,0.02711,-75.73,0.4734,-0.4295,-75.92,18.41,-1.984,-72.58,-28.84,-6.297,-82.46,-9.656,1.443,-71.45,29.18,2.92,-71.93,3.707,-0.8399,-79.7,-19.07,11.23,-123,-111.3,-32.72,-134.8,-48.83,-209.5,19.06,-388.7,1.46,-28.31,-567.9,-217.8,-157.7,-157.2,108.9,-295.9,-288.1,-90.82,-132.3,-491.7,-64.95,-217.8,-155.8,-83.97,-124.5,-154.3,-89.35,-83.99,247.1,-79.1,391.6,202.6,-5.35,-157.7,-63.05,161.5,-283.7,59.55,25.41,511.7,282.2,70.27,1023,277.3,-371.6,0.5315,-0.06507,0.8213,0.1522,-0.5876,0.1658,0.6976,-0.4059,0.1858,0.455,-0.4503,0.1419,-0.5089,-0.5136,-0.5793,-0.6656,-0.2334,-0.6437,-0.4664,-0.4989,-0.6397,0.6977,-0.1533,0.6881,0.6081,-0.08832,0.782,0.5246,-0.5849,0.3151,0.3278,-0.7377,0.4798,-0.0188,-0.3174,0.007507,-0.6814,-0.3269,-0.3809,-0.6105,-0.4642,-0.4995,-0.1834,-0.3765,-0.235
10.06,8.694,0.4785,3.809,-4.669,0.0437,3.877,9.655,-4.949,15.71,11.26,15.39,-11.02,3.315,-2.369,-50.87,-29.69,0.8036,3.33,6.865,-1.543,56.06,40.51,18.05,28.11,-1.655,-0.6435,-0.2073,4.361,48.29,22.92,20.25,-22.69,-5.774,9.795,7.708,-8.864,-68.26,-3.613,-0.3419,-16.85,5.144,10.98,-14.95,14.62,11.31,18.11,5.206,24.28,-98.78,-11.67,9.096,-99.6,-16.56,9.295,-149.5,-6.99,20.19,-72.15,-8.289,0.1761,-75.96,0.384,-0.3252,-75.85,18.44,-1.929,-72.45,-29.66,-6.355,-82.48,-10.18,1.511,-71.18,28.38,2.636,-71.64,5.479,-0.3938,-80.76,-17.06,12.12,-145,-111.8,-45.91,-110.4,-22.46,-193.4,41.02,-376,-5.863,-29.77,-592.8,-211.4,-145.5,-175.3,101.1,-287.1,-297.4,-100.1,-155.3,-476.1,-69.34,-188.5,-121.1,-23.93,-150.4,-188.5,-64.45,-133.3,223.6,60.56,346.7,238.3,58.13,-138.3,-41.01,156.8,-230,-50.3,108.4,360.3,389.6,-46.9,1595,504.4,-547.4,0.5314,-0.06439,0.8218,0.1536,-0.586,0.1652,0.6999,-0.4043,0.1818,0.458,-0.447,0.1386,-0.5087,-0.5141,-0.5791,-0.6661,-0.2337,-0.6428,-0.4663,-0.4963,-0.6404,0.6978,-0.1503,0.6889,0.6078,-0.08631,0.7826,0.5247,-0.5846,0.3151,0.3233,-0.7396,0.483,-0.01996,-0.3216,0.007813,-0.6785,-0.3295,-0.3872,-0.6189,-0.4558,-0.4912,-0.1889,-0.3624,-0.2239
10.07,8.735,0.5277,3.775,-4.776,-0.1018,3.967,9.889,-4.802,15.95,11.29,15.64,-11.04,3.276,-2.455,-50.84,-29.58,0.8372,3.569,6.994,-1.254,55.88,40.65,18.17,27.38,-1.86,-0.08907,-0.4748,4.32,49.25,20.61,20.5,-22.37,-5.764,10.28,7.771,-9.508,-68.46,-3.602,-0.3529,-17.06,5.354,11.15,-15.09,15.05,11.5,18.12,5.381,24.83,-98.88,-11.66,9.143,-99.67,-16.4,9.336,-149.5,-7.135,19.81,-72.44,-8.376,0.3305,-76.21,0.3453,-0.218,-75.78,18.54,-1.931,-72.29,-30.53,-6.429,-82.44,-10.8,1.575,-71.45,27.65,2.111,-71.87,7.058,0.1261,-81.76,-15.07,13,-149.9,-101.6,-111.8,-96.19,-26.85,-210.9,71.29,-368.2,-2.931,-20.02,-596.2,-203.6,-136.2,-191.9,90.82,-279.8,-293.5,-83.01,-152.8,-460.5,-66.41,-134.7,-113.3,15.63,-180.7,-171.4,-49.81,-126.5,175.3,22.95,196.8,164.6,110.4,-60.47,-46.37,92.23,-154.8,-194.8,142.6,382.3,445.3,-117.2,1084,760.8,-614.3,0.5316,-0.06354,0.8221,0.1549,-0.5845,0.1646,0.7018,-0.4029,0.1785,0.4609,-0.4442,0.1356,-0.5085,-0.5147,-0.5786,-0.6668,-0.234,-0.6415,-0.4666,-0.4938,-0.6406,0.6977,-0.1477,0.6897,0.6078,-0.08423,0.783,0.5247,-0.5846,0.3142,0.3183,-0.7416,0.4863,-0.0213,-0.3266,0.007752,-0.6751,-0.3324,-0.3929,-0.6249,-0.4513,-0.4812,-0.1947,-0.3485,-0.2128
10.08,8.905,0.5729,3.748,-4.9,-0.2544,4.037,10.03,-4.657,16.23,11.27,15.94,-10.99,3.21,-2.538,-50.92,-29.48,0.8058,3.72,7.09,-1.001,55.83,40.78,18.24,26.63,-2.051,0.3344,-0.7939,3.982,50.27,18.49,20.74,-22.12,-5.799,10.99,7.857,-9.624,-68.68,-3.626,-0.3619,-17.17,5.568,11.33,-15.13,15.4,11.7,18.12,5.581,25.28,-98.99,-11.62,9.174,-99.76,-16.22,9.36,-149.5,-7.189,19.43,-72.74,-8.512,0.4948,-76.46,0.3865,-0.1025,-75.65,18.66,-1.891,-72.05,-31.41,-6.56,-82.39,-11.47,1.644,-72.04,26.98,1.58,-72.42,8.488,0.7044,-82.59,-13.31,14.02,-116.2,-84.48,-144.5,-105.5,-22.94,-206.1,79.11,-390.1,5.863,-17.59,-597.7,-199.2,-135.7,-200.2,82.52,-278.3,-279.8,-80.57,-166.5,-466.8,-71.78,-106.4,-86.92,13.67,-199.2,-108.9,-73.24,-109.4,96.69,28.82,28.31,160.2,147,-33.74,-27.85,-15.06,-110.4,-305.2,145.5,461.9,583.5,-192.8,711,976.5,-794.4,0.5315,-0.06256,0.8226,0.156,-0.5831,0.1636,0.7035,-0.4016,0.1757,0.4636,-0.442,0.1332,-0.5083,-0.5153,-0.5779,-0.6677,-0.2344,-0.6399,-0.4674,-0.4917,-0.6404,0.6974,-0.1449,0.6907,0.6083,-0.08216,0.7829,0.5246,-0.5844,0.3132,0.3129,-0.7439,0.4893,-0.02283,-0.3319,0.007508,-0.6713,-0.3364,-0.397,-0.6291,-0.4496,-0.47,-0.2021,-0.3361,-0.2029
10.09,9.153,0.5696,3.641,-4.963,-0.3824,4.11,10.12,-4.478,16.57,11.13,16.3,-10.84,3.141,-2.604,-51.07,-29.4,0.7362,3.792,7.14,-0.8287,55.84,40.92,18.27,25.87,-2.123,0.5344,-1.169,3.372,51.31,16.54,21.02,-22.07,-5.883,12,8.018,-9.321,-68.92,-3.739,-0.3821,-17.24,5.764,11.48,-15.16,15.68,11.87,18.1,5.789,25.63,-99.14,-11.57,9.175,-99.88,-15.99,9.352,-149.5,-7.165,19.07,-73.06,-8.68,0.6262,-76.65,0.4761,0.02605,-75.4,18.79,-1.698,-71.71,-32.31,-6.793,-82.35,-12.11,1.695,-72.87,26.33,1.165,-73.22,9.797,1.114,-83.17,-11.92,15.13,-64.95,-87.4,-141.6,-124,-32.22,-209,74.69,-403.8,1.46,-4.396,-598.6,-179.2,-152.8,-203.1,75.69,-286.1,-275.9,-78.61,-168.4,-468.8,-74.71,-156.8,-27.34,21.49,-208,-58.6,-132.8,-128.4,23.43,-21.96,-175.3,79.61,129.4,20.38,19.59,-87.92,6.339,-294.5,15.16,329.6,720.2,-261.3,834.9,908.3,-967.3,0.5308,-0.06147,0.8235,0.157,-0.5819,0.1625,0.705,-0.4003,0.1734,0.4662,-0.4404,0.1313,-0.5078,-0.5158,-0.5772,-0.6687,-0.2348,-0.6382,-0.4686,-0.4899,-0.6397,0.6968,-0.1422,0.692,0.6091,-0.08032,0.7826,0.5244,-0.5835,0.3129,0.3074,-0.7467,0.4917,-0.02411,-0.3371,0.007385,-0.6677,-0.3416,-0.3994,-0.6313,-0.4492,-0.4593,-0.2108,-0.3264,-0.1949
10.1,9.297,0.5515,3.481,-4.827,-0.4675,4.147,10.17,-4.272,16.93,10.91,16.69,-10.61,3.026,-2.64,-51.25,-29.32,0.6598,3.794,7.161,-0.7174,55.88,41.02,18.24,25.15,-2.034,0.558,-1.531,2.767,52.31,14.78,21.36,-22.19,-5.998,13.04,8.198,-8.834,-69.18,-3.918,-0.3955,-17.3,5.958,11.58,-15.18,15.92,11.99,18.05,6.012,25.87,-99.31,-11.53,9.153,-100,-15.75,9.319,-149.5,-7.063,18.75,-73.36,-8.717,0.7068,-76.77,0.5885,0.1185,-75.12,18.87,-1.387,-71.37,-33.19,-7.07,-82.35,-12.71,1.743,-73.64,25.73,0.9074,-73.95,10.95,1.322,-83.45,-10.9,16.09,-30.28,-101.1,-83.01,-125,-32.22,-193.4,68.84,-423.8,1.954,-0.9658,-600.6,-177.3,-161.1,-202.2,70.31,-290.5,-289.1,-78.13,-173.3,-474.6,-69.83,-212.4,12.69,21.49,-169.9,-1.475,-144.1,-189,-67.87,70.31,-364.8,-78.11,60.56,69.49,-4.438,-123.1,69.34,-257.3,-112.3,201.2,782.3,-161.7,730.5,888.2,-964.8,0.5296,-0.06018,0.8248,0.158,-0.581,0.1614,0.7065,-0.3991,0.1717,0.4685,-0.4394,0.13,-0.5072,-0.5164,-0.5765,-0.6698,-0.2351,-0.6363,-0.4699,-0.4887,-0.6385,0.697,-0.1399,0.6925,0.6101,-0.0791,0.782,0.524,-0.5823,0.3134,0.302,-0.7495,0.494,-0.02521,-0.3419,0.007569,-0.6645,-0.3472,-0.4008,-0.6324,-0.4485,-0.4504,-0.2189,-0.3191,-0.1898
10.11,9.253,0.4929,3.285,-4.472,-0.494,4.14,10.2,-4.034,17.27,10.64,17.06,-10.32,2.878,-2.649,-51.43,-29.26,0.5963,3.737,7.163,-0.69,55.96,41.09,18.14,24.48,-1.884,0.4812,-1.828,2.514,53.22,13.34,21.75,-22.49,-6.118,13.9,8.389,-8.525,-69.44,-4.129,-0.4014,-17.36,6.14,11.64,-15.23,16.13,12.05,17.96,6.238,26.03,-99.51,-11.48,9.109,-100.2,-15.46,9.263,-149.5,-6.885,18.46,-73.62,-8.572,0.7158,-76.83,0.693,0.1815,-74.84,18.88,-1.068,-71.04,-34.07,-7.38,-82.4,-13.25,1.772,-73.97,25.16,0.9007,-74.25,11.82,1.432,-83.48,-10.33,16.91,-12.21,-92.78,-16.11,-119.2,-54.68,-183.6,66.39,-429.2,4.885,1.965,-608.4,-167.5,-160.6,-192.9,68.36,-287.1,-301.8,-85.45,-170.9,-472.2,-59.07,-203.1,36.12,-61.03,-105.5,35.65,-149.9,-244.1,-186,104,-425.3,-131.8,73.74,4.009,9.794,-95.76,87.92,-235.4,-193.4,147,793.4,-89.37,833,894.6,-1041,0.5282,-0.05878,0.8262,0.1589,-0.5805,0.1604,0.7079,-0.398,0.1705,0.4708,-0.4386,0.1294,-0.5065,-0.5169,-0.5757,-0.6711,-0.2354,-0.6341,-0.4715,-0.488,-0.6368,0.6982,-0.1384,0.6919,0.6109,-0.07843,0.7815,0.5238,-0.581,0.3147,0.2969,-0.7523,0.4962,-0.02594,-0.3463,0.008057,-0.6618,-0.3526,-0.4018,-0.634,-0.4464,-0.4449,-0.2262,-0.3149,-0.1875
10.12,9.103,0.4111,3.062,-4.016,-0.4626,4.107,10.22,-3.8,17.55,10.34,17.37,-10.02,2.702,-2.623,-51.61,-29.27,0.5258,3.612,7.159,-0.7177,56.09,41.15,17.99,23.86,-1.722,0.3434,-1.89,2.672,54.13,12.27,22.22,-22.85,-6.177,14.51,8.416,-8.412,-69.72,-4.333,-0.3833,-17.44,6.288,11.64,-15.3,16.29,12.06,17.81,6.471,26.12,-99.78,-11.39,9.053,-100.4,-15.14,9.195,-149.6,-6.627,18.19,-73.86,-8.322,0.6795,-76.85,0.7941,0.2239,-74.78,18.82,-0.8419,-70.92,-35.01,-7.589,-82.46,-13.73,1.795,-73.81,24.63,1.129,-74.11,12.37,1.556,-83.27,-10.13,17.58,-38.58,-85.45,35.64,-105,-72.27,-190.9,73.75,-423.3,0.9771,13.69,-608.9,-168.5,-147.5,-187.5,45.41,-277.8,-313.5,-79.1,-147,-470.7,-49.8,-165.5,70.31,-106,-63,53.72,-144.1,-238.3,-225.1,17.58,-398.5,-172.8,44.95,28.73,-18.98,-61.48,62.01,-240.2,-180.7,95.66,772.5,-26.35,787.6,768.5,-1179,0.5269,-0.05719,0.8275,0.1597,-0.5803,0.1596,0.7093,-0.3969,0.1701,0.4731,-0.4382,0.1295,-0.5056,-0.5177,-0.5745,-0.6724,-0.2358,-0.6317,-0.4731,-0.4879,-0.6344,0.7,-0.1373,0.6906,0.6116,-0.07813,0.7809,0.5242,-0.5796,0.3166,0.2924,-0.7543,0.4995,-0.02649,-0.3502,0.008728,-0.6596,-0.3575,-0.4025,-0.6365,-0.4434,-0.4423,-0.2325,-0.3131,-0.1878
10.13,8.988,0.3174,2.881,-3.604,-0.4116,4.043,10.21,-3.584,17.78,10.02,17.62,-9.693,2.514,-2.602,-51.77,-29.39,0.4583,3.449,7.152,-0.7715,56.25,41.21,17.8,23.28,-1.558,0.166,-1.782,3.233,55,11.55,22.73,-23.21,-6.181,14.77,8.3,-8.531,-69.96,-4.526,-0.3627,-17.52,6.425,11.61,-15.39,16.42,12.04,17.61,6.706,26.14,-100.1,-11.26,9.01,-100.7,-14.8,9.141,-149.8,-6.305,17.94,-74.04,-8.106,0.6244,-76.85,0.8959,0.2597,-74.88,18.73,-0.6809,-70.99,-35.96,-7.689,-82.54,-14.18,1.82,-73.19,24.13,1.568,-73.55,12.58,1.765,-82.92,-10.24,18.1,-62.98,-43.95,80.07,-59.08,-82.03,-165,91.3,-405.8,14.16,36.14,-607.9,-155.8,-116.2,-176.8,22.46,-252.9,-318.9,-100.6,-95.23,-455.6,-30.27,-142.1,82.03,-108.4,-27.83,56.15,-125,-190.9,-188.5,-7.332,-252.5,-211.9,-33.2,8.686,-50.35,5.841,27.34,-289,-159.7,56.64,766.1,1.451,796.4,713.8,-1111,0.5256,-0.05573,0.8288,0.1607,-0.5804,0.1591,0.7107,-0.3959,0.1702,0.4753,-0.4379,0.1301,-0.5046,-0.5187,-0.5728,-0.6737,-0.2367,-0.6289,-0.4748,-0.4884,-0.6316,0.7015,-0.1366,0.6895,0.6123,-0.07794,0.7804,0.525,-0.5782,0.319,0.2886,-0.7554,0.5038,-0.02698,-0.3538,0.009461,-0.6582,-0.3618,-0.4032,-0.64,-0.44,-0.4424,-0.2376,-0.3135,-0.1899
10.14,8.881,0.2318,2.779,-3.269,-0.3686,3.941,10.17,-3.392,17.91,9.715,17.78,-9.383,2.328,-2.563,-51.88,-29.66,0.3877,3.248,7.149,-0.8456,56.47,41.31,17.55,22.7,-1.424,-0.0464,-1.587,4.092,55.82,11.12,23.23,-23.57,-6.121,14.81,8.097,-8.831,-70.18,-4.665,-0.3391,-17.61,6.537,11.54,-15.5,16.5,11.97,17.34,6.942,26.11,-100.6,-11.08,8.962,-101.1,-14.43,9.082,-150.1,-5.94,17.68,-74.15,-7.914,0.577,-76.86,0.9822,0.295,-75.09,18.55,-0.5808,-71.16,-36.95,-7.732,-82.62,-14.64,1.815,-72.27,23.59,2.16,-72.7,12.48,2.031,-82.5,-10.64,18.52,-106.4,-26.37,97.16,-49.32,-89.84,-168,130.4,-368.2,17.58,78.6,-592.8,-162.1,-78.62,-156.2,10.25,-213.4,-320.8,-111.3,-61.52,-446.8,-20.5,-119.6,68.86,-110.8,-2.435,32.22,-110.4,-88.86,-95.24,-51.26,11.23,-112.8,-44.45,-80.18,-54.63,119.1,-43.93,-362.3,-95.72,19.56,726.6,-41.02,758.8,675.8,-1082,0.5247,-0.05445,0.8297,0.162,-0.5807,0.1591,0.712,-0.3951,0.171,0.4776,-0.4378,0.1315,-0.5033,-0.5201,-0.5704,-0.675,-0.238,-0.6257,-0.4764,-0.4893,-0.6282,0.7028,-0.1363,0.6884,0.6129,-0.0777,0.7799,0.5261,-0.5769,0.322,0.285,-0.7561,0.5086,-0.02722,-0.3575,0.01013,-0.6584,-0.3651,-0.4044,-0.6441,-0.4367,-0.4445,-0.2421,-0.3159,-0.1932
10.15,8.735,0.1597,2.781,-2.999,-0.3568,3.832,10.12,-3.241,17.95,9.442,17.83,-9.108,2.17,-2.532,-51.94,-30.07,0.3339,3.035,7.125,-0.9181,56.72,41.42,17.26,22.15,-1.337,-0.194,-1.38,5.041,56.6,10.9,23.65,-23.92,-5.998,14.72,7.852,-9.123,-70.34,-4.729,-0.3241,-17.71,6.629,11.46,-15.63,16.54,11.88,17.02,7.152,26.01,-101.2,-10.84,8.92,-101.7,-14.04,9.032,-150.4,-5.551,17.42,-74.2,-7.708,0.5513,-76.91,1.044,0.338,-75.35,18.32,-0.5248,-71.41,-37.96,-7.712,-82.68,-15.2,1.799,-71.29,23.05,2.715,-71.79,12.16,2.282,-82.03,-11.23,18.86,-134.8,-20.51,77.64,-58.59,-88.86,-155.3,146.5,-347.7,40.04,81.53,-569.8,-137.2,-45.91,-126,-1.469,-164.5,-311,-119.1,-10.24,-433.1,-12.21,-80.08,21.49,-101.1,-25.88,-23.93,-114.3,19.03,68.84,-72.27,295.4,45.42,-63.48,-105.6,18.06,201.7,-70.78,-357.4,-150.4,22.41,643.5,3.385,651.9,625,-965.8,0.5243,-0.05353,0.8302,0.1637,-0.581,0.1597,0.7132,-0.3945,0.1725,0.4797,-0.4377,0.1335,-0.502,-0.5218,-0.5674,-0.6762,-0.2396,-0.6223,-0.4778,-0.4906,-0.6243,0.7041,-0.1362,0.6872,0.6134,-0.07715,0.7796,0.5274,-0.5757,0.3254,0.2814,-0.7565,0.5138,-0.02753,-0.3621,0.01074,-0.6603,-0.3666,-0.4066,-0.6477,-0.4341,-0.4478,-0.2458,-0.3197,-0.1974
10.16,8.583,0.09363,2.85,-2.812,-0.3759,3.71,10.08,-3.132,17.86,9.186,17.76,-8.855,2.023,-2.481,-51.91,-30.6,0.3264,2.788,7.09,-0.9986,56.89,41.53,16.96,21.63,-1.263,-0.1366,-1.189,5.866,57.36,10.91,23.96,-24.26,-5.831,14.59,7.575,-9.279,-70.49,-4.714,-0.3042,-17.9,6.696,11.33,-15.84,16.57,11.75,16.66,7.308,25.86,-101.8,-10.54,8.85,-102.3,-13.64,8.954,-150.9,-5.136,17.14,-74.23,-7.506,0.5606,-77,1.098,0.4091,-75.62,18.07,-0.4453,-71.69,-38.98,-7.632,-82.73,-15.86,1.788,-70.48,22.55,3.028,-71.03,11.65,2.473,-81.55,-12.02,19.1,-123.5,-20.51,27.34,-73.25,-86.42,-135.3,136.2,-338.9,52.25,63.48,-549.8,-116.2,-17.58,-87.89,0,-126.5,-296.9,-121.6,28.81,-424.8,2.45,-9.261,-18.06,-114.3,-43.95,-116.7,-130.9,47.85,143.1,-61.04,453.6,179.2,-55.65,-99.56,70.24,131.4,-146,-286.6,-95.2,-7.28,479.9,96.22,578.6,561,-889.7,0.5245,-0.05274,0.8304,0.1658,-0.5815,0.1611,0.7142,-0.3941,0.1744,0.4815,-0.4376,0.1361,-0.5005,-0.5235,-0.5639,-0.6773,-0.2416,-0.6186,-0.479,-0.4923,-0.62,0.7053,-0.1362,0.686,0.6139,-0.07624,0.7793,0.5288,-0.5744,0.3291,0.2777,-0.7565,0.5192,-0.02802,-0.3674,0.01123,-0.6623,-0.3665,-0.4101,-0.6501,-0.4329,-0.4517,-0.2487,-0.325,-0.2022
10.17,8.541,0.04901,2.975,-2.728,-0.4477,3.586,10.06,-3.081,17.66,8.916,17.56,-8.584,1.925,-2.447,-51.78,-31.18,0.3335,2.547,7.031,-1.092,56.99,41.62,16.64,21.11,-1.215,0.04313,-1.081,6.504,58.16,11.16,24.22,-24.55,-5.696,14.49,7.362,-9.249,-70.62,-4.656,-0.3015,-18.16,6.71,11.15,-16.14,16.57,11.56,16.3,7.431,25.64,-102.5,-10.19,8.757,-103,-13.23,8.854,-151.4,-4.732,16.85,-74.23,-7.362,0.6098,-77.12,1.206,0.4943,-75.83,17.86,-0.3474,-71.93,-40,-7.569,-82.79,-16.58,1.815,-69.9,22.11,3.149,-70.49,10.96,2.61,-81.08,-12.96,19.3,-97.65,-41.01,4.401,-46.38,-65.92,-109.4,128.4,-317.4,43.45,49.79,-546.4,-104.5,-0.5008,-40.03,24.41,-101.6,-275.9,-133.3,62,-414.5,11.71,21.48,-92.78,-134.8,-27.83,-184.1,-165.5,45.39,168.5,-49.8,371.1,158.2,-89.34,10.36,43.92,72.24,-271,-207.5,82.5,30.26,377.5,185.5,1652,-316.5,-374.5,0.525,-0.05219,0.8303,0.168,-0.5822,0.1633,0.715,-0.3939,0.1767,0.4828,-0.4379,0.139,-0.499,-0.5252,-0.5599,-0.6783,-0.2437,-0.6148,-0.4798,-0.4942,-0.6154,0.7062,-0.136,0.685,0.6148,-0.07508,0.7788,0.5302,-0.573,0.3326,0.2738,-0.7568,0.5244,-0.02887,-0.3732,0.01184,-0.6633,-0.3664,-0.4136,-0.6509,-0.4337,-0.4557,-0.2512,-0.3314,-0.2071
10.18,8.634,0.006641,3.101,-2.704,-0.5515,3.493,10.06,-3.081,17.41,8.567,17.32,-8.229,1.882,-2.418,-51.59,-31.81,0.3423,2.301,6.934,-1.189,57.04,41.64,16.3,20.54,-1.163,0.2105,-1.134,6.998,59.03,11.62,24.45,-24.55,-5.592,14.12,7.312,-10.34,-70.72,-4.614,-0.312,-18.48,6.664,10.94,-16.49,16.53,11.34,15.94,7.518,25.34,-103.2,-9.779,8.617,-103.6,-12.82,8.709,-152,-4.333,16.54,-74.24,-7.289,0.6869,-77.24,1.379,0.6011,-75.87,17.69,-0.171,-71.97,-41.03,-7.615,-82.88,-17.37,1.839,-69.48,21.7,3.239,-70.11,10.1,2.729,-81.91,-13.69,19.49,-48.35,-64.94,21,-37.11,-67.38,-88.87,120.1,-288.1,47.36,44.93,-541.5,-87.89,-4.897,-1.953,50.3,-83.01,-234.4,-118.2,83.98,-394,22.47,-12.22,-140.1,-129.9,-1.473,-252.9,-162.6,-24.39,207.5,-7.332,165.1,48.81,-73.74,-23.05,71.77,93.3,-245.6,-130.9,241.7,49.82,418.9,46.9,1920,-3744,151.8,0.5253,-0.05182,0.8303,0.1702,-0.5832,0.1663,0.7156,-0.3938,0.1796,0.4837,-0.4386,0.1425,-0.4977,-0.5266,-0.5557,-0.6791,-0.2457,-0.6109,-0.4803,-0.4964,-0.6105,0.7067,-0.1356,0.6846,0.6161,-0.07379,0.7779,0.5319,-0.5712,0.336,0.269,-0.7576,0.5288,-0.02966,-0.3795,0.0127,-0.6634,-0.3673,-0.4163,-0.6507,-0.4361,-0.4599,-0.2498,-0.339,-0.2017
10.19,8.716,-0.01414,3.122,-2.639,-0.6406,3.451,10.01,-3.114,17.15,8.141,17.06,-7.786,1.837,-2.404,-51.42,-32.39,0.3229,2.092,6.812,-1.309,57.08,41.58,16,19.96,-1.051,0.3766,-1.257,6.978,60.01,12.23,24.66,-23.21,-5.589,11.9,7.386,-11.98,-70.84,-4.586,-0.3166,-18.79,6.589,10.71,-16.86,16.42,11.1,15.57,7.582,24.95,-103.8,-9.306,8.442,-104.3,-12.39,8.53,-152.6,-3.957,16.22,-74.32,-7.193,0.7602,-77.33,1.562,0.6845,-75.81,17.57,0.06499,-71.86,-42.1,-7.807,-83.01,-18.25,1.904,-69.58,21.31,3.097,-70.25,9.095,2.966,-83.75,-13.14,17.82,8.302,-71.29,61.52,-15.15,-72.27,-82.03,119.6,-261.7,47.36,65.91,-536.1,-79.59,3.422,25.88,67.87,-83.98,-210,-107.4,95.23,-373.5,10.74,-79.11,-151.4,-100.6,40.04,-253.4,-154.3,-125.5,197.3,-40.02,139.2,108.4,-50.3,-86.53,118.6,176.8,-102,-72.79,244.6,-87.92,-129.4,-398.9,2660,-1505,-1477,0.5256,-0.05133,0.8304,0.1724,-0.5843,0.1695,0.7158,-0.3939,0.1831,0.4841,-0.4397,0.1463,-0.4967,-0.5275,-0.5514,-0.6802,-0.2476,-0.6067,-0.4805,-0.4986,-0.6055,0.7074,-0.1348,0.684,0.6175,-0.07288,0.777,0.5338,-0.5689,0.3393,0.2637,-0.7592,0.5326,-0.03076,-0.3864,0.01392,-0.663,-0.3684,-0.419,-0.6485,-0.4425,-0.462,-0.2309,-0.3382,-0.1887
10.2,8.688,-0.02377,3.041,-2.426,-0.6684,3.474,9.918,-3.168,16.85,7.639,16.77,-7.266,1.766,-2.382,-51.25,-32.94,0.2968,1.943,6.708,-1.42,57.13,41.48,15.72,19.3,-0.8501,0.5503,-1.213,6.37,61.08,12.84,24.78,-20.23,-5.523,7.83,7.331,-12.63,-70.96,-4.579,-0.2951,-19.1,6.482,10.44,-17.24,16.23,10.81,15.19,7.609,24.5,-104.4,-8.787,8.236,-104.9,-11.92,8.32,-153.3,-3.631,15.84,-74.46,-6.97,0.7992,-77.38,1.759,0.7249,-75.9,17.48,0.2916,-71.97,-43.25,-7.859,-83.16,-19.25,2.001,-70.3,20.9,2.671,-70.98,8.083,3.256,-84.99,-11.1,13.72,53.22,-68.36,101.6,36.14,-81.05,-83.49,150.4,-241.7,49.31,74.7,-579.1,-50.3,27.82,40.03,65.43,-57.13,-179.2,-86.91,119.6,-340.8,21.98,-93.24,-107.9,-0.9809,44.93,-158.7,-75.2,-174.8,268.6,-68.37,164.1,104.5,-25.37,-121.6,143.1,262.2,75.68,-115.7,218.7,181.6,-692.4,-397.9,6.764,2617,1834,0.5257,-0.05066,0.8305,0.1746,-0.5856,0.173,0.7155,-0.3943,0.187,0.4842,-0.4411,0.1506,-0.4962,-0.5279,-0.547,-0.6813,-0.2493,-0.6023,-0.4803,-0.5005,-0.6005,0.7089,-0.1339,0.6827,0.6189,-0.07245,0.7759,0.5359,-0.5663,0.3427,0.2588,-0.7599,0.5376,-0.03217,-0.3944,0.01538,-0.6628,-0.3688,-0.4226,-0.6442,-0.4524,-0.4617,-0.1945,-0.3224,-0.1812
10.21,8.579,-0.02809,2.923,-2.105,-0.6492,3.46,9.75,-3.226,16.53,7.073,16.46,-6.679,1.67,-2.35,-51.11,-33.4,0.2333,1.836,6.61,-1.535,57.22,41.32,15.45,18.53,-0.54,0.689,-1.06,5.373,62.22,13.58,24.76,-16.95,-5.472,5.955,7.219,-11.95,-71.08,-4.574,-0.2558,-19.39,6.357,10.15,-17.61,15.95,10.49,14.8,7.618,23.98,-105,-8.224,7.98,-105.4,-11.42,8.058,-154,-3.348,15.41,-74.57,-6.643,0.7976,-77.37,1.974,0.7208,-76.06,17.41,0.5474,-72.19,-44.45,-7.858,-83.35,-20.45,2.159,-71.4,20.4,2.085,-72.06,6.845,3.381,-85.14,-9.149,11.39,75.19,-45.41,101.6,99.13,-66.4,-100.6,191.4,-227.5,25.88,109.4,-628.4,2.934,69.33,45.41,27.84,-20.03,-165,-92.77,161.1,-298.4,17.58,-58.11,-75.68,20.02,43.95,-31.24,13.17,-71.79,387.7,-46.37,345.2,-16.12,-117.2,-131.3,26.78,380.9,207.5,-238.3,-18.09,205.1,-1213,-363.8,119.7,2569,1883,0.5258,-0.04981,0.8306,0.1769,-0.5871,0.1768,0.7149,-0.3949,0.1917,0.484,-0.4427,0.1553,-0.4961,-0.5277,-0.5427,-0.6828,-0.2506,-0.5977,-0.4801,-0.502,-0.5956,0.711,-0.1334,0.6808,0.6203,-0.07264,0.7748,0.5375,-0.5635,0.346,0.2541,-0.7602,0.5431,-0.03418,-0.4037,0.01709,-0.6637,-0.3683,-0.4276,-0.6371,-0.4646,-0.4621,-0.1762,-0.3056,-0.1807
10.22,8.479,-0.05093,2.824,-1.774,-0.5464,3.394,9.507,-3.276,16.2,6.461,16.13,-6.052,1.582,-2.281,-51.03,-33.83,0.08821,1.762,6.486,-1.644,57.43,41.18,15.15,17.73,-0.1384,0.7869,-0.9425,4.238,63.4,14.28,24.48,-12.77,-5.391,6.365,7.141,-10.04,-71.21,-4.549,-0.1877,-19.62,6.195,9.888,-17.93,15.56,10.21,14.35,7.628,23.39,-105.5,-7.626,7.67,-105.9,-10.87,7.742,-154.6,-3.114,14.91,-74.63,-6.29,0.734,-77.34,2.224,0.6717,-76.17,17.36,0.8596,-72.4,-45.66,-7.858,-83.54,-21.9,2.33,-72.62,19.9,1.465,-73.24,5.642,3.436,-84.09,-6.394,11,83.97,-5.86,100.1,136.7,-15.13,-78.61,244.6,-229,10.25,131.8,-673.8,63.97,94.23,32.22,-12.7,29.79,-171.4,-93.26,190.4,-272,30.27,16.61,-25.4,-45.89,51.27,116.7,18.56,25.87,498.5,-30.76,652.4,-99.62,-182.1,-185.4,8.722,574.3,196.3,-83.99,-606,497.5,-1277,-215.3,-1026,-1038,870.1,0.5261,-0.04877,0.8306,0.1794,-0.5883,0.181,0.7139,-0.3956,0.1973,0.4837,-0.4446,0.1606,-0.4961,-0.5269,-0.5384,-0.6845,-0.2515,-0.5929,-0.4801,-0.5028,-0.591,0.7132,-0.1336,0.6786,0.622,-0.07331,0.7734,0.5385,-0.5608,0.349,0.2492,-0.7605,0.5485,-0.0365,-0.4151,0.01886,-0.6655,-0.3667,-0.4333,-0.6291,-0.4768,-0.4625,-0.1779,-0.2812,-0.1862
10.23,8.376,-0.09828,2.775,-1.483,-0.3645,3.25,9.102,-3.331,15.85,5.811,15.79,-5.396,1.47,-2.168,-51.08,-34.21,-0.1689,1.689,6.354,-1.748,57.85,41.07,14.91,17.1,0.3051,0.3929,-0.8531,3.687,64.66,14.92,23.85,-9.592,-5.27,5.751,7.074,-9.045,-71.37,-4.494,-0.08917,-19.73,6.016,9.664,-18.16,14.99,9.952,13.82,7.63,22.7,-105.9,-6.998,7.304,-106.4,-10.3,7.369,-155.2,-2.917,14.34,-74.63,-5.952,0.615,-77.32,2.456,0.5915,-76.26,17.34,1.191,-72.61,-46.93,-7.817,-83.74,-23.76,2.54,-73.22,19.5,1.542,-73.88,4.603,3.449,-83.51,-4.367,9.941,78.6,21,87.39,130.4,51.75,-33.69,282.2,-192.9,-65.43,183.6,-678.2,138.7,126.9,36.13,-43.95,80.07,-195.8,-106.4,217.3,-248.5,53.22,96.69,21.96,-66.4,41.51,185.1,41.98,124,617.2,34.18,1146,28.8,-318.8,-381.2,117.2,777.3,134.8,-356.9,-232.4,610.4,-774.4,-470.7,-1084,-1572,83.47,0.5267,-0.04743,0.8305,0.182,-0.5893,0.1854,0.7124,-0.3962,0.2043,0.4834,-0.4468,0.1668,-0.4964,-0.5256,-0.5343,-0.6864,-0.252,-0.5881,-0.4802,-0.5029,-0.5865,0.7151,-0.1343,0.6766,0.6235,-0.07416,0.7722,0.5388,-0.5583,0.3515,0.2438,-0.7606,0.5542,-0.03955,-0.4295,0.02063,-0.6686,-0.367,-0.4351,-0.6234,-0.4851,-0.4644,-0.1719,-0.263,-0.1901
10.24,8.219,-0.1497,2.748,-1.227,-0.1376,3.083,8.52,-3.409,15.5,5.123,15.45,-4.709,1.32,-2.026,-51.38,-34.56,-0.4367,1.596,6.122,-1.838,58.5,41,14.83,16.79,0.7332,-0.201,-0.6181,3.668,66.06,15.61,22.71,-7.626,-5.033,4.557,6.892,-8.976,-71.54,-4.417,0.033,-19.62,5.824,9.477,-18.18,14.22,9.728,13.25,7.525,21.81,-106.4,-6.337,6.891,-106.8,-9.722,6.949,-155.7,-2.743,13.72,-74.64,-5.626,0.475,-77.31,2.62,0.4968,-76.53,17.43,1.448,-73.12,-48.26,-7.506,-83.97,-26.15,2.841,-73.27,19.32,2.017,-73.98,3.728,3.092,-83.37,-3.36,8.218,20.99,40.04,54.2,106.5,108.4,32.72,273.9,-144.5,-54.2,322.3,-543.5,195.3,131.3,24.41,-40.53,124,-213.4,-114.7,243.2,-230.9,72.75,191.4,52.24,24.91,22.46,112.3,191.4,174.3,706,35.17,1620,169.4,-318.8,-512.8,218.8,935,528.8,-171.4,384.3,417,373.5,-468.8,666.6,76.14,-428.2,0.5274,-0.04584,0.8303,0.1838,-0.5904,0.1888,0.7108,-0.3966,0.2128,0.482,-0.4497,0.1744,-0.4967,-0.524,-0.53,-0.6883,-0.252,-0.5833,-0.4806,-0.5024,-0.5823,0.717,-0.1353,0.6746,0.6245,-0.07496,0.7713,0.5389,-0.556,0.3528,0.2385,-0.7596,0.5612,-0.0437,-0.4478,0.02264,-0.6674,-0.3726,-0.4317,-0.619,-0.4883,-0.4696,-0.1585,-0.2534,-0.1933
10.25,8.166,-0.128,2.684,-1.173,0.06305,2.978,7.821,-3.519,15.09,4.452,15.06,-4.03,1.108,-1.901,-51.86,-34.92,-0.4367,1.493,5.689,-1.925,59.23,40.99,14.98,16.69,1.209,-0.2227,-0.2016,3.553,67.64,16.49,20.99,-5.238,-4.744,3.324,6.603,-8.481,-71.69,-4.288,0.1482,-19.31,5.655,9.259,-18.02,13.37,9.473,12.67,7.117,20.64,-106.9,-5.638,6.455,-107.3,-9.134,6.507,-156.2,-2.582,13.08,-74.69,-5.448,0.3698,-77.31,2.738,0.3679,-77,17.71,1.659,-73.97,-49.6,-6.918,-84.32,-29.1,3.282,-73.43,19.35,1.863,-74.09,2.877,2.597,-82.8,-1.947,6.239,-39.54,44.92,8.783,50.77,107.9,10.25,243.2,-97.17,-21,426.8,-374,262.7,119.6,5.859,-42.48,144.5,-203.6,-105,248.5,-224.6,69.83,258.3,38.58,127.9,20.5,17.1,377,213.9,731,-34.66,1914,379.9,-325.2,-535.5,425.7,933.6,-124.5,-40.51,751.9,-227.5,611.8,-671.4,-204.1,-555.2,517.6,0.5285,-0.04444,0.8298,0.1847,-0.5919,0.1907,0.709,-0.397,0.2222,0.4779,-0.4536,0.1841,-0.4972,-0.5221,-0.5255,-0.6903,-0.2516,-0.5786,-0.4813,-0.5015,-0.5782,0.7181,-0.1356,0.6736,0.6252,-0.07593,0.7707,0.539,-0.5533,0.3529,0.234,-0.7573,0.5694,-0.04907,-0.4701,0.02533,-0.6627,-0.3762,-0.4298,-0.6139,-0.491,-0.4755,-0.1441,-0.2396,-0.2003
10.26,8.365,-0.03626,2.432,-1.319,0.2318,3.023,7.069,-3.656,14.67,3.755,14.64,-3.286,0.8486,-1.821,-52.34,-35.35,0.05116,1.367,4.993,-2.003,59.74,41.06,15.33,16.53,1.771,-0.8095,0.3764,2.87,69.45,17.16,18.74,-3.026,-4.628,0.7751,6.294,-7.434,-71.81,-4.188,0.2402,-18.97,5.516,8.957,-17.85,12.5,9.133,12.17,6.199,19.13,-107.4,-4.898,6.015,-107.7,-8.534,6.061,-156.6,-2.409,12.41,-74.85,-5.5,0.2999,-77.24,2.877,0.213,-77.57,18.22,1.871,-75.03,-50.95,-6.162,-84.82,-32.57,4.038,-74.13,19.33,2.044,-74.88,2.186,2.875,-82.45,-0.4591,3.732,68.36,66.89,-24.91,41.5,76.66,-45.41,183.6,-62.5,56.15,460.4,-211.9,267.6,120.1,-19.05,-38.57,143.1,-173.3,-93.26,251.4,-209,62.98,251,98.62,251.5,108.9,30.77,575.7,277.3,621.1,-79.1,1828,539.5,-329.6,-448.3,572.3,891.1,126,-583,-294.9,264.7,-821.8,468.3,-1566,412.1,1617,0.5294,-0.04334,0.8294,0.1849,-0.5941,0.1916,0.707,-0.3974,0.2316,0.4693,-0.4582,0.1963,-0.4978,-0.5202,-0.5207,-0.6922,-0.2509,-0.5738,-0.4823,-0.5003,-0.5741,0.7179,-0.135,0.6741,0.626,-0.07752,0.77,0.5395,-0.5497,0.3517,0.2297,-0.7544,0.5781,-0.05683,-0.4957,0.02875,-0.6651,-0.3772,-0.4281,-0.6095,-0.4992,-0.474,-0.1247,-0.225,-0.2067
10.27,8.697,0.1319,1.885,-1.465,0.3928,3.238,6.385,-3.793,14.26,3.005,14.25,-2.398,0.585,-1.813,-52.67,-35.87,1.086,1.246,4.044,-2.098,59.85,41.26,15.9,16.36,2.51,-1.669,1.066,2.781,71.56,17.86,16.09,-2.866,-4.733,-1.029,5.996,-7.08,-71.89,-4.206,0.2965,-18.75,5.378,8.541,-17.78,11.69,8.684,11.83,4.758,17.36,-107.9,-4.112,5.584,-108.3,-7.887,5.623,-157,-2.224,11.73,-75.15,-5.668,0.2255,-77.01,3.031,-0.005945,-78.14,18.98,2.138,-76.2,-52.34,-5.32,-85.48,-36.49,5.125,-74.07,19.29,2.638,-75.02,1.454,3.411,-82.26,-0.9754,2.528,385.7,70.31,72.27,133.3,14.65,-65.91,200.2,-55.17,65.43,404.3,-237.3,254.9,205.6,-40.03,-68.84,199.2,-145.5,-99.12,322.3,-143.1,57.13,286.1,265.1,411.6,285.1,199.7,555.2,391.1,400.4,-79.61,1384,534.7,-344.7,-250.6,600.2,704.1,1117,-972.7,-405.7,2543,-1330,1301,1350,2306,136.7,0.5293,-0.04254,0.8295,0.1847,-0.5971,0.1923,0.7047,-0.3979,0.2403,0.4562,-0.4635,0.2103,-0.4985,-0.5184,-0.5154,-0.6944,-0.2498,-0.5687,-0.4838,-0.4987,-0.5702,0.7172,-0.1334,0.6755,0.6267,-0.08039,0.7691,0.5406,-0.5449,0.3493,0.2254,-0.7512,0.587,-0.06683,-0.5241,0.03241,-0.6701,-0.377,-0.4265,-0.6088,-0.505,-0.4733,-0.1146,-0.2283,-0.2111
10.28,8.861,0.2873,1.303,-1.303,0.6258,3.406,5.772,-3.888,13.91,2.285,13.91,-1.348,0.3506,-1.846,-52.87,-36.5,2.434,1.099,2.969,-2.19,59.64,41.64,16.68,16.5,3.37,-2.718,1.796,3.323,73.89,19.41,13.2,-1.028,-5.157,-1.219,5.792,-7.787,-71.95,-4.371,0.3342,-18.65,5.197,8.032,-17.83,10.91,8.148,11.69,2.989,15.44,-108.5,-3.3,5.156,-108.9,-7.171,5.188,-157.2,-1.991,10.99,-75.38,-5.681,0.0472,-76.69,3.173,-0.3104,-78.7,19.94,2.392,-77.36,-53.75,-4.533,-86.35,-40.68,6.603,-73.26,19.5,3.57,-74.42,0.1286,3.175,-82.25,-0.4591,2.048,669.9,90.82,205.6,297.4,-66.9,-34.18,372.1,-22.47,39.06,406.7,-369.6,211.4,308.1,-83.49,-114.3,311.5,-172.4,-151.4,454.6,-86.44,32.72,507.3,515.1,484.9,264.2,403.8,280.8,703.6,171.4,-32.72,995.6,322.3,-268.1,263.6,138.2,832.5,1753,-969.2,-489.3,2520,-457.6,781.7,-620.1,561,829.1,0.5282,-0.04187,0.8303,0.1843,-0.6007,0.1934,0.7021,-0.3986,0.2487,0.4398,-0.4691,0.2249,-0.4989,-0.5168,-0.5094,-0.6969,-0.2483,-0.5633,-0.4863,-0.4965,-0.5663,0.7173,-0.1329,0.6759,0.6272,-0.08435,0.7682,0.5423,-0.5394,0.3459,0.221,-0.7483,0.5955,-0.07892,-0.5537,0.03626,-0.6719,-0.3797,-0.4207,-0.6063,-0.5067,-0.4819,-0.1109,-0.2236,-0.2118
10.29,8.87,0.3248,1.178,-1.035,1.012,3.082,5.104,-3.966,13.49,1.837,13.49,-0.3404,0.06074,-1.806,-52.99,-37.25,3.774,0.9395,1.9,-2.248,59.33,42.28,17.5,16.97,4.249,-3.1,2.387,3.196,76.2,21.49,10.32,0.3855,-5.694,-0.3534,5.803,-8.081,-72.01,-4.486,0.4403,-18.62,5.003,7.507,-17.94,10.06,7.596,11.67,1.143,13.5,-109.3,-2.483,4.709,-109.6,-6.436,4.734,-157.3,-1.769,10.19,-75.1,-5.544,-0.2728,-76.35,3.313,-0.6627,-79.12,20.94,2.632,-78.27,-55.07,-3.938,-87.45,-44.8,8.285,-73.16,20.12,3.569,-74.31,-1.343,2.518,-82.36,-0.5931,2.274,573.7,113.3,147.9,405.3,-135.2,12.7,571.3,0,13.18,450.2,-521.5,150.9,403.8,-150.9,-189,394.1,-238.3,-164.1,559.6,-67.88,-6.828,689,439.4,303.2,161.1,428.7,-1.461,869.2,-13.66,-81.54,656.8,75.22,-177.3,347.8,-10.25,210.4,510.8,-91.83,22.95,731.5,117.2,173.8,404.2,-43.44,263.2,0.5274,-0.04077,0.8308,0.1842,-0.6042,0.1952,0.6989,-0.3996,0.2576,0.4224,-0.4746,0.2394,-0.4988,-0.5157,-0.5029,-0.6994,-0.2467,-0.5578,-0.4894,-0.4933,-0.5627,0.7177,-0.1364,0.6749,0.6276,-0.08881,0.7673,0.5443,-0.5338,0.3419,0.2164,-0.7462,0.6026,-0.09088,-0.582,0.04016,-0.6689,-0.3804,-0.4157,-0.5993,-0.5104,-0.4917,-0.1125,-0.225,-0.2105
10.3,8.837,0.2442,1.47,-0.7378,1.517,2.421,4.272,-4.007,13.09,1.78,13.09,0.6427,-0.3073,-1.66,-53.03,-38.16,4.902,0.8191,0.9619,-2.287,59.04,43.17,18.3,17.75,5.11,-3.297,2.69,2.073,78.37,23.73,7.558,1.748,-6.307,-0.2799,6.138,-7.178,-72.06,-4.597,0.6122,-18.65,4.847,6.988,-18.12,9.086,7.052,11.68,-0.6118,11.63,-110.2,-1.708,4.228,-110.5,-5.704,4.247,-157.3,-1.625,9.351,-74.49,-5.368,-0.6781,-76.09,3.443,-1.007,-79.32,21.9,2.952,-78.92,-56.28,-3.549,-88.94,-48.68,10.32,-74.2,21.09,3.019,-75.35,-2.616,2.503,-82.44,-0.5518,2.31,224.1,141.6,-39.55,370.1,-165.5,89.35,689,26.37,27.35,502.9,-554.7,61.03,449.7,-164.1,-230.5,418.5,-283.2,-163.6,588.4,-61.03,-37.11,424.8,147.9,57.13,107.4,151.4,-9.771,530.3,-111.3,-56.15,307.2,-30.3,-95.19,590.3,166,658.6,-160.2,572.8,905.3,-311.5,10.25,-248,-166.5,-119.2,-350.1,0.5268,-0.03925,0.8312,0.1852,-0.6074,0.1977,0.6947,-0.4008,0.2676,0.4057,-0.4796,0.2533,-0.4977,-0.5151,-0.4959,-0.7017,-0.2454,-0.5521,-0.4926,-0.4892,-0.5599,0.7177,-0.1425,0.6735,0.628,-0.09278,0.7665,0.5459,-0.5284,0.3381,0.2118,-0.745,0.6081,-0.1028,-0.6081,0.04486,-0.6658,-0.3791,-0.4101,-0.5903,-0.5212,-0.4933,-0.1127,-0.2247,-0.2098
10.31,8.76,0.1705,1.835,-0.2607,1.939,1.824,3.194,-4.028,12.86,2.285,12.84,1.742,-0.736,-1.479,-52.96,-39.24,5.778,0.7009,0.2871,-2.304,58.79,44.25,19.09,18.44,5.841,-3.602,2.911,0.5247,80.46,25.77,5.076,2.964,-7.068,-0.5782,6.39,-5.631,-72.09,-4.831,0.7692,-18.77,4.777,6.432,-18.41,7.951,6.472,11.64,-2.226,9.916,-111.2,-0.9742,3.692,-111.5,-4.994,3.706,-157.2,-1.531,8.465,-73.92,-5.127,-1.006,-75.92,3.593,-1.29,-79.53,22.87,3.226,-79.62,-57.4,-3.092,-90.51,-52.17,12.61,-75.8,22.01,2.425,-76.97,-3.741,2.764,-82.45,-0.5064,2.243,-111.3,168,-0.4932,302.3,-145.5,178.2,655.3,10.73,49.81,487.8,-544.9,-27.34,418,-129.4,-230.5,437,-269,-152.3,563.5,-100.6,-34.18,70.3,-104,-66.4,142.6,-178.7,23.45,320.8,-249,-59.58,-94.69,-22.96,-20.02,213.8,133.7,-30.74,-229,958.5,454.6,-827.1,48.33,-4.432,90.29,92.82,103.5,0.5252,-0.03784,0.8321,0.1878,-0.6106,0.2008,0.6895,-0.4026,0.2791,0.3906,-0.4836,0.2666,-0.4956,-0.5149,-0.4886,-0.7037,-0.2446,-0.5461,-0.4958,-0.4845,-0.5573,0.7183,-0.148,0.6716,0.6286,-0.09577,0.7657,0.5476,-0.523,0.3341,0.2075,-0.7436,0.6135,-0.1152,-0.6309,0.04822,-0.6657,-0.3765,-0.4051,-0.5802,-0.5349,-0.491,-0.1121,-0.2243,-0.2098
10.32,8.649,0.229,2.038,0.2809,2.179,1.484,2.016,-4.018,12.61,3.122,12.56,2.849,-1.198,-1.279,-52.64,-40.42,6.481,0.5771,-0.1172,-2.307,58.5,45.43,19.95,18.76,6.454,-3.827,3.187,-0.4608,82.56,27.3,2.777,4.077,-7.822,-0.8282,6.577,-4.609,-72.12,-5.094,0.9066,-19.15,4.738,5.777,-18.95,6.745,5.798,11.48,-3.678,8.347,-112.4,-0.2974,3.116,-112.6,-4.309,3.125,-157.2,-1.454,7.556,-73.6,-4.844,-1.147,-75.84,3.751,-1.507,-79.87,23.93,3.408,-80.56,-58.46,-2.416,-92.39,-55.39,15.17,-76.86,22.52,2.008,-78.05,-4.751,2.992,-82.44,-0.4375,2.199,-113.3,148.4,84.97,258.3,-132.3,225.1,513.2,-17.58,91.31,453.1,-484.9,-71.78,370.6,-70.8,-193.9,435,-220.7,-154.3,521.5,-163.6,-13.19,-80.08,-188,-105.5,226.1,-356.5,48.83,177.2,-261.7,-61.51,-432.6,92.79,7.831,214.5,-135.3,128.3,-334,990.7,66.92,-1044,504.4,51.74,-6.764,18.1,3.4,0.5233,-0.03656,0.8331,0.1916,-0.6141,0.2049,0.6836,-0.4046,0.2918,0.3775,-0.4867,0.2797,-0.4926,-0.5151,-0.481,-0.7053,-0.2444,-0.5396,-0.4989,-0.4796,-0.5548,0.7194,-0.1509,0.6696,0.6294,-0.09791,0.7648,0.5497,-0.5174,0.3295,0.2039,-0.7414,0.6192,-0.1272,-0.6515,0.05152,-0.6693,-0.3718,-0.4041,-0.5725,-0.5452,-0.4902,-0.1118,-0.2237,-0.2099
10.33,8.535,0.3412,2.106,0.8118,2.305,1.263,0.9111,-3.976,12.32,4.058,12.21,3.913,-1.649,-1.079,-52.15,-41.67,7.056,0.4385,-0.3903,-2.28,58.2,46.62,20.84,18.81,6.925,-4.055,3.569,-1.224,84.54,28.36,0.7433,4.989,-8.393,-1.072,6.712,-3.845,-72.18,-5.366,1.056,-19.74,4.644,5.065,-19.65,5.552,5.072,11.18,-4.95,6.86,-113.7,0.327,2.556,-113.9,-3.644,2.561,-157.3,-1.328,6.644,-73.44,-4.58,-1.148,-75.75,3.895,-1.631,-80.31,25,3.484,-81.61,-59.39,-1.639,-94.46,-58.2,17.71,-77.64,22.74,1.779,-78.89,-5.593,3.234,-82.45,-0.3941,2.181,153.3,137.7,167,254.9,-171.4,223.6,385.3,-36.13,123.5,413.6,-390.1,-76.66,369.6,22.95,-166.5,435.5,-130.9,-138.7,524.4,-186.5,-16.11,-51.74,-198.3,-59.58,304.7,-301.8,81.55,228,-270.5,-134.8,-677.2,159.2,101.6,528.8,-245.6,267.6,-9.26,932.6,-307.1,-890.2,788.6,-120.2,-8.823,1.939,100.1,0.5215,-0.03504,0.8342,0.1955,-0.6177,0.21,0.6776,-0.4068,0.3048,0.3664,-0.4892,0.2928,-0.4889,-0.5159,-0.4731,-0.7065,-0.2444,-0.5328,-0.5019,-0.4753,-0.5516,0.7207,-0.1521,0.6678,0.6302,-0.09937,0.764,0.5525,-0.5117,0.3249,0.2009,-0.739,0.6248,-0.1367,-0.6694,0.05487,-0.6725,-0.369,-0.404,-0.5666,-0.5534,-0.4895,-0.1117,-0.2233,-0.2099
10.34,8.443,0.4217,2.181,1.292,2.384,1.073,-0.05224,-3.91,11.97,5.016,11.82,4.937,-1.995,-0.8926,-52.1,-43.02,7.443,0.3313,-0.6744,-2.224,58.6,47.72,21.68,18.64,7.29,-4.016,3.943,-2.041,86.33,29.07,-0.722,5.748,-8.668,-1.353,6.758,-3.134,-72.2,-5.628,1.214,-19.84,4.391,4.423,-19.84,4.338,4.422,10.77,-6.005,5.385,-115,0.9228,2.006,-115.2,-2.985,2.009,-157.5,-1.187,5.719,-73.27,-4.357,-1.088,-75.65,4.024,-1.661,-80.7,26,3.546,-82.63,-60.19,-0.8541,-96.34,-60.31,19.78,-78.44,22.72,1.367,-79.68,-6.308,3.537,-82.45,-0.3783,2.189,361.8,115.7,176.8,246.6,-210.4,186.5,328.6,-15.62,133.3,389.2,-275.9,-37.11,363.3,100.6,-140.1,452.1,-35.16,-109.4,576.7,-157.7,-61.04,107.9,-181.1,-4.393,260.3,-123,84.47,225.1,-192.9,-166,-809.6,89.84,159.7,551.2,-146.4,-63.02,53.25,750.9,-231.4,-414.6,901.3,24.42,31.32,38.52,10.74,0.5196,-0.03363,0.8352,0.1987,-0.6211,0.2159,0.6719,-0.4088,0.3179,0.3571,-0.492,0.3059,-0.4849,-0.517,-0.4648,-0.7076,-0.2443,-0.5257,-0.5044,-0.4714,-0.5476,0.7219,-0.153,0.6661,0.631,-0.1002,0.7632,0.5559,-0.5059,0.3209,0.1984,-0.7366,0.6297,-0.1425,-0.683,0.05792,-0.674,-0.367,-0.4058,-0.5615,-0.5611,-0.4882,-0.1118,-0.2232,-0.2098
10.35,8.325,0.4085,2.293,1.717,2.471,0.9174,-0.8404,-3.791,11.55,5.932,11.35,5.884,-2.187,-0.7606,-51.34,-44.45,7.677,0.2901,-1.096,-2.136,58.47,48.71,22.47,18.32,7.578,-3.911,4.266,-2.33,87.93,29.61,-1.598,6.525,-8.79,-1.512,6.841,-2.998,-72.16,-5.837,1.333,-20.59,4.086,3.791,-20.65,3.248,3.787,10.3,-6.869,3.856,-116.4,1.489,1.457,-116.5,-2.301,1.458,-157.8,-1.056,4.75,-73.07,-4.138,-1.071,-75.56,4.122,-1.644,-81.02,26.93,3.599,-83.48,-60.87,-0.2065,-98.03,-61.72,21.46,-78.64,22.5,1.173,-79.9,-7.058,3.736,-82.47,-0.3527,2.219,351.6,87.4,126.5,194.8,-248.1,155.3,332,34.67,151.4,376.5,-148.4,-2.934,344.2,135.7,-102.1,458,22.94,-87.41,618.6,-122.6,-115.7,315.4,-132.8,0,179.2,9.286,44.43,148,-146.5,-173.3,-802.2,84.44,168.9,190.4,-211.5,144,59.59,368.2,-81.04,-19.56,911.7,-2.901,-65,-25.85,-81.06,0.5182,-0.03284,0.8359,0.2008,-0.6241,0.2219,0.6666,-0.4107,0.3311,0.349,-0.4954,0.319,-0.4806,-0.5182,-0.4564,-0.7088,-0.2439,-0.5183,-0.5064,-0.4679,-0.5429,0.7229,-0.1544,0.6645,0.6315,-0.1007,0.7626,0.5595,-0.5003,0.3173,0.1963,-0.7347,0.6338,-0.1459,-0.6923,0.06116,-0.6759,-0.3649,-0.4091,-0.5586,-0.5657,-0.4894,-0.112,-0.223,-0.2096
10.36,8.085,0.3047,2.41,2.186,2.578,0.7985,-1.511,-3.612,11.06,6.809,10.84,6.772,-2.251,-0.7089,-50.64,-45.89,7.725,0.3951,-1.639,-1.953,58.48,49.55,23.26,17.94,7.821,-3.951,4.448,-2.067,89.37,30.04,-1.982,7.269,-8.682,-1.661,7.055,-3.357,-72.08,-6.023,1.402,-21.24,3.691,3.202,-21.33,2.182,3.198,9.832,-7.529,2.246,-117.8,2.026,0.9253,-117.8,-1.585,0.9252,-158.3,-1.001,3.686,-72.87,-3.852,-1.122,-75.46,4.167,-1.602,-81.18,27.79,3.702,-83.86,-61.45,-0.05468,-99.33,-62.59,22.43,-78.23,22.17,1.385,-79.61,-7.817,3.902,-82.46,-0.337,2.231,183.1,84.48,126,154.8,-221.7,163.1,341.8,87.89,170.4,341.8,-73.25,-3.42,330.1,148.4,-56.15,443.8,63.48,-72.26,609.9,-69.35,-147,406.3,-64.46,-61.52,184.1,116.7,50.77,114.3,-65.44,-128.4,-652.4,84,144.6,-103.6,-135.3,16.6,197.8,-134.3,-261.2,405.7,653.8,-227,-49.85,-57.66,43.48,0.5168,-0.03259,0.8365,0.2017,-0.627,0.2279,0.6616,-0.4123,0.344,0.3419,-0.5,0.3316,-0.4763,-0.5194,-0.4481,-0.7103,-0.2429,-0.5105,-0.5077,-0.4642,-0.5378,0.7242,-0.1561,0.6625,0.6318,-0.101,0.7622,0.5631,-0.495,0.314,0.1945,-0.7342,0.6359,-0.1457,-0.6983,0.06458,-0.6783,-0.364,-0.412,-0.558,-0.5676,-0.4924,-0.1121,-0.2229,-0.2096
10.37,7.762,0.2165,2.467,2.663,2.655,0.7552,-2.065,-3.388,10.47,7.642,10.24,7.609,-2.249,-0.7154,-50.06,-47.32,7.629,0.6218,-2.246,-1.67,58.64,50.27,24.03,17.62,8.039,-4.051,4.496,-1.593,90.64,30.42,-1.907,7.906,-8.604,-1.856,7.562,-3.901,-71.97,-6.185,1.428,-21.75,3.213,2.591,-21.84,1.15,2.587,9.405,-7.993,0.5663,-119.1,2.529,0.3998,-119.1,-0.8592,0.3995,-158.8,-1.027,2.526,-72.72,-3.537,-1.18,-75.37,4.16,-1.577,-81.18,28.57,3.833,-83.61,-61.92,-0.5585,-100.4,-62.91,23.04,-77.6,21.83,1.721,-79.12,-8.539,4.078,-82.46,-0.3764,2.211,22.93,82.52,80.56,162.6,-142.1,158.2,319.8,126.9,178.7,302.2,-29.78,16.6,306.1,159.7,-30.27,409.7,91.31,-48.34,552.8,-12.22,-170.4,394.5,3.902,-168,209.5,183.1,102.5,165.5,20.03,-55.67,-441.9,38.08,45.89,-1503,232,148,302.7,-554.7,-442.4,694.3,126.9,-308.6,-77.2,-119.6,31.76,0.5156,-0.03278,0.837,0.2014,-0.6304,0.2333,0.6568,-0.4138,0.3565,0.3355,-0.5058,0.3436,-0.4721,-0.5206,-0.44,-0.7121,-0.2416,-0.5026,-0.5084,-0.4601,-0.5324,0.7258,-0.1577,0.6604,0.6317,-0.1013,0.7622,0.5662,-0.4903,0.3106,0.1933,-0.7355,0.6358,-0.1442,-0.701,0.06848,-0.6803,-0.3637,-0.4144,-0.5585,-0.5685,-0.4958,-0.1119,-0.2232,-0.2097
10.38,7.587,0.1949,2.439,2.947,2.697,0.7762,-2.539,-3.067,9.778,8.419,9.525,8.39,-2.253,-0.7082,-49.69,-48.66,7.353,0.9191,-2.847,-1.327,58.96,50.86,24.74,17.41,8.27,-4.203,4.354,-1.093,91.7,30.89,-1.883,8.493,-8.118,-1.983,8.241,-4.479,-71.86,-6.322,1.441,-22.05,2.676,1.923,-22.13,0.1383,1.921,9.035,-8.224,-1.141,-120.3,2.966,-0.1395,-120.3,-0.1012,-0.139,-159.5,-1.085,1.284,-72.63,-3.391,-1.209,-75.25,4.13,-1.582,-80.96,29.26,4.057,-82.89,-62.25,-1.482,-101.3,-63.16,23.14,-76.93,21.58,2.076,-78.59,-9.247,4.14,-82.45,-0.4552,2.151,-14.15,107.9,42,169.9,-54.2,129.4,282.2,167.5,158.2,273.4,26.85,36.62,248.1,227,0.9762,375,93.25,-33.7,474.6,46.88,-160.6,307.1,25.4,-196.3,221.2,241.2,106.5,304.2,74.23,26.85,-318.4,51.26,-37.12,-1099,504.4,1315,333.5,-676.7,-358.4,644.6,-315.9,-170.9,26.91,-140.6,-41.96,0.5145,-0.03308,0.8374,0.1997,-0.6345,0.2378,0.6519,-0.4154,0.3686,0.3302,-0.5126,0.3543,-0.4679,-0.5213,-0.4327,-0.7141,-0.2399,-0.4944,-0.5091,-0.4556,-0.5266,0.7265,-0.1585,0.6594,0.6314,-0.102,0.7623,0.568,-0.4867,0.3072,0.1922,-0.738,0.634,-0.1393,-0.7036,0.07312,-0.681,-0.3644,-0.4154,-0.5588,-0.5688,-0.4997,-0.1114,-0.2238,-0.21
10.39,7.736,0.2081,2.397,2.956,2.716,0.8295,-2.942,-2.645,9.029,9.173,8.758,9.149,-2.227,-0.6789,-49.51,-49.81,6.855,1.221,-3.446,-0.9347,59.42,51.26,25.36,17.31,8.517,-4.349,4.125,-0.6293,92.49,31.45,-1.283,9.09,-7.919,-1.955,8.921,-4.998,-71.74,-6.47,1.437,-22.14,2.074,1.231,-22.2,-0.8675,1.231,8.724,-8.22,-2.857,-121.3,3.331,-0.6887,-121.3,0.6863,-0.6876,-160,-1.116,-0.03109,-72.57,-3.532,-1.227,-75.15,4.139,-1.61,-80.67,29.89,4.33,-82.15,-62.37,-2.36,-101.7,-62.65,23.07,-76.34,21.47,2.377,-78.07,-9.926,3.969,-82.43,-0.5123,2.013,59.07,120.1,20.51,159.7,-0.981,75.68,245.6,206,141.1,283.2,94.24,53.22,196.8,275.4,20.51,328.1,119.6,-24.41,422.8,105.5,-147.5,169.4,70.31,-89.84,284.7,226.6,74.7,337.9,74.72,54.69,-392.1,309.6,-73.74,-561.6,741.7,688,202.1,-316.9,-327.6,197.8,-383.3,-184.1,47.79,12.15,-31.76,0.5134,-0.03351,0.8379,0.1964,-0.6391,0.2413,0.6468,-0.4171,0.3801,0.3258,-0.5205,0.3637,-0.4641,-0.5214,-0.4265,-0.7164,-0.2381,-0.4858,-0.5101,-0.4507,-0.5203,0.7256,-0.1589,0.6602,0.6313,-0.1027,0.7621,0.5683,-0.4837,0.3037,0.192,-0.7402,0.6318,-0.1362,-0.7011,0.07733,-0.6804,-0.3659,-0.4151,-0.5581,-0.5683,-0.5047,-0.1102,-0.2242,-0.2105
10.4,7.96,0.2441,2.364,2.903,2.735,0.8963,-3.283,-2.136,8.269,9.919,7.989,9.898,-2.159,-0.6367,-49.53,-50.7,6.168,1.5,-4.081,-0.4957,59.95,51.44,26.01,17.32,8.821,-4.481,3.887,-0.597,92.93,32.04,-0.9627,9.651,-8.05,-2.01,9.308,-5.058,-71.63,-6.63,1.42,-22.04,1.435,0.5578,-22.07,-1.849,0.5579,8.49,-8.028,-4.567,-122.1,3.648,-1.235,-122.1,1.512,-1.233,-160.6,-1.086,-1.411,-72.52,-3.746,-1.255,-75.09,4.146,-1.671,-80.41,30.53,4.63,-81.73,-62.11,-2.877,-101.8,-62.09,23.04,-76.26,21.49,2.456,-78.02,-10.5,3.88,-82.41,-0.534,1.867,154.3,108.4,19.05,147,-2.444,27.83,218.8,244.1,120.6,295.9,146.5,64.45,159.2,316.4,57.13,314,154.8,5.862,384.3,143.1,-145,46.87,83.51,54.7,289.1,76.18,50.29,215.3,7.339,46.88,-414.5,595.7,-32.7,-265.6,647,822.8,49.33,13.17,-182.1,-141.2,-307.6,-129.9,-19.56,40.59,42.95,0.5122,-0.034,0.8384,0.1918,-0.6439,0.2439,0.6413,-0.4193,0.3907,0.3222,-0.5293,0.3717,-0.4612,-0.5206,-0.4218,-0.7189,-0.2359,-0.4769,-0.5117,-0.4453,-0.5135,0.7243,-0.1591,0.6616,0.6313,-0.1035,0.7621,0.5675,-0.481,0.2999,0.1937,-0.7414,0.6297,-0.1358,-0.6978,0.07923,-0.6792,-0.3673,-0.4139,-0.5558,-0.5699,-0.5075,-0.109,-0.2243,-0.2109
10.41,8.001,0.2728,2.362,3.039,2.74,0.9735,-3.593,-1.518,7.533,10.68,7.261,10.66,-2.028,-0.5915,-49.67,-51.24,5.275,1.757,-4.718,-0.03595,60.46,51.34,26.74,17.41,9.075,-4.628,3.602,-1.008,93,32.63,-0.2742,10.14,-8.559,-2.146,9.306,-4.596,-71.54,-6.828,1.377,-21.81,0.7699,-0.09003,-21.81,-2.823,-0.09032,8.33,-7.656,-6.239,-122.6,3.92,-1.769,-122.6,2.403,-1.766,-161.1,-0.9814,-2.844,-72.51,-3.811,-1.297,-75.08,4.119,-1.74,-80.17,31.23,4.897,-81.7,-61.47,-2.864,-101,-60.82,22.67,-76.72,21.57,2.365,-78.49,-11,3.916,-82.39,-0.5754,1.757,193.4,78.61,-8.783,134.3,-33.7,-2.93,190.4,256.4,100.6,312.5,181.2,71.78,116.7,283.7,53.23,293,170.9,4.883,363.3,190.4,-149.9,60.55,78.62,87.9,223.6,-53.22,25.89,95.69,-67.38,61.04,-322.8,717.3,90.34,-1891,492.7,461,-37.1,150.4,-98.65,-314.5,-248.1,-58.1,-8.823,-1.422,25.86,0.5106,-0.03455,0.8392,0.1863,-0.6487,0.246,0.6352,-0.4219,0.4002,0.3192,-0.5388,0.3782,-0.4596,-0.5186,-0.4188,-0.7216,-0.2333,-0.4675,-0.5141,-0.4397,-0.5063,0.7239,-0.1594,0.662,0.631,-0.104,0.7622,0.5662,-0.4784,0.2954,0.197,-0.7413,0.628,-0.1383,-0.6894,0.07831,-0.6778,-0.369,-0.4122,-0.5517,-0.5742,-0.5078,-0.1081,-0.2245,-0.2113
10.42,7.924,0.2668,2.408,3.278,2.735,1.041,-3.882,-0.8237,6.804,11.42,6.55,11.4,-1.859,-0.5442,-49.91,-51.48,4.229,1.979,-5.319,0.4533,60.92,51.02,27.55,17.51,9.163,-4.76,3.257,-1.606,92.82,33.16,-0.05709,10.6,-8.768,-2.317,9.169,-3.914,-71.46,-7.03,1.322,-21.51,0.09702,-0.713,-21.46,-3.784,-0.7148,8.231,-7.15,-7.836,-122.8,4.168,-2.271,-122.8,3.345,-2.269,-161.6,-0.7996,-4.32,-72.51,-3.776,-1.342,-75.13,4.074,-1.781,-79.9,31.96,5.068,-81.9,-60.57,-2.387,-100.3,-59.72,22.38,-77.43,21.64,2.214,-79.2,-11.46,3.994,-82.37,-0.6168,1.649,154.3,44.92,-21.49,123.1,-90.33,-1.949,177.2,259.8,55.66,324.7,223.1,75.2,96.18,230,57.13,281.7,189.5,7.808,332.5,224.6,-139.6,144,32.22,-10.26,126,-146,42.96,126,-157.2,12.7,-273.9,776.9,237.8,-1176,187.5,518.6,-105,128.9,-67.39,-366.3,-53.23,41.99,-57.64,16.55,16.1,0.5091,-0.0351,0.84,0.1804,-0.6533,0.2477,0.6283,-0.4254,0.4087,0.3168,-0.5485,0.3833,-0.4591,-0.5157,-0.4175,-0.7246,-0.2306,-0.458,-0.5172,-0.4336,-0.4986,0.724,-0.1597,0.6618,0.6307,-0.104,0.7626,0.565,-0.4763,0.2901,0.2006,-0.74,0.6268,-0.1406,-0.6819,0.07721,-0.6767,-0.3708,-0.4105,-0.5468,-0.5795,-0.507,-0.1072,-0.2248,-0.2117
10.43,7.88,0.2205,2.458,3.479,2.704,1.125,-4.189,-0.04243,6.102,12.14,5.873,12.13,-1.669,-0.5083,-50.17,-51.46,3.065,2.194,-5.855,0.9531,61.24,50.51,28.39,17.55,9.107,-4.821,2.935,-2.208,92.48,33.6,0.1511,11.01,-8.91,-2.541,9.071,-3.189,-71.42,-7.251,1.255,-21.2,-0.5669,-1.325,-21.1,-4.755,-1.33,8.209,-6.553,-9.355,-122.7,4.402,-2.729,-122.7,4.359,-2.729,-162,-0.5515,-5.828,-72.55,-3.799,-1.372,-75.22,4.006,-1.765,-79.67,32.7,5.158,-82.07,-59.5,-1.92,-99.61,-58.45,22.04,-78.16,21.65,2.054,-79.97,-11.89,4.177,-82.35,-0.6818,1.591,93.26,21.48,-47.37,114.3,-146.5,-9.279,158.7,236.8,9.277,328.1,272.9,81.06,60.54,152.8,23.93,263.7,213.4,19.05,304.2,252.9,-143.6,156.3,-32.71,-66.4,40.04,-171.9,32.71,108.9,-239.2,-23.42,-213.4,791,345.7,-1409,-0.4591,352,-122.1,106.5,-86.42,-142.5,133.7,37.07,-55.73,55.2,60.03,0.5074,-0.03559,0.841,0.1745,-0.6578,0.2493,0.6207,-0.4296,0.4162,0.3146,-0.5584,0.387,-0.4598,-0.5121,-0.4173,-0.728,-0.2274,-0.4484,-0.521,-0.4273,-0.4906,0.7239,-0.1596,0.662,0.6304,-0.1033,0.763,0.5643,-0.4743,0.2844,0.205,-0.7386,0.6251,-0.1425,-0.6733,0.07654,-0.6756,-0.3727,-0.4092,-0.5421,-0.5852,-0.5055,-0.1067,-0.2252,-0.212
10.44,7.911,0.1711,2.491,3.562,2.638,1.264,-4.493,0.8251,5.376,12.8,5.17,12.8,-1.481,-0.467,-50.38,-50.84,1.845,2.391,-6.284,1.466,61.34,49.47,29.24,17.51,8.921,-4.837,2.787,-2.626,91.98,33.93,0.2228,11.4,-8.784,-2.72,8.926,-2.621,-71.38,-7.455,1.183,-20.94,-1.227,-1.952,-20.79,-5.717,-1.961,8.272,-5.889,-10.78,-122.1,4.635,-3.114,-122.2,5.458,-3.118,-162.3,-0.2443,-7.376,-72.66,-3.923,-1.365,-75.35,3.915,-1.708,-79.66,33.43,5.066,-82.41,-58.3,-1.327,-99.05,-57.18,21.54,-78.72,21.53,1.974,-80.57,-12.32,4.351,-82.33,-0.7646,1.57,40.52,0,-57.14,94.25,-193.4,8.789,133.8,203.6,-41.51,336.9,315.4,86.92,17.08,55.66,0.9762,234.4,210.4,21.97,261.2,271,-137.2,102.5,-76.66,-22.94,0.9821,-115.7,20.02,79.61,-280.3,8.792,-220.7,755.8,306.1,-1251,26.78,420.4,-83.51,57.12,-32.21,92.25,139.6,-35.14,-66.47,-139.1,-2.952,0.5058,-0.03607,0.8419,0.169,-0.6623,0.2514,0.6126,-0.4343,0.4229,0.3126,-0.5683,0.3894,-0.461,-0.5083,-0.4179,-0.7316,-0.2238,-0.4388,-0.5254,-0.4207,-0.4823,0.7234,-0.1588,0.6629,0.6299,-0.1021,0.7636,0.5641,-0.4725,0.2788,0.2104,-0.7365,0.6236,-0.142,-0.665,0.07697,-0.6744,-0.3751,-0.4085,-0.5381,-0.5901,-0.5045,-0.1065,-0.2259,-0.2123
10.45,7.931,0.1189,2.501,3.639,2.554,1.435,-4.805,1.766,4.657,13.39,4.471,13.39,-1.313,-0.423,-50.47,-50.39,0.6431,2.571,-6.596,1.985,61.18,48.65,30.05,17.42,8.642,-4.802,2.718,-2.859,91.3,34.19,0.2183,11.76,-8.428,-2.887,8.741,-2.232,-71.37,-7.652,1.113,-20.82,-1.869,-2.584,-20.61,-6.67,-2.6,8.419,-5.22,-12.1,-121.7,4.822,-3.454,-121.8,6.585,-3.464,-162.7,0.12,-8.924,-72.82,-4.046,-1.336,-75.52,3.815,-1.622,-79.76,34.13,4.869,-82.84,-56.96,-0.6312,-98.55,-55.84,20.89,-79.1,21.35,1.952,-81,-12.77,4.479,-82.31,-0.873,1.518,51.27,-0.9753,-53.23,90.34,-161.1,5.859,102.5,154.8,-83.98,343.7,350.6,96.19,-14.66,-7.812,-7.326,209,218.8,21.97,226.1,292.5,-122.1,53.24,-88.86,42.97,10.25,-63.96,30.75,35.16,-321.8,2.92,-262.7,628.9,281.3,-1011,259.8,470.2,-9.26,45.91,-93.27,145,183.6,-23.93,76.17,-72.26,-35.16,0.5042,-0.03644,0.8428,0.1643,-0.6665,0.2541,0.6043,-0.4393,0.4289,0.3104,-0.5779,0.3907,-0.4623,-0.5047,-0.4188,-0.7353,-0.2199,-0.4292,-0.5301,-0.414,-0.4737,0.7229,-0.1575,0.6639,0.6295,-0.1005,0.7643,0.5646,-0.4708,0.2734,0.2166,-0.7338,0.6221,-0.1399,-0.6563,0.07807,-0.6728,-0.378,-0.408,-0.5348,-0.594,-0.5044,-0.106,-0.2268,-0.2127
10.46,7.878,0.08228,2.5,3.764,2.472,1.588,-5.128,2.801,3.946,13.87,3.761,13.87,-1.198,-0.3557,-50.51,-49.81,-0.4865,2.748,-6.8,2.496,60.79,47.75,30.81,17.26,8.314,-4.779,2.602,-2.889,90.43,34.42,0.2071,12.18,-8.088,-3.017,8.585,-2.029,-71.41,-7.826,1.065,-20.8,-2.48,-3.226,-20.51,-7.6,-3.252,8.659,-4.576,-13.34,-121.2,4.966,-3.713,-121.3,7.761,-3.734,-163.1,0.5411,-10.46,-73.01,-4.098,-1.29,-75.7,3.715,-1.535,-79.8,34.76,4.666,-83.09,-55.49,-0.1072,-97.94,-54.39,20.15,-79.28,21.1,2.029,-81.22,-13.24,4.511,-82.29,-0.934,1.41,89.86,8.786,-42.47,92.28,-120.1,-5.859,62.5,107.4,-123,341.8,370.6,86.43,-45.91,-55.66,-18.06,179.2,218.8,15.63,189.4,318.4,-121.6,20.02,-81.54,42.97,43.95,12.69,31.25,10.28,-321.3,23.93,-283.2,503.9,236.3,-901.3,402.8,524,78.11,64.48,-21.96,55.62,207.6,-26.84,-0.4411,42.53,6.352,0.5029,-0.03644,0.8437,0.1605,-0.6705,0.2573,0.5961,-0.4442,0.4345,0.3078,-0.5872,0.3912,-0.4633,-0.5018,-0.4197,-0.7392,-0.2159,-0.4195,-0.5351,-0.4076,-0.4646,0.7229,-0.156,0.6644,0.6291,-0.09882,0.7649,0.5652,-0.4694,0.2683,0.2233,-0.7313,0.6196,-0.1375,-0.6468,0.07868,-0.6712,-0.3811,-0.4078,-0.532,-0.5967,-0.5053,-0.1051,-0.2272,-0.2131
10.47,7.76,0.07338,2.47,3.921,2.397,1.743,-5.423,3.903,3.269,14.26,3.08,14.26,-1.099,-0.2779,-50.5,-49.17,-1.478,2.915,-6.952,2.993,60.23,46.83,31.54,17.12,7.984,-4.805,2.381,-2.888,89.36,34.6,0.1769,12.59,-7.89,-3.117,8.422,-1.831,-71.49,-7.987,1.023,-20.87,-3.06,-3.839,-20.5,-8.471,-3.876,8.971,-4.002,-14.49,-120.6,5.071,-3.913,-120.9,8.965,-3.946,-163.4,0.9983,-11.97,-73.25,-4.105,-1.245,-75.89,3.593,-1.474,-79.74,35.34,4.511,-83.13,-53.86,0.2543,-97.15,-52.81,19.4,-79.44,20.84,2.138,-81.42,-13.69,4.52,-82.26,-0.9971,1.309,81.05,15.14,-60.55,92.28,-87.9,-12.7,29.29,62.5,-151.9,348.6,381.3,88.87,-53.22,-95.71,-37.11,155.8,189.5,9.766,167.5,355.5,-116.7,33.22,-40.54,5.864,51.27,65.44,43.95,8.801,-294.9,73.26,-301.8,403.8,231.5,-817.5,389.1,502.5,141.6,102.6,-27.81,15.58,113.8,5.399,37.06,65.93,9.752,0.5017,-0.03626,0.8445,0.1574,-0.6743,0.2608,0.5883,-0.4489,0.4397,0.3046,-0.5959,0.3912,-0.4638,-0.4996,-0.4204,-0.7431,-0.2117,-0.4098,-0.5402,-0.4012,-0.4554,0.7232,-0.1542,0.6646,0.6285,-0.09723,0.7657,0.5656,-0.4683,0.2633,0.2305,-0.7291,0.616,-0.1359,-0.6361,0.07807,-0.6697,-0.3844,-0.4075,-0.5291,-0.5993,-0.5064,-0.1043,-0.2276,-0.2135
10.48,7.655,0.07809,2.438,4.072,2.34,1.88,-5.673,5.075,2.64,14.57,2.438,14.57,-1.016,-0.1822,-50.42,-48.48,-2.264,3.079,-7.046,3.477,59.56,45.86,32.21,16.98,7.689,-4.831,2.105,-2.922,88.06,34.79,0.141,12.99,-7.801,-3.151,8.192,-1.608,-71.58,-8.152,0.9895,-21,-3.616,-4.428,-20.55,-9.272,-4.478,9.347,-3.55,-15.55,-120,5.117,-4.047,-120.4,10.18,-4.095,-163.9,1.472,-13.46,-73.48,-4.122,-1.212,-76.08,3.474,-1.438,-79.61,35.86,4.413,-83.1,-52.06,0.5616,-96.21,-51.1,18.64,-79.65,20.58,2.207,-81.65,-14.13,4.5,-82.25,-1.048,1.244,41.99,19.53,-57.14,84.95,-44.44,-7.809,22.95,52.73,-165,346.2,386.2,60.55,-64.93,-105,-45.9,153.8,196.3,5.862,143.1,386.2,-120.1,37.12,5.374,-11.24,47.36,100.6,47.85,-6.344,-272.4,101.1,-325.7,406.3,224.1,-781.4,273,422.9,138.7,143.5,0.4722,-57.67,24.94,42.47,12.21,-27.41,-8.768,0.5005,-0.03595,0.8454,0.1548,-0.6777,0.2646,0.5815,-0.453,0.4448,0.3007,-0.6038,0.391,-0.4635,-0.4984,-0.4209,-0.747,-0.2078,-0.4001,-0.5452,-0.3952,-0.4459,0.7234,-0.1526,0.6649,0.6279,-0.09583,0.7665,0.5655,-0.4674,0.2586,0.2385,-0.7268,0.6116,-0.1349,-0.6242,0.07642,-0.6681,-0.3875,-0.4073,-0.5261,-0.6018,-0.5075,-0.1037,-0.228,-0.2138
10.49,7.627,0.09091,2.415,4.169,2.298,1.968,-5.856,6.279,2.08,14.83,1.855,14.83,-0.9413,-0.06716,-50.35,-47.76,-2.807,3.214,-7.119,3.95,58.88,44.85,32.8,16.84,7.415,-4.88,1.853,-2.929,86.54,34.94,0.0403,13.37,-7.701,-3.188,7.899,-1.41,-71.7,-8.331,0.9556,-21.15,-4.136,-4.988,-20.63,-9.97,-5.051,9.739,-3.245,-16.53,-119.4,5.113,-4.139,-119.9,11.37,-4.205,-164.3,1.951,-14.93,-73.68,-4.205,-1.194,-76.26,3.363,-1.426,-79.51,36.31,4.3,-83.1,-50.1,0.904,-95.26,-49.29,17.89,-79.82,20.34,2.282,-81.85,-14.53,4.466,-82.23,-1.094,1.164,-1.463,21,-53.23,70.8,-11.24,15.14,3.433,52.73,-172.9,316.9,380.8,47.36,-69.33,-99.12,-57.13,113.3,164.6,-19.05,101.1,413.1,-105.5,24.41,46.87,-19.53,43.95,102.5,34.18,-23.95,-280.3,106.9,-338.4,466.8,225.6,-761.7,209.5,336.5,96.68,137.7,-19.03,-106,111.8,-45.94,9.705,28.83,12.17,0.4991,-0.03552,0.8464,0.1526,-0.6809,0.2683,0.5757,-0.4563,0.4498,0.2963,-0.6107,0.3911,-0.4626,-0.4978,-0.4212,-0.7505,-0.2041,-0.3906,-0.5501,-0.3893,-0.4364,0.7232,-0.1511,0.6656,0.6273,-0.09467,0.7673,0.5653,-0.4668,0.2545,0.2474,-0.7238,0.6068,-0.1337,-0.6115,0.07447,-0.6665,-0.3906,-0.4071,-0.5233,-0.604,-0.5087,-0.103,-0.2283,-0.2142
10.5,7.596,0.08732,2.364,4.27,2.3,2.042,-5.956,7.486,1.567,15.04,1.297,15.04,-0.8798,0.07939,-50.27,-47,-3.106,3.321,-7.154,4.419,58.24,43.81,33.32,16.69,7.145,-4.908,1.656,-2.988,84.82,35.07,-0.1757,13.73,-7.472,-3.236,7.518,-1.189,-71.83,-8.515,0.9359,-21.32,-4.648,-5.529,-20.74,-10.58,-5.606,10.12,-3.092,-17.41,-118.8,5.063,-4.199,-119.4,12.53,-4.284,-164.8,2.412,-16.36,-73.9,-4.29,-1.206,-76.43,3.247,-1.427,-79.46,36.69,4.145,-83.17,-48.01,1.337,-94.33,-47.46,17.09,-80.04,20.09,2.306,-82.08,-14.91,4.458,-82.21,-1.123,1.097,-26.85,24.42,-42.97,50.29,-7.332,36.62,-17.59,67.87,-186,264.6,377.4,42.97,-59.57,-91.8,-55.66,90.32,159.2,-16.11,75.19,460.9,-107.4,0.9748,83.97,-2.921,19.05,101.1,7.328,-51.78,-298.8,58.59,-312.5,503.4,222.6,-779.7,215.3,305.7,37.1,74.68,14.64,-41.06,148,36.1,-13.68,71.23,52.7,0.4978,-0.03491,0.8474,0.1506,-0.6839,0.2722,0.5709,-0.4589,0.4548,0.2915,-0.6163,0.3916,-0.4611,-0.498,-0.4213,-0.7535,-0.2009,-0.3813,-0.5547,-0.3837,-0.4267,0.723,-0.1498,0.6664,0.6266,-0.0937,0.7681,0.5655,-0.4664,0.2508,0.2568,-0.7201,0.6019,-0.1317,-0.5987,0.07239,-0.6651,-0.3932,-0.4073,-0.5206,-0.6063,-0.5095,-0.1025,-0.2285,-0.2145
10.51,7.534,0.0682,2.293,4.402,2.316,2.119,-6.011,8.648,1.157,15.23,0.7988,15.23,-0.8365,0.2263,-50.17,-46.23,-3.191,3.404,-7.181,4.871,57.66,42.76,33.78,16.58,6.876,-4.938,1.533,-3.01,82.91,35.19,-0.5451,14.08,-7.172,-3.271,7.072,-1.013,-71.98,-8.714,0.9173,-21.52,-5.121,-6.044,-20.88,-11.1,-6.135,10.46,-3.085,-18.21,-118.2,4.999,-4.24,-118.9,13.62,-4.346,-165.3,2.833,-17.75,-74.12,-4.36,-1.232,-76.58,3.117,-1.425,-79.49,37,3.948,-83.28,-45.8,1.769,-93.45,-45.68,16.27,-80.21,19.84,2.346,-82.27,-15.28,4.468,-82.2,-1.163,1.061,-44.91,30.76,-48.83,30.26,-0.981,50.3,-41.51,102.1,-181.6,217.8,378.9,48.34,-67.88,-74.71,-70.8,75.18,165.5,-16.11,41.52,492.2,-103.5,-16.61,106.5,26.36,-21.48,68.84,7.808,-55.67,-342.3,1.46,-303.2,477,248.5,-786.1,243.6,286.7,2.425,80.08,4.392,27.3,80.07,111.9,14.7,-12.15,-10.74,0.4963,-0.03424,0.8485,0.1491,-0.6867,0.276,0.5672,-0.4608,0.4599,0.2865,-0.6208,0.3927,-0.4591,-0.4985,-0.4212,-0.756,-0.1985,-0.3723,-0.5588,-0.3783,-0.4173,0.7229,-0.1484,0.667,0.6259,-0.09272,0.7689,0.5657,-0.4662,0.2476,0.2671,-0.7158,0.5966,-0.1289,-0.586,0.0702,-0.6636,-0.3959,-0.4074,-0.5181,-0.6084,-0.5103,-0.1022,-0.2288,-0.2147
10.52,7.463,0.01846,2.244,4.527,2.359,2.168,-6.026,9.768,0.8718,15.38,0.311,15.38,-0.8149,0.3987,-50.03,-45.48,-3.087,3.435,-7.165,5.31,57.16,41.71,34.19,16.47,6.613,-4.945,1.472,-2.914,80.87,35.35,-1.123,14.46,-6.889,-3.278,6.61,-0.9641,-72.14,-8.898,0.9041,-21.78,-5.571,-6.544,-21.08,-11.56,-6.649,10.72,-3.213,-18.92,-117.6,4.9,-4.276,-118.4,14.64,-4.403,-165.8,3.226,-19.08,-74.33,-4.422,-1.282,-76.75,2.987,-1.416,-79.59,37.28,3.723,-83.36,-43.5,2.081,-92.62,-44.01,15.45,-80.26,19.6,2.413,-82.34,-15.68,4.435,-82.19,-1.19,1.013,-49.81,23.44,-40.05,6.362,2.926,49.32,-67.86,147.5,-163.6,155.8,357.4,43.94,-82.52,-50.78,-61.53,55.18,184.1,-23.93,0.9717,513.7,-104,-44.43,126.5,25.4,-35.64,60.06,-0.9817,-30.29,-332.5,-18.57,-273.9,447.7,244.2,-717.9,282.8,302.2,-54.68,75.22,0.4722,-23.43,89.32,9.268,25.88,6.851,-7.784,0.495,-0.03351,0.8496,0.1481,-0.6894,0.2799,0.5643,-0.4619,0.4651,0.2816,-0.6241,0.3946,-0.4566,-0.4995,-0.4208,-0.7578,-0.1967,-0.3636,-0.5626,-0.3733,-0.4079,0.7227,-0.1473,0.6676,0.6251,-0.09168,0.7697,0.5661,-0.466,0.245,0.2783,-0.7113,0.5905,-0.1257,-0.5742,0.06782,-0.6621,-0.3984,-0.4076,-0.516,-0.61,-0.5118,-0.1018,-0.229,-0.2148
10.53,7.388,-0.03088,2.225,4.645,2.407,2.164,-6.014,10.81,0.8291,15.52,-0.155,15.51,-0.8149,0.5935,-49.83,-44.71,-2.875,3.428,-7.123,5.732,56.76,40.68,34.55,16.36,6.379,-4.944,1.429,-2.844,78.69,35.5,-1.92,14.85,-6.632,-3.329,6.163,-0.8898,-72.31,-9.067,0.9084,-22.11,-6.005,-7.012,-21.36,-11.97,-7.13,10.84,-3.43,-19.55,-117.1,4.797,-4.312,-117.9,15.58,-4.461,-166.3,3.574,-20.35,-74.51,-4.473,-1.324,-76.9,2.86,-1.403,-79.7,37.5,3.524,-83.4,-41.12,2.32,-91.87,-42.47,14.7,-80.33,19.36,2.466,-82.43,-16.07,4.42,-82.18,-1.19,0.9378,-37.12,21.48,-49.8,-5.362,30.27,58.59,-91.3,190.4,-160.2,105.5,355.9,18.07,-88.86,-23.93,-67.87,28.8,208,-21.49,-35.17,520,-111.3,-71.76,132.8,-31.73,-28.81,41.01,-33.19,-2.949,-310.6,-17.08,-239.2,430.2,194.8,-674.8,274.4,303.3,-62.51,63,34.19,-53.23,59.57,-0.4835,27.79,20.94,-18.07,0.4937,-0.03259,0.8506,0.1476,-0.6917,0.2842,0.5621,-0.4625,0.4702,0.2774,-0.6262,0.3974,-0.454,-0.5006,-0.4204,-0.7589,-0.1956,-0.3554,-0.566,-0.3684,-0.399,0.7226,-0.1464,0.6681,0.6244,-0.09064,0.7706,0.5665,-0.4659,0.2428,0.2901,-0.7065,0.5837,-0.1226,-0.5632,0.06543,-0.6609,-0.4007,-0.4079,-0.5138,-0.6116,-0.5131,-0.1011,-0.2289,-0.215
10.54,7.262,-0.07823,2.229,4.757,2.456,2.153,-5.996,11.77,1.052,15.64,-0.6069,15.62,-0.8585,0.8067,-49.55,-43.98,-2.59,3.405,-7.033,6.11,56.48,39.66,34.89,16.28,6.159,-4.932,1.387,-2.863,76.36,35.63,-2.984,15.26,-6.418,-3.407,5.776,-0.7573,-72.47,-9.219,0.9263,-22.5,-6.408,-7.465,-21.7,-12.35,-7.595,10.82,-3.712,-20.08,-116.5,4.692,-4.361,-117.4,16.43,-4.531,-166.8,3.852,-21.54,-74.65,-4.515,-1.353,-77.05,2.693,-1.379,-79.79,37.66,3.356,-83.38,-38.62,2.457,-91.22,-41.09,14.05,-80.48,19.11,2.489,-82.6,-16.44,4.439,-82.19,-1.167,0.8659,-44.91,30.28,-50.78,-10.24,64.94,63.47,-105.9,223.1,-135.3,67.38,360.4,21,-104.5,-4.401,-69.82,19.04,238.8,-27.83,-59.09,533.7,-114.3,-73.75,123.5,-39.56,-28.81,34.67,-39.54,-21,-320.8,23.42,-227.5,382.8,204.1,-668.8,233.4,319.4,-81.52,76.63,9.256,-90.77,59.57,20.47,66.91,22.49,-22.01,0.4926,-0.03168,0.8514,0.1477,-0.6938,0.2886,0.5603,-0.4627,0.4751,0.274,-0.6273,0.4008,-0.4513,-0.5016,-0.4199,-0.7596,-0.1952,-0.3475,-0.5687,-0.364,-0.3906,0.7226,-0.1456,0.6685,0.6234,-0.08954,0.7716,0.5669,-0.4657,0.2412,0.3024,-0.7015,0.5758,-0.1197,-0.5533,0.06317,-0.6593,-0.4032,-0.4082,-0.5114,-0.6137,-0.5139,-0.1005,-0.2287,-0.2151
10.55,7.126,-0.118,2.257,4.838,2.513,2.1,-5.981,12.66,1.383,15.76,-1.021,15.73,-0.9347,1.036,-49.24,-43.25,-2.277,3.382,-6.916,6.407,56.31,38.65,35.21,16.21,5.971,-4.918,1.318,-2.943,73.86,35.75,-4.387,15.7,-6.215,-3.524,5.5,-0.5754,-72.64,-9.358,0.9651,-22.94,-6.778,-7.878,-22.1,-12.7,-8.02,10.64,-4.036,-20.53,-115.9,4.599,-4.414,-116.9,17.22,-4.606,-167.3,4.061,-22.62,-74.77,-4.572,-1.373,-77.19,2.501,-1.352,-79.84,37.79,3.246,-83.27,-36,2.466,-90.69,-39.91,13.46,-80.69,18.86,2.491,-82.83,-16.81,4.464,-82.2,-1.117,0.762,-68.36,37.11,-66.41,5.362,101.1,74.22,-101.1,229,-125,37.6,369.1,28.32,-109.4,16.6,-73.73,2.446,263.2,-15.63,-94.26,538.1,-114.3,-72.25,92.78,-43.46,-43.46,17.57,-31.73,-41.5,-323.7,62.02,-204.1,292,209.5,-713.3,100.5,309.1,-84.94,63.94,23.94,-143.1,89.32,41.5,27.35,70.84,0.9842,0.4917,-0.03058,0.8522,0.1483,-0.6957,0.2931,0.559,-0.4627,0.4799,0.2717,-0.6274,0.405,-0.4488,-0.5025,-0.4196,-0.7598,-0.1951,-0.3402,-0.5708,-0.3601,-0.3828,0.7224,-0.145,0.669,0.6223,-0.08844,0.7727,0.5669,-0.4657,0.2399,0.3155,-0.6965,0.5667,-0.1166,-0.5448,0.06128,-0.658,-0.4055,-0.4086,-0.5088,-0.616,-0.5146,-0.09968,-0.2282,-0.2152
10.56,7.022,-0.1338,2.301,4.857,2.566,2.046,-5.999,13.48,1.746,15.87,-1.398,15.82,-1.047,1.26,-48.86,-42.54,-2.011,3.358,-6.767,6.637,56.25,37.63,35.49,16.17,5.798,-4.898,1.286,-3.048,71.17,35.88,-6.163,16.15,-5.972,-3.631,5.395,-0.3872,-72.79,-9.48,1.011,-23.43,-7.108,-8.256,-22.55,-13.04,-8.411,10.29,-4.35,-20.9,-115.4,4.514,-4.463,-116.5,17.95,-4.677,-167.9,4.203,-23.59,-74.86,-4.674,-1.381,-77.33,2.294,-1.338,-79.93,37.85,3.111,-83.1,-33.25,2.323,-90.36,-38.97,12.87,-80.93,18.61,2.468,-83.08,-17.19,4.512,-82.21,-1.056,0.6875,-84.48,51.76,-73.74,-3.908,120.1,78.61,-98.13,196.8,-112.8,2.931,379.9,24.9,-126,16.6,-73.73,1.456,297.9,-15.63,-113.3,554.7,-122.6,-65.42,62.01,-52.73,-60.54,-3.428,-38.08,-83.99,-358.4,74.72,-144.1,216.3,164.6,-708.6,-6.886,336,-118.2,40.04,68.85,-96.68,12.24,93.72,15.15,51.32,13.15,0.4908,-0.02954,0.8529,0.1495,-0.6972,0.2977,0.5579,-0.4624,0.4845,0.2706,-0.6268,0.4098,-0.4466,-0.5033,-0.4194,-0.7598,-0.1954,-0.3333,-0.5722,-0.3568,-0.3756,0.7219,-0.1444,0.6698,0.621,-0.08747,0.774,0.5669,-0.4659,0.239,0.3294,-0.6915,0.5561,-0.1127,-0.5382,0.06043,-0.6566,-0.4078,-0.4091,-0.5062,-0.6184,-0.5151,-0.09906,-0.2276,-0.2152
10.57,6.936,-0.1554,2.359,4.841,2.611,1.979,-6.022,14.22,2.058,15.97,-1.703,15.91,-1.156,1.462,-48.44,-41.82,-1.806,3.34,-6.631,6.802,56.3,36.58,35.71,16.14,5.628,-4.855,1.316,-3.098,68.34,36.04,-8.315,16.64,-5.507,-3.655,5.463,-0.2548,-72.93,-9.601,1.052,-23.96,-7.397,-8.572,-23.04,-13.35,-8.738,9.787,-4.637,-21.2,-114.8,4.438,-4.499,-116,18.61,-4.733,-168.4,4.278,-24.44,-74.94,-4.81,-1.387,-77.45,2.072,-1.315,-80.09,37.85,2.946,-82.95,-30.43,2.141,-90.31,-38.31,12.21,-81.1,18.37,2.449,-83.25,-17.6,4.507,-82.21,-0.9872,0.6463,-104.5,52.25,-104.5,-76.65,110.8,103.5,-114.7,168,-130.4,-41.5,403.8,52.74,-139.2,27.84,-56.64,7.804,340.3,-10.25,-140.6,561,-116.2,-62.5,14.16,-72.76,-77.15,-20.03,-58.1,-114.3,-378.9,95.7,-91.77,147.9,49.8,-529.2,-154.9,504.9,-126.9,-5.874,74.71,-51.3,-64.92,64.47,-22.94,-26.37,9.305,0.49,-0.02857,0.8536,0.1511,-0.6983,0.3022,0.5575,-0.4611,0.4894,0.2709,-0.6256,0.415,-0.4449,-0.5038,-0.4195,-0.7595,-0.1959,-0.327,-0.573,-0.354,-0.3691,0.7212,-0.1438,0.6707,0.6196,-0.08643,0.7753,0.5672,-0.4663,0.2387,0.3439,-0.686,0.5448,-0.1069,-0.534,0.06134,-0.655,-0.4099,-0.4096,-0.5035,-0.6205,-0.5161,-0.09876,-0.227,-0.2152
10.58,6.874,-0.1879,2.396,4.802,2.662,1.949,-6.032,14.86,2.34,16.09,-1.959,16.01,-1.281,1.64,-47.93,-41.15,-1.664,3.329,-6.506,6.889,56.4,35.54,35.88,16.13,5.468,-4.792,1.305,-3.041,65.37,36.25,-10.75,17.15,-4.52,-3.667,5.754,-0.242,-73.05,-9.73,1.096,-24.57,-7.669,-8.85,-23.62,-13.63,-9.026,9.143,-4.874,-21.46,-114.3,4.387,-4.527,-115.5,19.2,-4.781,-168.9,4.295,-25.16,-75.03,-4.977,-1.39,-77.58,1.844,-1.277,-80.17,37.78,2.846,-82.83,-27.54,2.059,-90.61,-37.82,11.34,-81.15,18.12,2.46,-83.31,-18.05,4.485,-82.23,-0.9321,0.6012,-95.71,49.81,-107.9,-103,110.8,138.2,-160.1,173.8,-138.2,-109.9,435.6,58.59,-155.3,33.2,-68.36,-4.397,362.8,-8.303,-172.9,563,-119.6,-73.75,-1.962,-57.13,-99.62,-3.428,-60.54,-131.8,-385.3,133.3,-106.9,79.61,-16.1,34.08,-499,634.8,-137.2,-57.12,72.25,6.825,-168.5,35.62,-75.73,-6.851,-8.768,0.489,-0.02765,0.8542,0.1533,-0.6991,0.307,0.5581,-0.4587,0.4949,0.2723,-0.6242,0.4205,-0.4437,-0.5041,-0.4198,-0.7592,-0.1964,-0.3215,-0.5731,-0.352,-0.3633,0.7203,-0.1431,0.6718,0.6182,-0.08533,0.7766,0.5672,-0.4668,0.2388,0.3582,-0.6796,0.5332,-0.09778,-0.5315,0.0647,-0.6535,-0.412,-0.4102,-0.5012,-0.6221,-0.5178,-0.0984,-0.2265,-0.2152
10.59,6.827,-0.2179,2.401,4.755,2.699,1.915,-6.028,15.47,2.606,16.18,-2.18,16.09,-1.429,1.804,-47.34,-40.47,-1.557,3.326,-6.414,6.899,56.48,34.5,35.96,16.1,5.342,-4.719,1.243,-2.844,62.28,36.49,-13.1,17.66,-2.759,-3.554,6.215,-0.3796,-73.18,-9.852,1.137,-25.26,-7.911,-9.098,-24.28,-13.86,-9.283,8.4,-5.058,-21.7,-113.7,4.328,-4.534,-115,19.75,-4.804,-169.4,4.268,-25.76,-75.12,-5.145,-1.384,-77.68,1.63,-1.231,-80.16,37.65,2.833,-82.75,-24.58,2.15,-91.16,-37.14,9.971,-81.02,17.88,2.514,-83.16,-18.54,4.343,-82.22,-0.9065,0.5699,-70.33,38.09,-112.3,-102.1,94.23,145.5,-229,229.5,-131.3,-134.8,479,61.03,-165,23.43,-61.03,-20.5,379.9,-9.282,-183.1,585.5,-118.2,-94.26,12.69,-22.94,-111.3,18.55,-74.22,-190.4,-399.4,135.8,-217.8,-202.1,59.07,681.5,-396,697.7,-105,-87.37,42.97,65.97,-196.8,35.14,-101.6,-71.23,15.66,0.4882,-0.02673,0.8549,0.1563,-0.6996,0.3122,0.5597,-0.4548,0.501,0.2745,-0.6226,0.4262,-0.4429,-0.5042,-0.4204,-0.7589,-0.197,-0.3165,-0.5727,-0.3507,-0.3581,0.7194,-0.1424,0.673,0.6168,-0.08435,0.7778,0.5668,-0.4677,0.2394,0.372,-0.672,0.5218,-0.08307,-0.5282,0.07044,-0.6521,-0.414,-0.4109,-0.4993,-0.6227,-0.5207,-0.09815,-0.2263,-0.2152
10.6,6.816,-0.2615,2.406,4.712,2.757,1.86,-5.981,15.99,2.818,16.28,-2.346,16.18,-1.562,1.959,-46.67,-39.8,-1.49,3.309,-6.405,6.864,56.51,33.5,35.95,16.06,5.225,-4.649,1.457,-2.664,59.1,36.77,-14.88,18.14,-0.6489,-3.43,6.525,-0.4992,-73.32,-9.981,1.191,-26.05,-8.161,-9.278,-25.06,-14.06,-9.47,7.601,-5.199,-21.95,-113.2,4.286,-4.53,-114.5,20.22,-4.815,-169.9,4.219,-26.25,-75.2,-5.316,-1.387,-77.76,1.45,-1.183,-80.47,37.47,2.623,-82.96,-21.59,2.384,-91.77,-35.87,8.162,-80.89,17.65,2.566,-83.03,-19.05,4.199,-82.22,-0.9301,0.5483,-45.42,28.32,-121.6,-86.43,120.6,171.4,-265.6,323.7,-101.6,-120.6,523.9,83.5,-154.8,29.79,-63.48,-22.45,391.1,-8.787,-196.3,602.5,-117.7,-130.8,42.48,-31.24,-91.8,58.6,-86.43,-230.5,-414.5,132.8,-364.2,-427.7,99.11,887.6,128.8,649.4,-43.93,-135.7,2.928,107.9,-122.1,25.87,-25.88,-11.76,20.49,0.4873,-0.0257,0.8556,0.1597,-0.6995,0.3178,0.5622,-0.45,0.5074,0.2772,-0.6212,0.4319,-0.4427,-0.504,-0.4213,-0.7588,-0.1974,-0.3123,-0.5719,-0.3499,-0.3535,0.7185,-0.1418,0.6742,0.6157,-0.08344,0.7788,0.5657,-0.469,0.2402,0.3867,-0.6625,0.5113,-0.06403,-0.5205,0.07721,-0.6507,-0.4158,-0.4115,-0.4972,-0.6233,-0.5236,-0.09796,-0.2264,-0.2153
10.61,6.801,-0.3077,2.419,4.703,2.817,1.765,-5.886,16.43,2.969,16.39,-2.462,16.27,-1.662,2.11,-45.95,-39.21,-1.443,3.281,-6.475,6.801,56.46,32.6,35.83,16.02,5.125,-4.583,2.033,-2.53,55.88,37.09,-16.04,18.62,1.123,-3.325,6.531,-0.5868,-73.47,-10.11,1.247,-26.89,-8.413,-9.384,-25.9,-14.22,-9.579,6.812,-5.304,-22.2,-112.7,4.244,-4.531,-114.1,20.62,-4.828,-170.4,4.156,-26.64,-75.25,-5.452,-1.396,-77.82,1.301,-1.14,-81.21,37.22,2.156,-83.41,-18.61,2.498,-92.13,-34.05,6.207,-80.8,17.44,2.598,-82.92,-19.58,4.07,-82.2,-0.9636,0.5195,-36.61,34.67,-123.5,-80.07,176.3,167.5,-280.3,426.8,-86.91,-102.5,560.1,83.98,-136.2,17.58,-78.62,-24.4,391.6,-13.19,-187,625,-126.5,-164.1,82.03,-18.06,-73.25,90.82,-106.5,-231,-425.3,118.6,-397.5,-432.6,-33.2,718.6,538,472.2,-19.02,-139.2,23.42,114.8,-41.98,16.6,-10.73,53.65,40.53,0.4864,-0.0246,0.8562,0.1633,-0.6989,0.3238,0.565,-0.4449,0.5135,0.28,-0.6199,0.4374,-0.4429,-0.5035,-0.4225,-0.7587,-0.1979,-0.3089,-0.571,-0.3496,-0.3496,0.7178,-0.1414,0.6751,0.6148,-0.08271,0.7796,0.5639,-0.4708,0.2412,0.403,-0.6519,0.5011,-0.04462,-0.5084,0.08222,-0.6492,-0.4176,-0.4119,-0.4949,-0.6242,-0.5264,-0.09772,-0.2267,-0.2155
10.62,6.776,-0.3589,2.46,4.72,2.89,1.646,-5.751,16.8,3.065,16.48,-2.547,16.34,-1.708,2.242,-45.26,-38.67,-1.414,3.239,-6.619,6.712,56.34,31.83,35.6,15.96,5.047,-4.498,2.782,-2.437,52.59,37.45,-16.79,19.13,2.371,-3.171,6.205,-0.6383,-73.61,-10.23,1.299,-27.7,-8.673,-9.429,-26.73,-14.35,-9.623,6.104,-5.382,-22.46,-112.3,4.198,-4.519,-113.7,20.94,-4.827,-170.8,4.106,-26.91,-75.28,-5.554,-1.426,-77.88,1.174,-1.114,-82.16,36.9,1.575,-84,-15.66,2.506,-92.17,-31.91,4.382,-80.75,17.26,2.579,-82.84,-20.14,3.926,-82.19,-1.007,0.5267,-40.05,55.67,-121.1,-92.28,265.1,164.6,-265.1,505.4,-81.55,-84.96,592.3,100.6,-122.1,-4.882,-81.05,-23.93,378.9,-7.324,-185.1,647.5,-115.2,-158.2,104.5,-28.32,-76.66,106.4,-88.87,-236.8,-403.8,109.9,-345.7,-341.3,-196.8,553.2,746.6,383.4,-41.01,-128.9,8.311,71.77,76.62,-34.65,-13.23,67.35,48.85,0.4855,-0.02356,0.8569,0.1668,-0.698,0.3297,0.5679,-0.44,0.5189,0.2825,-0.619,0.4424,-0.4434,-0.5029,-0.4238,-0.7588,-0.1984,-0.3062,-0.5701,-0.3497,-0.3464,0.7172,-0.1414,0.6758,0.614,-0.08209,0.7804,0.5616,-0.4731,0.2427,0.4202,-0.6407,0.4909,-0.02765,-0.4933,0.08429,-0.6474,-0.4193,-0.4123,-0.4923,-0.6252,-0.5293,-0.09778,-0.2271,-0.2156
10.63,6.81,-0.4144,2.522,4.712,2.972,1.51,-5.623,17.09,3.132,16.55,-2.615,16.4,-1.726,2.361,-44.61,-38.26,-1.416,3.189,-6.785,6.628,56.17,31.24,35.22,15.87,4.96,-4.415,3.766,-2.398,49.17,37.88,-17.44,19.66,3.115,-2.968,5.311,-0.6549,-73.73,-10.34,1.341,-28.45,-8.922,-9.441,-27.5,-14.47,-9.633,5.504,-5.432,-22.72,-112,4.142,-4.512,-113.5,21.17,-4.827,-171.1,4.068,-27.1,-75.26,-5.668,-1.475,-77.93,1.093,-1.106,-83.39,36.45,0.8151,-84.83,-12.68,2.571,-91.83,-29.69,2.831,-80.75,17.08,2.526,-82.8,-20.73,3.789,-82.18,-1.068,0.5882,-78.6,57.13,-135.3,-97.67,346.2,179.2,-241.2,560.1,-72.27,-84.96,616.2,125.5,-126.9,-33.2,-91.31,-9.289,362.8,-27.34,-182.1,648.4,-121.1,-143.1,110.4,-39.07,-115.2,99.11,-91.32,-246.1,-361.8,108.9,-231.9,-181.6,-148.9,412.3,707.6,241.2,-105.9,-112.3,42.97,11.72,88.86,82.52,11.18,61.53,59.05,0.4847,-0.02271,0.8575,0.1698,-0.6969,0.3352,0.5702,-0.4359,0.5235,0.2845,-0.6184,0.4466,-0.4441,-0.5023,-0.4254,-0.7589,-0.199,-0.3042,-0.5693,-0.35,-0.3439,0.7165,-0.1417,0.6765,0.6135,-0.08173,0.7808,0.559,-0.4762,0.2446,0.4381,-0.6277,0.4815,-0.01453,-0.477,0.08289,-0.6457,-0.4209,-0.4128,-0.4893,-0.6266,-0.5321,-0.09827,-0.2276,-0.2157
10.64,6.895,-0.4872,2.589,4.715,3.071,1.404,-5.543,17.27,3.176,16.61,-2.657,16.45,-1.743,2.461,-44.05,-38,-1.471,3.13,-6.939,6.565,55.96,30.84,34.64,15.74,4.819,-4.333,4.999,-2.251,45.54,38.33,-18.25,20.22,3.454,-2.728,3.824,-0.7735,-73.81,-10.46,1.378,-29.07,-9.138,-9.454,-28.13,-14.6,-9.647,5.058,-5.433,-22.99,-111.9,4.076,-4.502,-113.3,21.29,-4.821,-171.4,4.048,-27.19,-75.23,-5.781,-1.545,-77.98,1.063,-1.102,-84.91,35.84,-0.1401,-85.93,-9.656,2.708,-91.2,-27.61,1.575,-80.64,16.91,2.5,-82.65,-21.36,3.633,-82.17,-1.127,0.6712,-129.9,56.64,-140.1,-120.6,393.1,169.9,-248.5,570.3,-65.43,-101.5,638.7,133.8,-132.3,-42.96,-80.57,-3.407,356.9,-34.66,-181.1,648.9,-108.4,-143.1,106,-31.73,-154.3,78.13,-121.1,-256.8,-382.3,85.45,-134.8,-20.01,41.97,251.9,378,65.48,-164,-126.5,94.26,-33.21,-10.7,139.7,-21.47,31.8,-20.49,0.4839,-0.02204,0.858,0.1723,-0.6961,0.3398,0.5717,-0.433,0.5272,0.2859,-0.6185,0.4497,-0.4449,-0.5016,-0.427,-0.759,-0.1998,-0.3031,-0.5686,-0.3506,-0.3422,0.7157,-0.1421,0.6772,0.6133,-0.08142,0.781,0.5569,-0.4799,0.2473,0.4569,-0.6125,0.4731,-0.005127,-0.4616,0.07855,-0.6442,-0.4222,-0.4135,-0.4866,-0.6275,-0.5355,-0.09895,-0.2282,-0.2156
10.65,6.99,-0.589,2.659,4.74,3.176,1.315,-5.506,17.38,3.2,16.65,-2.678,16.48,-1.755,2.527,-43.67,-37.82,-1.566,3.088,-7.062,6.52,55.78,30.58,33.88,15.59,4.633,-4.231,6.344,-2.005,41.67,38.84,-19.49,20.82,3.624,-2.555,1.987,-0.985,-73.88,-10.57,1.405,-29.51,-9.311,-9.478,-28.57,-14.74,-9.673,4.753,-5.395,-23.22,-111.7,3.995,-4.462,-113.2,21.32,-4.779,-171.5,4.036,-27.18,-75.22,-5.873,-1.628,-78.04,1.067,-1.085,-86.52,35.06,-1.137,-87.1,-6.544,2.728,-90.32,-25.89,0.3568,-80.43,16.75,2.498,-82.44,-22.03,3.532,-82.17,-1.188,0.7398,-156.2,50.29,-128.9,-148,404.8,176.3,-271.5,550.8,-58.59,-127,629.4,154.3,-148.4,-42.48,-63.96,-17.59,355.5,-12.69,-190.4,636.7,-106.4,-158.7,92.29,-11.24,-198.2,52.25,-162.6,-222.7,-376.5,101.1,-47.38,137.7,155.7,187.1,51.72,-15.06,-209,-121.6,69.32,-61.54,-160.7,15.15,-39.12,-29.73,33.73,0.483,-0.02149,0.8586,0.1739,-0.6956,0.3432,0.5723,-0.4314,0.5297,0.2868,-0.6189,0.4519,-0.4458,-0.5012,-0.4285,-0.759,-0.2009,-0.3027,-0.568,-0.3515,-0.3414,0.7151,-0.1426,0.6778,0.6134,-0.081,0.781,0.5556,-0.4841,0.251,0.4765,-0.5964,0.4641,0.00293,-0.4489,0.07178,-0.6429,-0.4232,-0.4141,-0.4844,-0.6284,-0.5388,-0.0995,-0.2287,-0.2155
10.66,7.087,-0.6838,2.737,4.791,3.25,1.245,-5.499,17.4,3.233,16.64,-2.71,16.46,-1.766,2.543,-43.45,-37.69,-1.705,3.065,-7.123,6.488,55.63,30.42,32.97,15.42,4.488,-4.086,7.465,-1.786,37.63,39.37,-21.27,21.42,3.854,-2.457,0.2296,-1.169,-73.93,-10.69,1.424,-29.75,-9.458,-9.542,-28.81,-14.88,-9.741,4.594,-5.306,-23.43,-111.7,3.905,-4.372,-113.1,21.26,-4.681,-171.6,4.048,-27.06,-75.2,-5.936,-1.689,-78.1,1.099,-1.054,-87.81,34.15,-1.849,-88.01,-3.409,2.431,-89.23,-24.65,-1.078,-80.26,16.6,2.456,-82.26,-22.72,3.479,-82.16,-1.265,0.7803,-177.2,39.06,-129.4,-178.7,402.4,183.1,-308.6,503.9,-44.92,-157.7,613.8,141.6,-181.1,-46.87,-55.66,-29.29,374.5,12.69,-196.8,620.6,-95.21,-199.2,62.5,-56.15,-212.4,41.98,-195.8,-199.7,-341.3,127,149.9,252.4,157.7,447.7,-171.8,-34.12,-282.7,-136.3,12.18,-40.49,-271,-89.37,-111.3,-52.23,61.55,0.4821,-0.02106,0.8591,0.1746,-0.6955,0.3453,0.5719,-0.431,0.5313,0.2873,-0.6198,0.4529,-0.4466,-0.5012,-0.4298,-0.7588,-0.2022,-0.303,-0.5676,-0.3526,-0.3413,0.7147,-0.1429,0.6782,0.6137,-0.08045,0.7809,0.5548,-0.4881,0.2561,0.4954,-0.5818,0.4523,0.01196,-0.44,0.06293,-0.6416,-0.424,-0.415,-0.4822,-0.6296,-0.5418,-0.0998,-0.2294,-0.2156
10.67,7.135,-0.7562,2.759,4.883,3.31,1.228,-5.48,17.37,3.281,16.59,-2.76,16.42,-1.776,2.523,-43.4,-37.63,-1.824,3.063,-7.129,6.449,55.53,30.37,32,15.26,4.383,-3.965,8.21,-1.676,33.61,39.94,-23.41,21.99,4.36,-2.437,-1.23,-1.256,-73.97,-10.8,1.439,-29.82,-9.582,-9.642,-28.87,-14.98,-9.844,4.564,-5.202,-23.58,-111.6,3.807,-4.246,-113,21.12,-4.543,-171.6,4.072,-26.85,-75.22,-5.953,-1.736,-78.15,1.132,-1.031,-88.61,33.2,-2.224,-88.53,-0.354,1.957,-88.04,-23.79,-2.763,-80.17,16.46,2.396,-82.19,-23.42,3.51,-82.13,-1.401,0.8162,-206.5,17.09,-132.3,-210.5,363.8,185.1,-355,433.1,-54.68,-178.2,609.9,127,-215.3,-37.6,-44.43,-52.24,370.6,9.766,-202.2,589.4,-97.16,-238.3,55.17,-103,-252.4,92.28,-196.8,-284.7,-285.7,130.9,399.4,227.5,85.93,969.8,-289.1,-165.5,-273.5,-112.8,-15.63,61.99,-363.2,60.52,-47.35,-113.8,-53.23,0.4813,-0.02075,0.8596,0.1743,-0.696,0.3463,0.5711,-0.4316,0.5318,0.2874,-0.6209,0.453,-0.4475,-0.5014,-0.4309,-0.7587,-0.2036,-0.3039,-0.5672,-0.3541,-0.3421,0.7146,-0.1431,0.6784,0.6139,-0.08008,0.7807,0.555,-0.4918,0.2622,0.5122,-0.5693,0.4383,0.02265,-0.4345,0.05292,-0.6406,-0.4246,-0.416,-0.4796,-0.6316,-0.5443,-0.1,-0.2305,-0.2158
10.68,7.208,-0.8242,2.732,4.96,3.336,1.245,-5.455,17.28,3.327,16.49,-2.814,16.33,-1.777,2.484,-43.52,-37.63,-1.92,3.08,-7.097,6.414,55.51,30.41,30.97,15.09,4.242,-3.812,8.448,-1.594,29.71,40.58,-25.63,22.61,5.288,-2.497,-2.221,-1.341,-74,-10.89,1.439,-29.72,-9.67,-9.768,-28.76,-15.05,-9.973,4.642,-5.089,-23.69,-111.6,3.682,-4.102,-113,20.92,-4.383,-171.6,4.09,-26.55,-75.27,-5.972,-1.759,-78.17,1.188,-0.9885,-88.75,32.21,-2.254,-88.55,2.547,1.481,-86.83,-23.12,-4.628,-80.09,16.34,2.317,-82.14,-24.18,3.564,-82.11,-1.537,0.7921,-226.6,-2.926,-135.3,-234.9,317.4,194.3,-392.1,371.6,-60.54,-207,597.2,117.2,-239.7,-1.953,-29.29,-74.22,378.4,38.08,-216.3,555.2,-98.64,-298.8,77.64,-66.4,-314.9,142.6,-141.6,-302.2,-115.7,95.22,573.8,-55.65,-41.97,1573,-307.6,-385.2,-252.5,-57.59,58.08,-11.72,-220.7,-120.6,-25.88,-59.08,-20.49,0.4806,-0.02057,0.86,0.1733,-0.6969,0.3462,0.57,-0.4329,0.5316,0.2871,-0.622,0.4524,-0.4483,-0.502,-0.432,-0.7585,-0.205,-0.3055,-0.5668,-0.3558,-0.3435,0.7145,-0.1429,0.6786,0.6144,-0.07972,0.7804,0.5564,-0.4952,0.2688,0.5254,-0.5593,0.4226,0.03479,-0.4306,0.04254,-0.6396,-0.425,-0.417,-0.4768,-0.6337,-0.5467,-0.0998,-0.2316,-0.2161
10.69,7.337,-0.8406,2.682,5.029,3.32,1.272,-5.405,17.12,3.362,16.38,-2.864,16.23,-1.763,2.403,-43.75,-37.71,-1.952,3.123,-7.033,6.381,55.53,30.57,29.87,14.87,4.154,-3.702,8.102,-1.668,26.02,41.25,-27.6,23.24,6.596,-2.649,-2.709,-1.272,-74.01,-10.99,1.42,-29.48,-9.731,-9.914,-28.52,-15.05,-10.12,4.817,-4.997,-23.74,-111.7,3.56,-3.942,-113,20.64,-4.204,-171.5,4.101,-26.18,-75.31,-5.999,-1.757,-78.16,1.292,-0.9746,-88.21,31.24,-1.9,-88.03,5.246,1.163,-85.68,-22.38,-6.459,-80.16,16.23,2.204,-82.24,-24.96,3.697,-82.05,-1.693,0.743,-215.3,-12.2,-133.3,-253.9,275.4,194.8,-411.1,338.9,-73.73,-221.7,587.4,106.4,-271.5,20.02,-34.67,-108.9,384.3,65.43,-237.8,524.9,-107.9,-350.1,106.5,-36.12,-309.6,164.5,-140.1,-334.5,28.34,43.96,609.4,-418.9,-192.9,1867,-324.7,-510.3,-206.5,-63.94,-19.55,-37.65,-81.06,-13.22,-46.91,29.73,6.8,0.4799,-0.02057,0.8604,0.1716,-0.6981,0.3452,0.5689,-0.4347,0.5308,0.2863,-0.6231,0.4512,-0.4489,-0.5027,-0.4329,-0.7582,-0.2066,-0.3076,-0.5663,-0.3577,-0.3455,0.7144,-0.1426,0.6788,0.6151,-0.07971,0.7799,0.5583,-0.4983,0.2759,0.5342,-0.5518,0.4059,0.047,-0.4264,0.03241,-0.6389,-0.4251,-0.418,-0.4735,-0.6368,-0.5485,-0.09937,-0.2329,-0.2168
10.7,7.5,-0.8243,2.637,5.129,3.305,1.273,-5.323,16.91,3.388,16.26,-2.908,16.11,-1.741,2.328,-44.07,-37.89,-1.932,3.195,-6.945,6.349,55.57,30.85,28.7,14.58,4.164,-3.628,7.433,-1.802,22.48,41.97,-29.25,23.89,8.031,-2.802,-2.928,-1.164,-74.02,-11.08,1.406,-29.16,-9.774,-10.05,-28.2,-15.01,-10.26,5.084,-4.917,-23.74,-111.9,3.426,-3.783,-113.1,20.3,-4.027,-171.3,4.092,-25.73,-75.32,-5.985,-1.756,-78.13,1.469,-0.9971,-87.29,30.27,-1.325,-87.23,7.802,1.03,-84.62,-21.47,-8.085,-80.27,16.12,2.072,-82.4,-25.79,3.87,-82,-1.872,0.7228,-205.6,-15.62,-121.6,-253.9,253.9,179.2,-417.5,314.9,-81.05,-235.4,571.8,107.4,-291.5,53.22,-40.04,-138.7,386.2,76.17,-252,495.1,-94.73,-397.9,140.1,-22.45,-317.4,230.5,-185.6,-381.8,97.67,106.5,425.8,-720.2,-329.6,2039,-296.9,-804.2,-209,-137.2,-26.87,15.58,-101.1,35.62,-59.55,2.973,14.14,0.4792,-0.02057,0.8608,0.1696,-0.6994,0.3437,0.5678,-0.4367,0.5295,0.2852,-0.6241,0.4495,-0.4495,-0.5036,-0.4337,-0.7579,-0.2085,-0.3101,-0.5657,-0.3599,-0.3482,0.7145,-0.1425,0.6787,0.6162,-0.08014,0.7789,0.5598,-0.5009,0.2833,0.5402,-0.5453,0.3893,0.05798,-0.4208,0.02264,-0.6384,-0.4251,-0.4192,-0.4698,-0.6402,-0.5501,-0.09918,-0.2343,-0.2174
10.71,7.636,-0.7838,2.576,5.28,3.297,1.278,-5.218,16.67,3.391,16.12,-2.928,15.98,-1.713,2.243,-44.41,-38.11,-1.864,3.282,-6.842,6.312,55.59,31.16,27.56,14.26,4.251,-3.555,6.886,-1.903,19.3,42.72,-30.42,24.56,9.103,-2.916,-3.187,-1.097,-74.02,-11.16,1.39,-28.8,-9.792,-10.18,-27.85,-14.93,-10.38,5.418,-4.847,-23.69,-112.1,3.284,-3.613,-113.2,19.92,-3.837,-171.2,4.069,-25.24,-75.33,-5.914,-1.765,-78.09,1.674,-1.054,-86.54,29.37,-0.8252,-86.56,10.07,0.9513,-83.68,-20.36,-9.286,-80.34,16.01,1.914,-82.49,-26.65,3.977,-81.93,-2.065,0.6803,-193.8,-12.7,-91.79,-256.4,239.3,170.4,-418.4,307.6,-69.34,-244.1,552.7,80.08,-304.2,67.39,-38.57,-147.9,356,74.22,-251.4,463.9,-75.69,-396.5,186,-48.83,-293.5,277.8,-169.4,-369.6,233.4,184.1,388.7,-855,-371.6,1920,-363.7,-1058,-190.4,-130.9,-37.12,-8.758,-74.26,-31.75,-42.94,-38.52,22.99,0.4786,-0.02063,0.8612,0.1674,-0.7006,0.3418,0.5669,-0.4389,0.5278,0.284,-0.625,0.4473,-0.45,-0.5045,-0.4345,-0.7576,-0.2105,-0.3129,-0.5649,-0.3622,-0.3512,0.7149,-0.1426,0.6782,0.6176,-0.08093,0.7778,0.5602,-0.5035,0.2901,0.5454,-0.539,0.3745,0.06598,-0.4135,0.01355,-0.6374,-0.4252,-0.4205,-0.466,-0.6432,-0.5523,-0.09882,-0.2359,-0.2181
10.72,7.748,-0.7411,2.518,5.464,3.309,1.279,-5.104,16.42,3.381,15.96,-2.934,15.82,-1.684,2.194,-44.77,-38.37,-1.775,3.376,-6.719,6.264,55.58,31.53,26.41,13.9,4.281,-3.483,6.784,-2.015,16.48,43.45,-31.14,25.21,9.523,-3.027,-3.661,-1.021,-74.01,-11.22,1.38,-28.42,-9.789,-10.27,-27.48,-14.81,-10.47,5.809,-4.778,-23.58,-112.4,3.118,-3.463,-113.4,19.51,-3.668,-171,4.013,-24.7,-75.32,-5.793,-1.789,-78.03,1.906,-1.13,-86.31,28.45,-0.671,-86.33,11.98,0.792,-82.89,-19.17,-9.976,-80.41,15.88,1.738,-82.57,-27.51,4.075,-81.85,-2.288,0.63,-184.1,-1.951,-91.3,-248.1,229.5,151.4,-392.1,319.3,-73.73,-241.2,534.2,92.29,-307.6,74.71,-52.73,-144,328.6,84.97,-246.6,442.4,-72.26,-361.8,205.6,-60.05,-248.1,284.7,-170.4,-315.5,292.5,187.5,383.3,-952.1,-384.3,1560,-626.5,-1348,-192.4,-142.1,-2.928,-48.34,15.6,-5.399,-14.12,-8.79,34.18,0.4781,-0.02069,0.8614,0.1652,-0.7017,0.3397,0.5661,-0.4411,0.5258,0.2825,-0.6258,0.4446,-0.4505,-0.5053,-0.4356,-0.7572,-0.2127,-0.316,-0.5638,-0.3646,-0.3545,0.7156,-0.1428,0.6775,0.619,-0.08191,0.7765,0.5591,-0.5071,0.2957,0.5516,-0.5324,0.363,0.07032,-0.4051,0.005677,-0.6365,-0.4251,-0.422,-0.4621,-0.6462,-0.5545,-0.0984,-0.2376,-0.2189
10.73,7.824,-0.6697,2.452,5.669,3.329,1.265,-4.987,16.14,3.338,15.77,-2.907,15.63,-1.645,2.17,-45.15,-38.67,-1.686,3.474,-6.621,6.228,55.56,31.92,25.29,13.54,4.21,-3.461,7.105,-2.132,14.01,44.2,-31.67,25.83,9.435,-3.178,-4.26,-0.9464,-73.99,-11.26,1.368,-28.02,-9.754,-10.33,-27.1,-14.66,-10.53,6.241,-4.695,-23.45,-112.6,2.922,-3.322,-113.6,19.04,-3.51,-170.8,3.916,-24.14,-75.29,-5.635,-1.824,-77.95,2.135,-1.244,-86.56,27.54,-0.8904,-86.51,13.54,0.5701,-82.35,-18.13,-10.25,-80.46,15.74,1.571,-82.65,-28.39,4.194,-81.76,-2.55,0.5581,-183.6,-1.951,-103,-229,230.5,142.1,-362.8,331,-86.42,-239.3,510.8,79.59,-292.5,74.71,-57.13,-137.7,297.9,93.26,-230.5,429.7,-52.73,-304.7,232.4,-57.13,-215.8,210,-158.7,-146.5,385.3,54.69,370.6,-956.5,-449.7,1325,-867.6,-1604,-174.8,-125.5,-50.29,16.61,21.04,-33.2,-36.17,-14.61,27.38,0.4777,-0.02081,0.8616,0.163,-0.7026,0.3374,0.5654,-0.4434,0.5234,0.2811,-0.6267,0.4416,-0.4511,-0.506,-0.4371,-0.7566,-0.2154,-0.3193,-0.5624,-0.3672,-0.3581,0.7165,-0.1433,0.6765,0.6205,-0.08332,0.7752,0.5575,-0.5117,0.3001,0.5585,-0.5256,0.3547,0.07184,-0.3974,6.10E-05,-0.6356,-0.4251,-0.4235,-0.4583,-0.6491,-0.5567,-0.09778,-0.2397,-0.22
10.74,7.886,-0.5818,2.424,5.9,3.335,1.206,-4.872,15.83,3.252,15.58,-2.834,15.45,-1.598,2.157,-45.55,-39,-1.599,3.564,-6.52,6.181,55.52,32.31,24.21,13.18,4.057,-3.424,7.651,-2.191,11.94,45.03,-32.15,26.52,9.165,-3.249,-4.74,-0.936,-73.97,-11.32,1.356,-27.6,-9.693,-10.36,-26.69,-14.48,-10.55,6.707,-4.603,-23.28,-112.9,2.72,-3.19,-113.9,18.52,-3.361,-170.7,3.789,-23.53,-75.22,-5.456,-1.851,-77.86,2.372,-1.368,-87.04,26.65,-1.311,-86.94,14.72,0.3371,-82.15,-17.39,-10.31,-80.45,15.61,1.395,-82.62,-29.34,4.235,-81.67,-2.82,0.4927,-192.9,4.393,-121.6,-212.9,231,121.1,-337.4,345.2,-87.4,-224.1,503.4,81.06,-272.5,53.7,-66.41,-118.7,277.3,89.85,-232.4,399.4,-41.51,-251.5,202.6,-54.7,-195.3,149.9,-175.3,36.63,477.1,-166,330.1,-852.5,-302.7,1150,-1061,-1784,-230,-86.9,-11.24,47.89,-155.8,38.12,-71.32,-83.51,24.87,0.4773,-0.02094,0.8618,0.1608,-0.7034,0.3347,0.5648,-0.4458,0.5207,0.2796,-0.6275,0.4381,-0.4518,-0.5064,-0.4389,-0.7557,-0.2185,-0.3228,-0.5607,-0.3701,-0.3618,0.7175,-0.1441,0.6753,0.6219,-0.08484,0.7739,0.5562,-0.5166,0.3037,0.5651,-0.5192,0.3493,0.07251,-0.3918,-0.002319,-0.6348,-0.4247,-0.4253,-0.4543,-0.6517,-0.5596,-0.09723,-0.2418,-0.221
10.75,7.909,-0.5181,2.423,6.146,3.364,1.096,-4.794,15.5,3.122,15.38,-2.698,15.24,-1.574,2.182,-45.99,-39.25,-1.546,3.641,-6.42,6.127,55.46,32.61,23.21,12.87,3.94,-3.367,8.307,-2.144,10.29,45.94,-32.65,27.22,8.949,-3.294,-4.901,-1.02,-73.98,-11.38,1.369,-27.17,-9.587,-10.35,-26.28,-14.3,-10.54,7.196,-4.489,-23.08,-113.2,2.491,-3.043,-114,17.97,-3.197,-170.5,3.633,-22.89,-75.11,-5.265,-1.88,-77.76,2.581,-1.47,-87.63,25.83,-1.716,-87.47,15.55,0.06158,-82.38,-17.04,-10.39,-80.32,15.51,1.25,-82.47,-30.36,4.208,-81.56,-3.129,0.3986,-206.1,16.11,-102.1,-198.7,208.5,109.9,-317.4,339.4,-102.1,-201.7,494.6,89.84,-224.1,40.03,-89.35,-95.22,260.7,87.41,-213.4,395,-21.98,-214.3,149.9,-93.74,-184.1,105.5,-174.8,120.6,538.6,-314.5,323.8,-855.5,-171.9,928.7,-1039,-1886,-283.7,12.22,27.81,22.98,-243.6,-36.1,-103.1,-117.6,23.44,0.4769,-0.02081,0.862,0.1588,-0.704,0.3318,0.5641,-0.4484,0.5176,0.2783,-0.6283,0.4344,-0.4525,-0.5069,-0.4411,-0.7544,-0.2219,-0.3265,-0.5586,-0.3733,-0.3656,0.7184,-0.145,0.674,0.6232,-0.08625,0.7728,0.5548,-0.521,0.3072,0.5711,-0.5141,0.3461,0.07434,-0.3889,-9.77E-04,-0.6344,-0.4239,-0.4271,-0.4504,-0.6537,-0.5633,-0.09644,-0.2443,-0.2222
10.76,7.884,-0.4839,2.395,6.391,3.422,0.991,-4.758,15.15,2.957,15.15,-2.507,15,-1.571,2.257,-46.5,-39.46,-1.551,3.679,-6.351,6.051,55.41,32.85,22.34,12.62,3.9,-3.261,9.043,-2.112,9.119,46.9,-33.18,27.89,8.967,-3.358,-4.823,-1.094,-74,-11.42,1.41,-26.7,-9.427,-10.3,-25.82,-14.11,-10.48,7.699,-4.341,-22.86,-113.4,2.237,-2.896,-114.2,17.37,-3.032,-170.5,3.459,-22.19,-75.03,-5.061,-1.909,-77.66,2.758,-1.539,-88.29,25.1,-2.044,-88.1,15.99,-0.2442,-82.91,-17.1,-10.7,-80.2,15.42,1.085,-82.3,-31.4,4.158,-81.45,-3.5,0.2647,-187,35.15,-105,-180.6,183.6,89.84,-294.4,325.7,-102.1,-183.1,484.9,89.84,-208.5,9.764,-89.35,-54.68,252.9,79.1,-185.1,374,-6.828,-193.8,123,-110.8,-159.2,86.42,-139.6,99.13,571.8,-304.7,218.8,-850.1,-46.88,732.3,-870.1,-1913,-329.1,37.61,-83.49,-15.58,-93.31,-143.5,-37.64,-94.76,74.71,0.4766,-0.02039,0.8622,0.1568,-0.7043,0.3284,0.5634,-0.451,0.5143,0.2771,-0.6292,0.4303,-0.4533,-0.5072,-0.4436,-0.753,-0.2255,-0.3306,-0.556,-0.377,-0.3693,0.7195,-0.1458,0.6726,0.6242,-0.0874,0.7717,0.5533,-0.5244,0.3107,0.5763,-0.5103,0.3451,0.07874,-0.3893,0.003113,-0.6342,-0.4227,-0.4291,-0.4463,-0.6557,-0.5671,-0.09528,-0.2472,-0.2236
10.77,7.818,-0.4812,2.359,6.622,3.484,0.8935,-4.774,14.75,2.776,14.89,-2.27,14.72,-1.599,2.342,-47.04,-39.65,-1.571,3.688,-6.296,5.945,55.36,32.99,21.58,12.41,3.905,-3.097,9.878,-2.166,8.407,47.89,-33.78,28.52,9.172,-3.494,-4.666,-1.086,-74.05,-11.45,1.464,-26.23,-9.209,-10.21,-25.36,-13.91,-10.39,8.221,-4.188,-22.62,-113.6,1.975,-2.733,-114.4,16.71,-2.852,-170.5,3.264,-21.43,-74.97,-4.853,-1.928,-77.57,2.9,-1.566,-89.05,24.46,-2.319,-88.82,16.06,-0.6445,-83.55,-17.61,-11.31,-80.16,15.35,0.8818,-82.22,-32.46,4.158,-81.32,-3.933,0.09672,-169.9,37.11,-103,-165.5,156.2,90.33,-285.1,295.4,-99.12,-156.7,477.1,99.61,-186,2.929,-83,-13.69,244.1,64.94,-124,358.9,8.305,-185.1,104.5,-107.9,-128.9,84.47,-112.3,55.67,614.7,-239.7,166,-846.2,-58.57,579,-772.5,-1936,-285.6,13.64,5.383,74.27,-121.6,-48.35,-72.79,-87.39,29.79,0.4764,-0.01984,0.8623,0.1552,-0.7045,0.3246,0.5627,-0.4536,0.5106,0.2758,-0.6301,0.426,-0.4543,-0.5074,-0.4463,-0.7513,-0.2293,-0.3351,-0.5528,-0.3816,-0.373,0.7206,-0.1464,0.6713,0.6251,-0.0882,0.7709,0.5521,-0.5269,0.3143,0.581,-0.5081,0.346,0.08564,-0.3933,0.008301,-0.6342,-0.4212,-0.4313,-0.4417,-0.6581,-0.5705,-0.09381,-0.2506,-0.2251
10.78,7.736,-0.4847,2.347,6.807,3.504,0.7814,-4.811,14.33,2.584,14.58,-2.012,14.39,-1.624,2.418,-47.58,-39.8,-1.617,3.69,-6.282,5.766,55.31,33.03,20.87,12.21,4.011,-2.899,10.82,-2.208,8.075,48.93,-34.49,29.17,9.547,-3.599,-4.671,-1.108,-74.07,-11.43,1.504,-25.75,-8.942,-10.08,-24.88,-13.68,-10.25,8.745,-4.012,-22.38,-113.8,1.7,-2.564,-114.5,16.02,-2.666,-170.6,3.029,-20.57,-74.88,-4.651,-1.921,-77.46,3.02,-1.56,-89.9,23.86,-2.494,-89.63,15.79,-1.036,-84.09,-18.54,-12.17,-80.09,15.26,0.6829,-82.1,-33.59,4.108,-81.2,-4.41,-0.08169,-173.8,42,-125.5,-165,123.5,78.12,-260.8,273,-103.5,-133.8,466.8,107.4,-164.6,-6.835,-79.59,8.299,217.8,41.99,-69.81,330.6,19.53,-161.6,77.64,-94.23,-107.9,77.63,-111.8,-71.3,561,-69.32,94.69,-763.7,-104,563.6,-596.6,-1770,-229.5,33.69,38.11,84.51,-59.12,-42.95,-48.82,-86.87,41.96,0.4765,-0.01947,0.8622,0.1537,-0.7045,0.3205,0.5621,-0.4561,0.5066,0.2747,-0.6311,0.4215,-0.4553,-0.5076,-0.4493,-0.7495,-0.2331,-0.34,-0.5489,-0.3869,-0.3767,0.7217,-0.1471,0.6699,0.6258,-0.08881,0.7702,0.5508,-0.5285,0.3184,0.585,-0.5069,0.349,0.09406,-0.4008,0.01306,-0.6346,-0.4193,-0.4337,-0.4369,-0.6604,-0.5743,-0.09223,-0.2544,-0.2266
10.79,7.685,-0.4494,2.343,6.929,3.452,0.6685,-4.877,13.87,2.387,14.22,-1.725,14.02,-1.651,2.459,-48.08,-39.92,-1.667,3.752,-6.279,5.485,55.23,32.9,20.26,12.02,4.251,-2.7,11.87,-2.248,8.214,50,-35.23,29.79,9.839,-3.71,-4.927,-1.14,-74.09,-11.4,1.517,-25.29,-8.629,-9.925,-24.43,-13.43,-10.09,9.277,-3.828,-22.11,-113.9,1.422,-2.376,-114.5,15.28,-2.463,-170.8,2.688,-19.58,-74.78,-4.488,-1.866,-77.34,3.133,-1.546,-90.87,23.39,-2.586,-90.56,15.18,-1.418,-84.46,-19.84,-13.08,-80.01,15.18,0.4922,-81.93,-34.74,3.999,-81.08,-4.942,-0.3124,-166.5,48.34,-150.9,-150.9,98.64,70.31,-246.1,238.3,-106.4,-118.7,451.2,91.79,-133.3,6.835,-61.53,29.29,196.3,27.34,-39.06,294.4,34.66,-160.7,50.77,-74.7,-95.71,95.21,-110.8,-120.6,463.9,109.9,114.8,-592.8,-61.55,593.7,-481,-1544,-231.9,-17.08,-50.76,28.32,95.21,-46.42,23.97,71.23,126,0.4768,-0.01935,0.8621,0.1527,-0.7042,0.3162,0.5618,-0.4583,0.5025,0.2737,-0.632,0.4169,-0.4564,-0.5078,-0.4523,-0.7476,-0.2368,-0.3454,-0.5437,-0.3932,-0.3808,0.7226,-0.1476,0.6687,0.6265,-0.08942,0.7695,0.5491,-0.5291,0.3225,0.5885,-0.5066,0.3543,0.102,-0.4113,0.01697,-0.6351,-0.4173,-0.4363,-0.4318,-0.6624,-0.5785,-0.09015,-0.2586,-0.2282
10.8,7.636,-0.3927,2.346,7.003,3.333,0.5476,-4.962,13.4,2.184,13.8,-1.417,13.6,-1.662,2.454,-48.56,-39.98,-1.71,3.905,-6.276,5.087,55.15,32.61,19.79,11.85,4.53,-2.483,12.91,-2.264,8.787,51.12,-35.96,30.38,9.869,-3.724,-5.304,-1.222,-74.1,-11.33,1.499,-24.87,-8.276,-9.724,-24.01,-13.17,-9.884,9.781,-3.658,-21.8,-114,1.138,-2.162,-114.5,14.52,-2.233,-171.1,2.229,-18.46,-74.67,-4.338,-1.777,-77.22,3.236,-1.518,-91.82,23.05,-2.633,-91.47,14.27,-1.737,-84.67,-21.41,-13.77,-79.89,15.11,0.3023,-81.7,-35.94,3.822,-80.98,-5.543,-0.4967,-183.6,52.73,-165.5,-149.4,73.73,77.15,-243.7,186.5,-93.26,-105.9,436,82.03,-137.7,16.6,-50.78,26.38,188.5,9.766,-0.9717,293.4,42,-153.3,70.8,-22.94,-120.6,102.5,-118.2,-205.1,423.3,159.2,149.9,-395,-12.19,638.8,-403.4,-1308,-220.2,-99.12,-16.1,101.6,33.19,59.07,-85.88,48.86,80.08,0.4774,-0.01947,0.8618,0.1521,-0.7037,0.3119,0.5618,-0.4601,0.4982,0.273,-0.6326,0.4123,-0.4575,-0.5081,-0.4554,-0.7456,-0.2403,-0.3512,-0.5371,-0.4004,-0.3855,0.7234,-0.148,0.6676,0.6271,-0.08997,0.7688,0.5473,-0.5293,0.3259,0.5907,-0.5074,0.3612,0.1073,-0.4237,0.02026,-0.6357,-0.4152,-0.4388,-0.4265,-0.6641,-0.583,-0.08838,-0.2634,-0.2296
10.81,7.588,-0.3266,2.359,7.088,3.206,0.4239,-5.03,12.89,1.993,13.37,-1.076,13.16,-1.678,2.427,-48.97,-40,-1.73,4.205,-6.274,4.565,55.07,32.16,19.39,11.68,4.702,-2.259,13.84,-2.187,9.664,52.31,-36.58,30.96,9.886,-3.553,-6.398,-1.416,-74.1,-11.25,1.479,-24.5,-7.909,-9.486,-23.65,-12.87,-9.64,10.24,-3.505,-21.44,-114,0.8675,-1.929,-114.5,13.75,-1.986,-171.5,1.607,-17.2,-74.53,-4.173,-1.681,-77.1,3.354,-1.494,-92.66,22.77,-2.752,-92.24,13.12,-1.916,-84.04,-23.07,-14.67,-79.68,15.05,0.1269,-81.29,-37.19,3.473,-80.92,-6.209,-0.6163,-207.5,43.45,-147.9,-169.4,45.9,68.36,-238.3,140.6,-73.73,-98.62,418.5,80.08,-158.7,25.39,-44.43,-4.892,179.2,18.07,-13.19,267.1,42,-168.9,96.19,-32.22,-113.8,94.73,-58.6,-357,364.3,120.6,221.7,-253,186.5,1920,5014,995.1,-217.8,-73.26,-111.8,153.3,-101.6,84.46,-122.1,129.4,228.1,0.4779,-0.01965,0.8616,0.1519,-0.7029,0.3078,0.5623,-0.4614,0.4939,0.2726,-0.6328,0.4079,-0.4587,-0.5085,-0.4583,-0.7435,-0.2437,-0.3571,-0.5288,-0.4082,-0.391,0.7242,-0.1484,0.6664,0.6278,-0.09058,0.768,0.5467,-0.5293,0.3286,0.5913,-0.5094,0.3694,0.1111,-0.4376,0.01715,-0.6365,-0.4126,-0.4415,-0.421,-0.665,-0.5887,-0.08704,-0.2689,-0.2306
10.82,7.533,-0.2774,2.407,7.211,3.078,0.2636,-5.076,12.39,1.836,12.91,-0.6882,12.7,-1.703,2.394,-49.34,-39.9,-1.72,4.647,-6.238,3.944,55.02,31.55,18.99,11.53,4.689,-1.998,14.31,-2.085,10.75,53.57,-35.81,31.48,6.209,-3.229,-8.43,-1.63,-74.11,-11.19,1.46,-24.2,-7.525,-9.217,-23.36,-12.54,-9.362,10.62,-3.373,-21,-113.9,0.572,-1.663,-114.3,12.96,-1.707,-171.8,0.8418,-15.83,-74.38,-3.982,-1.586,-76.98,3.49,-1.457,-92.99,22.51,-2.843,-92.51,11.77,-2.057,-82.01,-23.42,-12.12,-79.44,15.02,-0.06764,-80.81,-38.5,3.044,-80.85,-6.978,-0.6293,-168.5,38.09,-99.61,-191.9,28.81,93.26,-248.5,93.74,-66.89,-113.8,380.8,65.43,-172.4,26.36,-56.15,-15.14,201.2,36.14,-33.67,283.7,31.74,-171.9,105,-27.83,-115.2,110.3,-44.93,-328.6,200.2,38.09,-79.08,295.9,-139.6,4051,802.8,-692.3,-204.1,-116.7,-112.3,165,-113.3,19.5,-61.03,46.41,115.2,0.4784,-0.01978,0.8613,0.1522,-0.7018,0.3039,0.5635,-0.4622,0.4894,0.2729,-0.6323,0.4036,-0.46,-0.5089,-0.4616,-0.7411,-0.247,-0.3633,-0.5191,-0.4163,-0.3974,0.7252,-0.149,0.665,0.6287,-0.09107,0.7672,0.5479,-0.5293,0.3309,0.5888,-0.5147,0.3765,0.08094,-0.4405,0.002564,-0.6372,-0.41,-0.4441,-0.4151,-0.6656,-0.5946,-0.08655,-0.2752,-0.2314
10.83,7.496,-0.2407,2.585,7.314,2.961,0.03102,-5.054,11.92,1.766,12.42,-0.2808,12.21,-1.744,2.383,-49.6,-39.66,-1.675,5.164,-6.165,3.299,54.97,30.82,18.56,11.37,4.449,-1.649,13.86,-2.019,11.83,54.87,-31.78,31.96,2.531,-2.913,-9.976,-1.819,-74.12,-11.13,1.457,-23.99,-7.151,-8.919,-23.19,-12.14,-9.053,10.89,-3.247,-20.46,-113.7,0.247,-1.379,-114,12.16,-1.411,-172.2,0.006903,-14.43,-74.15,-3.814,-1.49,-76.92,3.621,-1.415,-92.39,22.2,-2.76,-91.88,10.37,-2.001,-80.08,-20.68,-8.482,-79.3,14.99,-0.3535,-80.37,-39.83,2.633,-80.8,-7.833,-0.6215,-66.89,59.08,-60.55,-164.6,24.41,109.4,-249,71.77,-68.36,-105.5,340.8,37.11,-152.3,33.2,-81.54,33.19,257.8,31.74,-0.4859,320.3,87.4,-154.8,92.29,21.96,-122.1,54.7,76.18,-243.7,97.67,43.45,246.1,1363,-89.34,1550,-3159,1388,-202.6,-168,-58.08,215.8,-96.66,-54.72,-73.67,34.13,261.7,0.4788,-0.01978,0.8611,0.153,-0.7003,0.3007,0.5655,-0.4622,0.4851,0.2742,-0.6312,0.3996,-0.4614,-0.5093,-0.4652,-0.7387,-0.2499,-0.3696,-0.5089,-0.4242,-0.4042,0.7259,-0.15,0.6637,0.6295,-0.09119,0.7664,0.5514,-0.5295,0.3334,0.5814,-0.5239,0.3809,0.04566,-0.4171,-0.01422,-0.6375,-0.4071,-0.447,-0.4089,-0.6666,-0.6004,-0.08613,-0.2823,-0.2321
10.84,7.57,-0.2217,2.922,7.314,2.837,-0.2581,-4.96,11.5,1.795,11.87,0.1078,11.64,-1.792,2.382,-49.75,-39.29,-1.58,5.696,-6.051,2.681,54.96,30.02,18.05,11.19,4.043,-1.25,12.6,-1.951,13.1,56.22,-26.84,32.33,1.845,-2.58,-9.298,-1.965,-74.11,-11.05,1.45,-23.88,-6.787,-8.61,-23.12,-11.69,-8.732,11.04,-3.135,-19.83,-113.3,-0.1271,-1.074,-113.6,11.37,-1.096,-172.6,-0.8215,-13.05,-73.85,-3.728,-1.392,-76.95,3.776,-1.366,-90.98,21.83,-2.494,-90.48,8.741,-1.757,-79.89,-17.55,-6.662,-79.24,14.95,-0.6829,-80,-41.22,2.238,-80.77,-8.846,-0.5692,63.97,83.5,-37.6,-113.8,17.09,106.9,-213.4,95.7,-55.18,-46.39,319.8,12.7,-101.6,17.1,-81.05,131.8,279.3,29.78,67.38,331.5,138.7,-91.78,56.64,116.2,-65.43,-42.96,168.9,-70.32,8.312,-230.5,277.4,1906,-31.27,358.8,-2669,875.1,-177.3,-218.3,-98.65,348.2,-62.48,-124,-102.5,-57.14,284.7,0.4794,-0.0199,0.8608,0.1544,-0.6987,0.298,0.5683,-0.4616,0.4809,0.2764,-0.6293,0.3959,-0.4629,-0.5096,-0.4695,-0.7363,-0.2522,-0.3763,-0.4989,-0.4315,-0.4113,0.7261,-0.1515,0.6628,0.6306,-0.09082,0.7655,0.5558,-0.5301,0.3361,0.5687,-0.537,0.3843,0.03327,-0.3905,-0.01758,-0.6382,-0.4037,-0.4503,-0.402,-0.6678,-0.6059,-0.08594,-0.2907,-0.2326
10.85,7.756,-0.2264,3.45,7.307,2.697,-0.6164,-4.809,11.1,1.936,11.34,0.5805,11.09,-1.847,2.399,-49.8,-38.81,-1.464,6.219,-5.905,2.156,55,29.2,17.43,10.99,3.414,-0.8,10.6,-1.854,14.4,57.64,-21.1,32.54,3.207,-2.227,-6.124,-2.096,-74.09,-11.03,1.45,-23.85,-6.424,-8.273,-23.14,-11.18,-8.381,11.07,-3.023,-19.11,-112.8,-0.5424,-0.7591,-113,10.56,-0.7722,-172.8,-1.625,-11.73,-73.45,-3.711,-1.278,-77.07,3.973,-1.295,-88.88,21.39,-2.14,-88.36,7.001,-1.865,-81.36,-13.8,-6.637,-79.24,14.93,-1.032,-79.63,-42.67,1.819,-80.77,-10.09,-0.4947,186,105.5,9.769,-26.36,19.53,103,-139.2,139.6,-61.04,20.98,293,11.23,3.422,-0.9764,-98.63,215.3,282.7,-16.61,128.4,346.2,150.9,-24.41,-62.01,198.3,36.13,-190.4,171.4,441.9,-62.52,-551.3,264.6,1908,-489.2,-1466,1683,1594,-136.2,-280.3,-92.27,520.5,96.21,-236.4,-196.8,-15.12,508.8,0.4796,-0.02002,0.8607,0.1562,-0.6968,0.2958,0.5718,-0.4606,0.4766,0.2797,-0.6267,0.3925,-0.4646,-0.5096,-0.4743,-0.7341,-0.2537,-0.3836,-0.4895,-0.4379,-0.4185,0.7257,-0.1534,0.6623,0.6321,-0.08979,0.7645,0.5598,-0.5321,0.3382,0.5531,-0.5552,0.3833,0.04236,-0.3601,-0.008912,-0.6389,-0.4002,-0.4535,-0.3946,-0.6693,-0.6115,-0.0857,-0.301,-0.2329
10.86,7.884,-0.2889,4.065,7.353,2.565,-0.958,-4.62,10.72,2.214,10.79,1.113,10.52,-1.915,2.452,-49.8,-38.2,-1.355,6.694,-5.772,1.754,55.07,28.38,16.89,10.86,2.607,-0.3264,9.238,-1.643,15.47,59.16,-17.11,32.41,3.257,-1.758,-4.511,-2.269,-74.06,-11.04,1.473,-23.87,-6.054,-7.896,-23.23,-10.63,-7.989,10.99,-2.903,-18.35,-112.2,-1.007,-0.4318,-112.3,9.711,-0.438,-173,-2.365,-10.5,-73.08,-3.667,-1.146,-77.29,4.144,-1.156,-87.55,20.97,-2.182,-86.95,5.509,-2.103,-81.73,-11.39,-6.31,-79.22,14.97,-1.307,-79.24,-44.16,1.354,-80.82,-11.7,-0.2941,275.9,117.7,47.86,93.76,42.98,96.19,-37.1,180.2,-73.25,125,291,35.16,123.1,8.788,-91.8,317.4,264.2,-29.3,228,419.4,167,133.8,-234.9,145,113.8,-285.6,258.8,808.6,42.98,-520,1165,1228,-812,-900,752,1142,-62.01,-398.9,33.2,1045,32.19,-143,-356,4.912,696.3,0.4795,-0.01996,0.8607,0.1584,-0.6946,0.2939,0.5758,-0.4594,0.4721,0.2838,-0.6236,0.3895,-0.4665,-0.5094,-0.4799,-0.7322,-0.2543,-0.3919,-0.481,-0.4434,-0.4257,0.7256,-0.1551,0.6615,0.6335,-0.08771,0.7637,0.5602,-0.5364,0.3378,0.5418,-0.569,0.3835,0.0434,-0.34,-0.007569,-0.6398,-0.3969,-0.4559,-0.3867,-0.6706,-0.6171,-0.08612,-0.3145,-0.2328
10.87,7.978,-0.4219,4.542,7.461,2.463,-1.066,-4.4,10.29,2.631,10.3,1.739,10.01,-1.975,2.49,-49.8,-37.49,-1.271,7.114,-5.683,1.488,55.16,27.65,16.61,10.87,2.185,0.125,8.037,-1.184,16.48,60.85,-14.12,31.92,2.636,-1.03,-3.365,-2.552,-74.06,-11.11,1.504,-23.92,-5.673,-7.483,-23.34,-10.04,-7.563,10.87,-2.744,-17.57,-111.5,-1.466,-0.09944,-111.5,8.823,-0.1005,-173,-3.026,-9.353,-72.96,-3.627,-1.021,-77.63,4.289,-0.9448,-86.52,20.85,-1.893,-85.94,4.37,-2.077,-82.01,-9.597,-5.31,-79.04,15.13,-1.421,-78.64,-45.69,0.674,-80.9,-13.74,0.07907,287.6,104,89.84,201.7,42.98,44.44,86.92,175.8,-108.9,256.3,312,108.4,233.4,51.75,-46.38,411.1,239.3,-97.17,328.6,493.2,168.5,388.2,-315.4,138.2,152.3,-336.4,315.4,332.5,522,694.8,1355,324.7,-378.9,315,-805.2,-154.8,162.6,-547.9,-81.55,1496,12.24,-196.3,-491.1,-38.14,704.1,0.479,-0.01972,0.8609,0.1608,-0.6921,0.2921,0.5802,-0.4579,0.4675,0.2884,-0.6205,0.3865,-0.4689,-0.5088,-0.4859,-0.7306,-0.2539,-0.4012,-0.4738,-0.448,-0.433,0.7257,-0.1552,0.6611,0.6349,-0.08448,0.763,0.5555,-0.5399,0.3359,0.5325,-0.5782,0.385,0.03766,-0.3244,-0.00531,-0.641,-0.3942,-0.4568,-0.3786,-0.6712,-0.6236,-0.08759,-0.3314,-0.2323
10.88,8.166,-0.5533,4.815,7.54,2.322,-0.9305,-4.143,9.745,3.201,9.922,2.502,9.63,-1.999,2.435,-49.84,-36.69,-1.186,7.479,-5.702,1.349,55.26,27.1,16.77,11.04,1.633,0.5661,5.949,-0.6401,17.84,62.65,-11.38,30.97,3.156,-0.1344,-1.213,-2.909,-74.09,-11.27,1.516,-23.94,-5.273,-7.03,-23.43,-9.385,-7.095,10.75,-2.564,-16.84,-110.7,-1.861,0.2556,-110.7,7.884,0.2578,-172.8,-3.591,-8.259,-73.11,-3.713,-0.8617,-78.02,4.411,-0.6852,-84.62,21.15,-1.406,-84.14,3.321,-1.584,-82.6,-8.016,-4.923,-78.83,15.44,-1.452,-77.95,-47.19,-0.1671,-81.07,-16.21,0.594,227.5,43.45,155.8,263.7,41.01,12.7,208.5,154.3,-125,364.3,322.7,142.1,315.4,89.85,25.88,463.4,87.4,-107.9,415.5,551.8,104.5,586.9,-353.5,194.3,130.4,-325.7,302.7,-148.5,1034,908.2,105,-136.7,731,112.3,953.2,541.5,449.7,-768.1,-211.9,1609,-79.07,-170,-442.3,-36.58,619.7,0.4778,-0.01941,0.8616,0.1632,-0.6894,0.2901,0.5851,-0.456,0.4626,0.2929,-0.6176,0.3835,-0.4722,-0.5077,-0.4918,-0.7295,-0.2525,-0.4116,-0.4683,-0.4514,-0.441,0.7255,-0.1533,0.6617,0.6362,-0.08051,0.7625,0.5521,-0.5422,0.3311,0.5177,-0.5886,0.3851,0.03772,-0.3108,-9.77E-04,-0.6418,-0.3921,-0.4559,-0.3701,-0.6712,-0.6305,-0.08966,-0.3519,-0.2313
10.89,8.508,-0.6028,4.907,7.565,2.124,-0.6028,-3.819,9.04,3.892,9.647,3.363,9.389,-1.964,2.253,-49.96,-35.86,-1.031,7.807,-5.812,1.326,55.37,26.85,17.41,11.37,0.6664,0.9588,5.368,-0.1989,20.07,64.63,-8.254,29.65,1.361,0.8418,-0.3675,-3.219,-74.12,-11.5,1.484,-23.89,-4.858,-6.555,-23.45,-8.651,-6.607,10.7,-2.4,-16.13,-109.9,-2.16,0.6233,-109.8,6.879,0.6275,-172.2,-4.088,-7.193,-73.46,-3.926,-0.6799,-78.44,4.558,-0.4733,-84.38,21.88,-2.005,-83.65,1.829,-2.128,-82.97,-6.405,-3.542,-78.75,15.92,-1.506,-77.3,-48.69,-1.082,-81.28,-19.05,1.197,184.6,-12.2,189,313,42.48,-3.91,300.3,147.5,-150.9,439,282.2,132.3,360.3,102,48.83,491.2,88.86,-152.3,463.9,581,45.9,543,-312.5,274.9,133.3,-213.9,248.5,231.5,1152,-445.8,428.7,-143,293,-1228,-452.2,346.2,810.6,-792.9,-213.9,1311,-110.4,-146.5,-468.2,-46.41,590.3,0.476,-0.01935,0.8626,0.1652,-0.6866,0.2875,0.5907,-0.4533,0.4576,0.2968,-0.6149,0.3803,-0.4763,-0.506,-0.4975,-0.7286,-0.2501,-0.4233,-0.4644,-0.4536,-0.4502,0.7249,-0.15,0.6633,0.6376,-0.07679,0.7619,0.5559,-0.5425,0.3233,0.5114,-0.5987,0.3878,0.02863,-0.296,0.003174,-0.6417,-0.3907,-0.4532,-0.3608,-0.6714,-0.6371,-0.09199,-0.3753,-0.2301
10.9,8.774,-0.555,4.888,7.787,1.916,-0.2446,-3.466,8.218,4.689,9.459,4.283,9.256,-1.916,1.982,-50.23,-34.99,-0.8019,8.108,-5.945,1.354,55.6,26.99,18.24,11.78,0.1896,1.289,4.438,0.1346,22.41,66.74,-6.047,27.99,0.2682,1.923,0.6283,-3.548,-74.19,-11.79,1.428,-23.72,-4.418,-6.092,-23.35,-7.864,-6.132,10.67,-2.27,-15.42,-109.1,-2.39,1.002,-109,5.827,1.007,-171.3,-4.527,-6.105,-73.88,-3.995,-0.5049,-78.81,4.765,-0.3617,-83.76,22.91,-2.082,-82.86,0.5215,-2.442,-83.23,-5.547,-2.661,-78.75,16.55,-1.625,-76.66,-50.17,-2.011,-81.51,-22.23,1.98,187.5,-56.15,251,345.7,26.37,-29.3,352.5,189.4,-142.6,462.4,210.4,106,391.1,102.5,59.57,453.6,10.74,-121.6,474.1,583.5,-28.32,360.8,-207,346.7,182.1,-53.22,193.8,759.7,-51.29,199.7,383.3,-491.7,169.9,355.8,-647,375.1,782.7,-614.3,-126.9,1029,-175.8,-221.7,-399.4,-131.3,632.3,0.4738,-0.01929,0.8639,0.1666,-0.6841,0.2842,0.5971,-0.4498,0.4527,0.3004,-0.6121,0.3772,-0.4811,-0.5039,-0.503,-0.7279,-0.247,-0.4358,-0.4623,-0.4545,-0.4612,0.7251,-0.1464,0.664,0.6393,-0.07404,0.761,0.5594,-0.5398,0.3158,0.5034,-0.6083,0.3896,0.02271,-0.288,0.006348,-0.6405,-0.3897,-0.4494,-0.3513,-0.6717,-0.6435,-0.09534,-0.4011,-0.2288
10.91,8.777,-0.5239,4.811,8.38,1.83,0.03539,-3.132,7.317,5.626,9.363,5.301,9.22,-1.895,1.655,-50.64,-34.11,-0.5421,8.407,-6.05,1.402,55.94,27.56,18.79,12.27,0.01482,1.58,3.655,0.2439,24.48,68.94,-3.95,26.01,-0.3301,3.012,1.444,-3.845,-74.25,-12.13,1.381,-23.41,-3.931,-5.618,-23.1,-7.048,-5.648,10.68,-2.166,-14.66,-108.3,-2.567,1.408,-108.1,4.748,1.412,-170,-4.932,-4.974,-74.22,-3.751,-0.446,-79.07,5.015,-0.3483,-83.19,23.73,-1.974,-82.2,-0.7271,-2.603,-83.47,-4.738,-2.163,-78.9,17.3,-1.868,-76.07,-51.59,-2.901,-81.75,-25.68,2.86,227,-70.8,339.4,396.5,30.27,-40.53,390.6,288.6,-118.2,503.4,175.3,46.38,404.3,68.85,49.8,442.9,-62.5,-101.6,492.2,532.7,-79.59,271.5,-134.8,171.9,219.7,92.28,113.3,530.3,-1241,634.8,76.15,-621.1,437.5,-329.7,-156.7,21.06,480.5,-364.7,-36.13,1007,-301.8,-231,-442.9,-411.1,599.1,0.4712,-0.0191,0.8655,0.1676,-0.6816,0.2798,0.6037,-0.4459,0.448,0.3039,-0.609,0.3738,-0.4862,-0.5017,-0.508,-0.7274,-0.2432,-0.4489,-0.462,-0.4541,-0.4742,0.727,-0.144,0.6628,0.6411,-0.07263,0.7598,0.5592,-0.5384,0.3094,0.4956,-0.6164,0.3924,0.0199,-0.2807,0.008789,-0.6386,-0.3885,-0.4449,-0.342,-0.6722,-0.6492,-0.09913,-0.4288,-0.2278
10.92,8.622,-0.5861,4.643,9.194,1.884,0.2851,-2.839,6.424,6.645,9.314,6.364,9.22,-1.93,1.335,-51.21,-33.31,-0.258,8.671,-6.076,1.408,56.45,28.62,18.91,12.87,-0.1309,1.841,3.609,0.3027,26.17,71.18,-2.052,23.68,-1.034,3.897,1.494,-4.269,-74.32,-12.51,1.36,-22.94,-3.406,-5.158,-22.68,-6.234,-5.18,10.68,-2.093,-13.83,-107.6,-2.744,1.826,-107.4,3.677,1.828,-168.3,-5.289,-3.775,-74.53,-3.321,-0.5048,-79.23,5.289,-0.3531,-83.31,24.11,-2.135,-82.15,-2.029,-2.882,-83.55,-4.151,-1.746,-78.99,18.17,-2.112,-75.32,-52.94,-3.909,-82.02,-29.41,3.598,236.3,-26.37,384.8,428.2,40.53,-49.32,390.1,372.6,-81.05,531.7,147,27.84,438,-11.24,13.68,439.4,-128.9,-97.66,519,456,-128.9,229,-65.42,14.65,304.2,181.1,77.14,213.4,-1059,-422.8,280.3,-847.2,102.5,-23.39,-542.5,60.1,359.4,-119.6,57.14,852.1,-422.4,-227.5,-533.6,-912.7,367.2,0.4682,-0.01874,0.8671,0.1679,-0.6795,0.2742,0.6099,-0.4424,0.4428,0.3076,-0.6054,0.3702,-0.491,-0.4999,-0.5125,-0.7271,-0.2391,-0.4621,-0.4634,-0.4526,-0.4891,0.7299,-0.1426,0.6603,0.643,-0.07197,0.7584,0.5591,-0.5381,0.3059,0.4912,-0.6223,0.3974,0.01715,-0.2754,0.009888,-0.6371,-0.3862,-0.4401,-0.3332,-0.672,-0.655,-0.1011,-0.4582,-0.2269
10.93,8.379,-0.7171,4.395,10.03,1.983,0.5822,-2.598,5.532,7.693,9.269,7.446,9.215,-1.954,1.016,-51.94,-32.73,0.02911,8.87,-6.032,1.365,57.12,30.25,18.83,13.6,-0.2369,2.097,3.247,0.3835,27.49,73.42,-0.3828,20.84,-1.217,4.237,1.835,-4.841,-74.35,-12.88,1.323,-22.28,-2.852,-4.669,-22.07,-5.441,-4.684,10.72,-2.062,-12.91,-107,-2.922,2.23,-106.8,2.606,2.23,-166.2,-5.624,-2.504,-74.87,-2.852,-0.6236,-79.33,5.517,-0.3363,-83.01,24.27,-2.071,-81.78,-3.188,-2.996,-83.6,-3.665,-1.664,-79.01,19.14,-2.319,-74.44,-54.18,-4.96,-82.36,-33.55,3.964,164.1,14.16,367.7,444.3,67.86,-33.21,408.2,427.7,-41.51,533.2,124,32.23,472.2,-44.44,-37.11,447.3,-177.2,-66.4,545.4,370.6,-168.9,248.1,58.6,14.16,313.5,236.3,89.83,24.39,-691.4,-246.1,17.08,-447.7,-65.91,-10.69,205.1,42.42,421.4,12.69,130.4,648,-363.2,-269.1,210.4,-726.1,539.6,0.4654,-0.01862,0.8686,0.1672,-0.6774,0.2673,0.6151,-0.4401,0.4367,0.3112,-0.6013,0.3664,-0.4949,-0.4988,-0.5162,-0.7267,-0.2349,-0.4753,-0.466,-0.4501,-0.5056,0.7329,-0.1414,0.6576,0.6446,-0.07142,0.7571,0.5625,-0.5363,0.3061,0.4849,-0.6283,0.4012,0.01709,-0.2712,0.01032,-0.6365,-0.3828,-0.4351,-0.3254,-0.6714,-0.6606,-0.09888,-0.4899,-0.2258
10.94,8.143,-0.8882,4.211,10.77,2.029,0.8562,-2.441,4.674,8.718,9.203,8.505,9.176,-1.944,0.7291,-52.81,-32.51,0.2386,8.96,-5.885,1.262,57.95,32.47,18.62,14.42,-0.4293,2.404,3.125,0.3739,28.59,75.59,1.199,17.91,-1.551,4.077,1.988,-5.342,-74.33,-13.2,1.251,-21.42,-2.288,-4.159,-21.24,-4.722,-4.17,10.79,-2.028,-11.92,-106.7,-3.12,2.59,-106.5,1.549,2.587,-163.9,-5.944,-1.186,-75.14,-2.432,-0.7303,-79.41,5.706,-0.2688,-82.93,24.25,-2.133,-81.61,-4.309,-3.149,-83.67,-3.219,-1.484,-79.09,20.14,-2.552,-73.65,-55.3,-5.906,-82.67,-37.66,3.954,103,42,322.8,457.5,98.64,-35.16,421.9,413.6,-33.69,535.1,127.4,35.65,452.2,7.812,-47.85,475.1,-206.5,-33.7,566.9,268.1,-180.7,260.8,138.2,-19.53,383.8,250.5,164.1,79.12,-630.9,115.2,-154.8,-133.3,-367.2,-188.4,265.2,186,497.1,149.9,63.47,429.7,-149.9,-256.8,142.6,-548.4,141.6,0.4629,-0.01898,0.87,0.1655,-0.6755,0.2592,0.6189,-0.4392,0.4295,0.315,-0.5968,0.362,-0.497,-0.4989,-0.5186,-0.7262,-0.2308,-0.4883,-0.4697,-0.4469,-0.523,0.7356,-0.1406,0.6552,0.646,-0.07056,0.7561,0.5658,-0.5353,0.3073,0.48,-0.6335,0.4054,0.01617,-0.2673,0.01099,-0.6367,-0.3785,-0.4304,-0.3183,-0.6709,-0.6653,-0.09327,-0.5207,-0.2246
10.95,7.903,-1.019,4.135,11.43,1.96,1.134,-2.337,3.843,9.77,9.186,9.591,9.173,-1.895,0.5123,-53.83,-32.63,0.3537,8.877,-5.698,1.065,58.88,35.16,18.43,15.33,-0.7685,2.795,3.361,0.2769,29.51,77.69,2.484,14.97,-2.013,3.411,1.822,-5.668,-74.25,-13.52,1.156,-20.36,-1.73,-3.608,-20.21,-4.062,-3.615,10.92,-1.96,-10.89,-106.8,-3.325,2.873,-106.6,0.5127,2.868,-161.5,-6.237,0.1688,-75.35,-2.104,-0.7485,-79.54,5.803,-0.1554,-83.27,24.14,-2.448,-81.78,-5.332,-3.366,-83.74,-2.957,-1.251,-79.29,21.14,-2.854,-72.98,-56.36,-6.735,-82.87,-41.7,3.468,149.4,39.06,293,463.9,35.16,-51.26,460.4,347.2,-54.68,543.5,132.3,43.46,407.7,100.6,-37.11,481.9,-245.6,5.862,560.6,133.8,-192.4,286.6,163.6,-88.86,406.3,189,199.7,441.9,-260.2,-81.07,41,-172.8,-50.3,-193.4,3.979,221.7,528.8,235.4,31.73,261.7,-68.82,-143.5,308.1,-190.9,497.5,0.4603,-0.01971,0.8712,0.1627,-0.6736,0.25,0.6213,-0.44,0.421,0.3187,-0.5925,0.357,-0.4976,-0.4999,-0.5201,-0.7255,-0.2267,-0.5011,-0.474,-0.4432,-0.5406,0.7378,-0.1395,0.6532,0.6468,-0.0691,0.7556,0.5686,-0.5351,0.3082,0.4776,-0.637,0.4101,0.01465,-0.2649,0.01196,-0.6374,-0.3734,-0.4262,-0.3114,-0.6709,-0.6693,-0.08393,-0.55,-0.2235
10.96,7.741,-1.093,4.069,11.93,1.816,1.463,-2.287,3.022,10.83,9.206,10.68,9.198,-1.84,0.3789,-54.97,-32.92,0.4001,8.593,-5.44,0.754,59.86,38.06,18.26,16.27,-1.167,3.242,3.557,0.1104,30.26,79.72,3.486,12.12,-2.394,2.83,1.684,-5.954,-74.15,-13.83,1.065,-19.14,-1.19,-3.025,-19.02,-3.473,-3.03,11.16,-1.878,-9.805,-107,-3.529,3.082,-106.8,-0.512,3.076,-158.9,-6.484,1.555,-75.58,-1.921,-0.687,-79.69,5.833,-0.01535,-83.59,23.97,-2.77,-81.91,-6.238,-3.578,-83.81,-2.863,-1.084,-79.57,22.11,-3.213,-72.3,-57.36,-7.609,-83.05,-45.61,3.053,248,7.811,241.2,448.2,-13.67,-73.73,489.2,254.4,-82.03,542.5,118.2,45.41,366.7,219.7,-7.326,461.9,-286.1,26.37,529.8,-5.375,-157.7,367.7,221.2,-21,356,57.63,292,607.9,59.07,-425.3,441.4,-87.89,94.75,-147,-110.8,164.6,508.3,293,35.13,92.82,47.33,-72.77,375.4,-107.9,137.7,0.4578,-0.02051,0.8724,0.1589,-0.6716,0.2398,0.6225,-0.4417,0.4113,0.3222,-0.5882,0.351,-0.4972,-0.5013,-0.521,-0.7244,-0.2229,-0.5135,-0.4787,-0.4396,-0.5576,0.7391,-0.1378,0.6522,0.6471,-0.06726,0.7555,0.5722,-0.5349,0.3097,0.4754,-0.6402,0.4141,0.01349,-0.2639,0.01282,-0.6387,-0.3676,-0.4225,-0.3046,-0.6707,-0.6731,-0.07526,-0.5777,-0.2221
10.97,7.789,-1.08,4.05,12.22,1.573,1.75,-2.283,2.204,11.9,9.261,11.77,9.258,-1.769,0.2619,-56.2,-33.21,0.3846,8.107,-5.129,0.2844,60.78,40.87,18.15,17.15,-1.449,3.622,3.835,-0.01769,31.06,81.63,4.351,9.474,-2.555,2.25,1.396,-6.196,-74.04,-14.14,0.9521,-17.82,-0.658,-2.421,-17.73,-2.94,-2.424,11.54,-1.763,-8.68,-107.2,-3.721,3.241,-107.1,-1.52,3.236,-156.5,-6.646,3.002,-75.75,-1.938,-0.5496,-79.83,5.874,0.1095,-83.98,23.88,-3.033,-82.17,-7.125,-3.658,-83.85,-2.869,-1.01,-79.81,23.03,-3.511,-71.44,-58.29,-8.715,-83.06,-49.27,2.438,317.4,-41.5,196.3,433.6,-54.68,-95.7,500,142.1,-110.8,542,97.16,41.02,312,291.5,40.53,421.9,-311,50.29,502,-149.4,-126.5,398.9,178.2,95.7,312,-112.3,252.4,333,62.52,-212.4,537.6,28.29,-107.4,-25.06,-197.2,55.64,555.2,238.3,-3.92,-134.8,13.15,-145.1,157.2,-308.6,365.8,0.4554,-0.02149,0.8736,0.1545,-0.6696,0.229,0.6228,-0.444,0.4008,0.3252,-0.5842,0.3438,-0.4964,-0.5027,-0.5216,-0.7226,-0.2196,-0.5254,-0.4834,-0.4369,-0.5733,0.7393,-0.1359,0.6524,0.6476,-0.06562,0.7553,0.5749,-0.5343,0.3109,0.4736,-0.6423,0.419,0.01294,-0.2639,0.01324,-0.6408,-0.3615,-0.4193,-0.2978,-0.6699,-0.6775,-0.06598,-0.6028,-0.2211
10.98,7.832,-1.026,4.074,12.47,1.344,1.959,-2.314,1.404,12.95,9.301,12.84,9.298,-1.727,0.1964,-57.58,-33.38,0.3379,7.418,-4.773,-0.327,61.67,43.35,18.17,18.01,-1.699,3.939,3.951,-0.1358,31.92,83.42,5.143,7.056,-2.489,1.648,1.22,-6.451,-73.96,-14.43,0.8667,-16.39,-0.144,-1.791,-16.32,-2.456,-1.792,12.05,-1.647,-7.517,-107.3,-3.926,3.37,-107.2,-2.524,3.365,-154.3,-6.684,4.502,-75.88,-1.969,-0.4003,-79.96,5.893,0.2019,-84.21,23.9,-3.236,-82.31,-7.968,-3.624,-83.85,-2.911,-1.042,-80.04,23.9,-3.78,-70.51,-59.12,-9.888,-83.03,-52.61,1.755,273.4,-84.48,168.9,414.6,-101.6,-104.5,491.2,45.9,-134.8,534.2,60.54,19.53,262.2,317.9,46.38,377.9,-296.4,53.23,484.9,-283.7,-87.4,393.6,48.34,106.5,267.6,-208,174.8,161.1,97.18,-62.5,241.2,-142.1,-211.4,45.77,-75.14,18.6,557.1,136.3,-43.45,-332.5,-64.92,-69.79,749.5,-174.8,184.6,0.4531,-0.02216,0.8747,0.1494,-0.6676,0.2175,0.6228,-0.4464,0.3901,0.3278,-0.5804,0.3357,-0.4956,-0.5039,-0.5224,-0.7201,-0.2172,-0.5364,-0.488,-0.4356,-0.587,0.7394,-0.1343,0.6526,0.6478,-0.06421,0.7552,0.5762,-0.5342,0.3106,0.4707,-0.6444,0.4238,0.01318,-0.2643,0.01325,-0.6432,-0.3556,-0.4161,-0.2913,-0.6688,-0.6818,-0.05664,-0.6253,-0.2197
10.99,7.762,-0.9802,4.093,12.79,1.193,2.13,-2.38,0.6365,14.02,9.301,13.92,9.3,-1.725,0.1733,-59.02,-33.35,0.2461,6.572,-4.399,-1.024,62.49,45.34,18.25,18.89,-1.974,4.245,3.521,-0.2716,32.77,85.05,5.887,5.183,-2.46,1.027,1.592,-6.694,-73.92,-14.69,0.8155,-14.92,0.358,-1.119,-14.87,-2.021,-1.119,12.67,-1.52,-6.327,-107.3,-4.161,3.49,-107.2,-3.526,3.487,-152.5,-6.598,6.021,-76.01,-1.911,-0.2986,-80.09,5.886,0.2571,-83.86,23.99,-3.265,-81.89,-8.72,-3.652,-83.86,-2.944,-1.074,-80.3,24.76,-4.088,-69.59,-59.81,-11.04,-82.95,-55.27,0.9744,195.3,-75.2,148.4,393.6,-154.8,-119.6,474.1,-30.28,-139.6,526.4,12.69,-3.42,227.6,280.3,42.48,333.5,-251,65.92,484.9,-395,-62.98,411.1,-77.15,95.7,246.1,-203.1,172.8,259.3,98.15,-302.2,-83,-201.2,-124.5,-6.682,109.9,19.98,456.6,99.12,-44.44,-493.6,-207,-41.5,574.2,54.16,98.6,0.451,-0.02246,0.8757,0.1442,-0.6652,0.2058,0.6227,-0.4483,0.3795,0.33,-0.5767,0.3267,-0.495,-0.5047,-0.5238,-0.717,-0.2156,-0.5465,-0.4922,-0.4361,-0.5981,0.7399,-0.1329,0.6523,0.6479,-0.06305,0.7553,0.5763,-0.535,0.309,0.4653,-0.6486,0.4257,0.01343,-0.2646,0.01325,-0.6454,-0.3496,-0.4131,-0.2857,-0.6675,-0.6857,-0.04761,-0.6427,-0.2181
11,7.704,-0.9371,4.077,13.09,1.116,2.233,-2.449,-0.07544,15.1,9.26,15.01,9.258,-1.77,0.1692,-60.47,-33.13,0.1614,5.655,-3.992,-1.749,63.2,46.77,18.29,19.8,-2.138,4.479,2.839,-0.492,33.48,86.55,6.566,3.931,-2.594,0.6002,2.235,-6.827,-73.95,-14.95,0.8034,-13.5,0.8376,-0.4162,-13.48,-1.612,-0.4162,13.34,-1.411,-5.09,-107.1,-4.431,3.632,-107.1,-4.506,3.632,-150.9,-6.407,7.525,-76.12,-1.874,-0.2333,-80.19,5.865,0.2831,-83.2,24.03,-3.099,-81.2,-9.388,-3.786,-83.87,-2.98,-1.032,-80.63,25.63,-4.402,-68.83,-60.34,-12.06,-82.75,-57.15,0.2281,122.1,-44.92,133.3,355.5,-197.3,-105,449.7,-82.53,-143.1,506.8,-34.17,-42.48,207.5,226.6,59.57,295.4,-175.3,75.2,512.7,-452.1,-65.43,372.1,-153.3,85.94,248.1,-154.8,165,209.5,-249,-114.3,-222.2,-338.8,-163.1,101.6,67.33,5.38,354,60.56,-24.41,-623.1,-141.1,41.5,-471.1,-156.7,345.7,0.449,-0.02228,0.8768,0.1392,-0.6626,0.1944,0.623,-0.4496,0.3693,0.332,-0.5729,0.3172,-0.4948,-0.5054,-0.5257,-0.7135,-0.215,-0.5556,-0.4956,-0.4382,-0.6067,0.7403,-0.1318,0.6521,0.6478,-0.06232,0.7555,0.5758,-0.5359,0.3079,0.4591,-0.6539,0.4258,0.01306,-0.2648,0.01343,-0.6474,-0.3439,-0.4096,-0.2808,-0.6664,-0.689,-0.04047,-0.6547,-0.2172
11.01,7.691,-0.8819,4.035,13.34,1.104,2.279,-2.497,-0.6708,16.17,9.118,16.08,9.117,-1.863,0.1967,-61.81,-32.78,0.1098,4.759,-3.572,-2.43,63.76,47.66,18.23,20.69,-2.237,4.613,2.324,-0.7124,34.03,87.93,7.201,3.166,-2.783,0.3088,2.744,-6.757,-74.01,-15.18,0.8371,-12.2,1.289,0.3182,-12.22,-1.208,0.3185,14.04,-1.334,-3.821,-106.8,-4.762,3.812,-106.8,-5.432,3.817,-149.8,-6.154,8.954,-76.22,-1.855,-0.1879,-80.24,5.871,0.2774,-82.69,24,-2.972,-80.66,-9.959,-3.895,-83.9,-2.955,-0.921,-80.92,26.5,-4.659,-68.29,-60.78,-12.77,-82.31,-58.43,-0.5346,115.2,-18.06,119.1,312,-234.9,-84.96,405.8,-119.1,-130.4,487.8,-81.05,-83.01,191.4,171.9,50.3,267.1,-104,61.04,540.5,-481,-78.12,269,-182.6,33.69,244.1,-106,133.8,130.4,-498.1,-182.1,-265.2,-503.9,-72.74,46.44,-72.23,-19.52,308.1,100.1,-15.16,-698.3,-13.69,60.52,-1063,137.7,1140,0.4472,-0.02167,0.8777,0.1348,-0.6595,0.1839,0.6237,-0.4501,0.3595,0.3339,-0.5688,0.3075,-0.4947,-0.506,-0.5281,-0.7098,-0.2149,-0.5636,-0.4981,-0.4417,-0.6128,0.7405,-0.131,0.6521,0.6478,-0.06207,0.7555,0.575,-0.5369,0.3074,0.454,-0.6582,0.4261,0.01221,-0.2645,0.01386,-0.6495,-0.3385,-0.4057,-0.277,-0.6658,-0.6912,-0.03528,-0.6626,-0.2177
11.02,7.639,-0.8323,3.946,13.61,1.138,2.286,-2.536,-1.167,17.25,8.916,17.15,8.913,-2.009,0.2217,-62.96,-32.32,0.105,3.943,-3.13,-2.99,64.13,48.04,18.13,21.56,-2.286,4.655,1.896,-0.8939,34.44,89.17,7.794,3.366,-2.91,0.2899,3.19,-6.337,-74.09,-15.4,0.8886,-11.12,1.743,1.061,-11.16,-0.7915,1.06,14.71,-1.28,-2.522,-106.4,-5.137,4.024,-106.5,-6.3,4.032,-149.1,-5.88,10.24,-76.29,-1.798,-0.1733,-80.23,5.872,0.2515,-82.22,23.93,-2.854,-80.18,-10.45,-3.97,-83.91,-2.89,-0.8435,-81.13,27.36,-4.835,-68.13,-61.15,-12.92,-81.52,-58.59,-1.224,120.1,-1.951,125,260.7,-259.8,-76.66,360.8,-130.4,-114.7,456.5,-117.7,-100.1,194.3,115.2,41.02,242.7,-63.48,42.97,541.5,-492.7,-99.12,218.8,-145.5,1.962,235.8,-18.55,107.9,20.01,-490.7,-216.3,-254.4,-572.3,-2.923,73.83,-76.67,-68.86,295.4,169.4,15.63,-683.6,-179.2,-87.44,-1071,34.64,880.8,0.4456,-0.02087,0.8786,0.1318,-0.656,0.1745,0.6252,-0.45,0.3501,0.336,-0.5643,0.2978,-0.4948,-0.5065,-0.531,-0.7062,-0.2153,-0.5707,-0.4995,-0.4463,-0.6167,0.7409,-0.1304,0.6518,0.6478,-0.06232,0.7555,0.5741,-0.5381,0.3072,0.4494,-0.6618,0.4264,0.01166,-0.2639,0.0141,-0.6518,-0.3334,-0.4018,-0.275,-0.6663,-0.6917,-0.034,-0.6632,-0.221
11.03,7.567,-0.786,3.86,13.87,1.196,2.253,-2.549,-1.536,18.27,8.613,18.16,8.609,-2.18,0.2415,-63.86,-31.8,0.1628,3.263,-2.657,-3.389,64.33,47.95,17.97,22.35,-2.307,4.623,1.661,-1.019,34.79,90.02,8.42,4.08,-3.041,0.2311,3.478,-5.431,-74.16,-15.58,0.939,-10.28,2.192,1.79,-10.36,-0.3561,1.788,15.31,-1.258,-1.199,-106,-5.566,4.258,-106.1,-7.098,4.271,-148.7,-5.622,11.35,-76.33,-1.719,-0.1843,-80.18,5.875,0.2028,-81.93,23.78,-2.819,-79.87,-10.94,-4.038,-83.93,-2.778,-0.766,-81.25,28.14,-4.938,-68.38,-61.24,-12.54,-80.08,-57.9,-2.401,110.9,-0.9753,128.9,220.7,-268.1,-65.91,310,-147,-99.61,408.2,-159.2,-144.5,172.4,83.99,37.6,210.9,-52.74,20.02,506.8,-496.6,-91.79,188,-60.54,-9.766,223.6,51.27,123.5,-41.5,-308.6,-151.4,-219.2,-393.5,3.419,-85.52,28.31,-107.4,277.4,182.6,48.83,-533.7,-470.2,-148.9,414.1,-589.3,1137,0.4442,-0.02014,0.8793,0.1303,-0.6524,0.1667,0.627,-0.4495,0.3412,0.3384,-0.5594,0.2885,-0.495,-0.507,-0.5345,-0.7029,-0.2159,-0.5769,-0.4999,-0.4513,-0.6189,0.7414,-0.1303,0.6513,0.6478,-0.06293,0.7555,0.5738,-0.5391,0.3077,0.4458,-0.6648,0.4273,0.01117,-0.2629,0.01441,-0.6542,-0.3286,-0.3981,-0.2754,-0.6673,-0.6906,-0.03314,-0.6581,-0.2277
11.04,7.528,-0.7541,3.804,14.1,1.282,2.17,-2.513,-1.798,19.28,8.262,19.15,8.259,-2.365,0.2453,-64.48,-31.26,0.2841,2.757,-2.164,-3.605,64.37,47.46,17.74,23.07,-2.369,4.543,1.725,-1.043,35.07,90.35,9.056,5.154,-3.092,0.1549,3.528,-4.834,-74.22,-15.76,0.9902,-9.692,2.631,2.497,-9.802,0.1205,2.494,15.8,-1.254,0.1373,-105.5,-6.033,4.52,-105.7,-7.825,4.538,-148.7,-5.407,12.27,-76.3,-1.665,-0.2232,-80.11,5.885,0.137,-81.94,23.55,-2.973,-79.82,-11.45,-4.037,-83.98,-2.659,-0.7115,-81.23,28.87,-4.961,-68.5,-60.86,-12.32,-79.07,-56.41,-3.352,112.3,5.368,173.3,171.4,-257.8,-57.12,269.1,-148.4,-80.08,350.1,-192.9,-180.2,157.2,52.73,26.37,174.8,-63.96,-8.787,457.5,-475.1,-86.42,163.1,28.32,38.58,234.9,93.25,130.4,62.5,-40.06,-161.1,-124.5,-147,-132.3,-71.83,66.41,122,282.2,202.6,89.35,-393.6,-631.4,109.4,-1167,-486.8,-20.49,0.4429,-0.01947,0.88,0.1303,-0.6485,0.1605,0.6295,-0.4486,0.3325,0.3413,-0.5539,0.2797,-0.4952,-0.5075,-0.5381,-0.6998,-0.2165,-0.5825,-0.4989,-0.4568,-0.6195,0.7417,-0.1307,0.6509,0.6478,-0.06385,0.7554,0.5739,-0.5406,0.3084,0.4433,-0.6665,0.4296,0.01093,-0.2618,0.01483,-0.6567,-0.3241,-0.3947,-0.2782,-0.6668,-0.6899,-0.03223,-0.6478,-0.2331
11.05,7.512,-0.7242,3.822,14.3,1.396,2.022,-2.429,-1.965,20.25,7.871,20.12,7.867,-2.545,0.2571,-64.82,-30.74,0.4195,2.384,-1.662,-3.635,64.27,46.67,17.43,23.78,-2.442,4.396,1.97,-0.852,35.24,90.34,9.593,6.279,-3.144,0.2179,3.393,-4.506,-74.24,-15.93,1.042,-9.356,3.056,3.184,-9.491,0.6306,3.179,16.19,-1.231,1.476,-105.1,-6.534,4.79,-105.2,-8.493,4.812,-149,-5.218,12.99,-76.18,-1.637,-0.2878,-80.01,5.891,0.03956,-82.14,23.23,-3.246,-79.93,-11.94,-4.017,-83.99,-2.603,-0.6427,-80.97,29.61,-4.834,-68.19,-60.07,-12.59,-78.15,-54.51,-4.22,129.9,13.19,172.4,155.3,-224.1,-67.87,232.9,-154.8,-53.71,321.3,-217.8,-176.3,163.1,42.48,-10.74,147,-106.5,-33.2,404.3,-422.4,-66.89,147.5,43.46,6.355,245.6,56.65,96.2,263.7,202.6,-149.4,60.08,68.38,-41.97,-82.18,2.448,43.96,232.4,166.5,24.89,-315.9,-680.2,182.6,-1742,-585,274.4,0.4416,-0.01892,0.8806,0.1315,-0.6445,0.156,0.6322,-0.4475,0.324,0.3448,-0.5482,0.2714,-0.4953,-0.5082,-0.5419,-0.6971,-0.2171,-0.5875,-0.4971,-0.4624,-0.6189,0.7417,-0.1319,0.6507,0.6477,-0.06507,0.7553,0.574,-0.5425,0.3095,0.4417,-0.6674,0.4325,0.01044,-0.2613,0.01508,-0.6595,-0.3195,-0.3913,-0.2826,-0.6638,-0.6907,-0.0315,-0.6347,-0.2386
11.06,7.486,-0.6943,3.871,14.46,1.511,1.882,-2.247,-2.048,21.15,7.437,21.01,7.432,-2.698,0.2749,-64.91,-30.29,0.5857,2.133,-1.16,-3.534,64.06,45.7,17.12,24.54,-2.523,4.241,2.27,-0.5089,35.33,90.1,10.04,6.978,-3.129,0.3408,3.212,-4.306,-74.24,-16.07,1.095,-9.233,3.444,3.83,-9.383,1.202,3.824,16.47,-1.175,2.805,-104.7,-7.052,5.062,-104.8,-9.091,5.088,-149.5,-5.05,13.55,-76.04,-1.624,-0.3523,-79.93,5.873,-0.05891,-82.41,22.87,-3.546,-80.12,-12.39,-3.968,-84.02,-2.586,-0.6111,-80.55,30.37,-4.606,-67.86,-59.04,-12.81,-77.38,-52.8,-4.819,117.2,8.786,151.4,144.5,-185.1,-75.19,233.9,-162.1,-50.79,296.4,-246.6,-186.5,163.1,30.77,-18.06,139.2,-160.1,-77.64,365.2,-365.7,-30.75,175.3,48.83,-13.67,227,-12.22,108.9,335,224.6,-77.64,348.1,102.5,-75.17,-94.88,2.448,119.6,190.9,182.6,-1.936,-255.8,-755.3,89.37,-1303,-621.1,-34.18,0.4405,-0.0185,0.8811,0.1338,-0.6405,0.1531,0.6352,-0.4463,0.3155,0.3489,-0.5423,0.2636,-0.4951,-0.5091,-0.5456,-0.6946,-0.2178,-0.592,-0.4946,-0.4681,-0.6172,0.7415,-0.1332,0.6505,0.6475,-0.06623,0.7554,0.5728,-0.5451,0.3101,0.4407,-0.6678,0.4355,0.01025,-0.2611,0.01538,-0.6623,-0.315,-0.3877,-0.2887,-0.6601,-0.6913,-0.03186,-0.6229,-0.2439
11.07,7.458,-0.6804,3.909,14.58,1.625,1.774,-2.003,-2.075,22.03,7.006,21.88,7,-2.832,0.2924,-64.78,-29.94,0.7273,1.962,-0.6744,-3.319,63.78,44.67,16.89,25.35,-2.604,4.107,2.473,-0.1004,35.4,89.7,10.35,7.46,-3.065,0.2652,3.113,-4.219,-74.21,-16.22,1.146,-9.286,3.821,4.449,-9.441,1.824,4.442,16.65,-1.049,4.117,-104.3,-7.567,5.341,-104.5,-9.632,5.371,-150.1,-4.885,13.96,-75.9,-1.649,-0.4154,-79.84,5.813,-0.1362,-82.56,22.56,-3.78,-80.22,-12.76,-3.897,-84.03,-2.638,-0.6012,-80.02,31.16,-4.326,-67.67,-57.86,-12.76,-76.88,-51.15,-5.254,66.41,-7.327,126.9,155.3,-114.7,-89.35,255.4,-176.3,-60.54,286.1,-265.1,-168.9,166.5,23.93,-25.88,133.3,-224.6,-117.7,344.2,-312.5,-9.278,204.6,25.4,6.355,155.8,-99.11,96.68,279.3,210.9,-89.86,450.7,55.14,-43.46,-30.74,-95.64,49.34,187.5,156.2,1.936,-191.9,-807.1,22.48,-1353,-585.5,8.768,0.4394,-0.01819,0.8815,0.137,-0.6364,0.1514,0.6385,-0.445,0.3071,0.3538,-0.5363,0.2563,-0.4946,-0.5103,-0.5489,-0.6923,-0.2185,-0.5959,-0.4919,-0.4735,-0.6149,0.7412,-0.1344,0.6506,0.647,-0.06727,0.7557,0.5706,-0.5481,0.31,0.4393,-0.6683,0.438,0.01013,-0.2615,0.01544,-0.6647,-0.3107,-0.3839,-0.2965,-0.6564,-0.691,-0.03198,-0.6114,-0.2479
11.08,7.469,-0.6532,3.956,14.63,1.694,1.682,-1.713,-2.104,22.87,6.589,22.72,6.583,-2.948,0.3037,-64.53,-29.68,0.8358,1.863,-0.2185,-3.013,63.48,43.66,16.74,26.17,-2.649,4.01,2.455,0.2269,35.51,89.15,10.63,7.64,-2.929,0.2095,3.22,-4.272,-74.16,-16.36,1.192,-9.44,4.188,5.039,-9.591,2.482,5.03,16.74,-0.8528,5.39,-104,-8.057,5.619,-104.3,-10.15,5.652,-150.8,-4.761,14.27,-75.75,-1.738,-0.438,-79.74,5.732,-0.1853,-82.45,22.33,-3.859,-80.1,-13.11,-3.818,-84.03,-2.713,-0.6471,-79.57,31.92,-4.087,-67.6,-56.54,-12.62,-76.64,-49.66,-5.452,22.93,-5.86,103.5,141.1,-67.38,-101.1,268.6,-195.3,-71.78,262.7,-277.3,-151.4,154.8,6.835,-16.6,106.9,-257.8,-138.2,319.8,-269,-9.765,189.4,-24.91,13.67,87.9,-147,66.41,177.7,112.3,4.888,299.8,7.842,65.91,-36.08,2.907,5.841,182.1,155.3,43.45,-223.2,-788.1,15.63,-1227,-508.8,6.352,0.4383,-0.01801,0.8819,0.1406,-0.6323,0.1504,0.6421,-0.4434,0.299,0.3593,-0.5306,0.2494,-0.4939,-0.5117,-0.5517,-0.6899,-0.2196,-0.5993,-0.4888,-0.4785,-0.6124,0.7405,-0.1354,0.651,0.6464,-0.06812,0.7561,0.567,-0.5513,0.309,0.4368,-0.6694,0.4395,0.01044,-0.2622,0.01538,-0.6667,-0.3066,-0.3801,-0.3048,-0.6526,-0.6903,-0.03247,-0.601,-0.2506
11.09,7.505,-0.6116,3.998,14.65,1.737,1.61,-1.393,-2.165,23.69,6.199,23.54,6.192,-3.042,0.2903,-64.23,-29.54,0.8689,1.842,0.209,-2.647,63.24,42.78,16.66,26.98,-2.725,3.93,2.465,0.4512,35.7,88.44,10.92,7.652,-2.716,0.2573,3.299,-4.441,-74.09,-16.5,1.237,-9.623,4.536,5.609,-9.759,3.15,5.6,16.76,-0.5655,6.625,-103.9,-8.505,5.918,-104.1,-10.66,5.955,-151.5,-4.694,14.52,-75.6,-1.864,-0.4343,-79.64,5.64,-0.221,-82.37,22.15,-3.968,-80.01,-13.48,-3.686,-84.01,-2.784,-0.718,-79.22,32.65,-3.903,-67.6,-55.09,-12.49,-76.61,-48.22,-5.45,11.23,-10.25,85.44,120.1,-18.07,-106.5,260.8,-210.5,-69.82,221.7,-302.7,-158.2,149.4,3.906,-10.25,54.19,-268.6,-155.8,261.7,-244.1,-5.369,133.3,-71.78,36.12,41.02,-152.4,54.2,155.8,-90.33,4.888,64.92,-116.2,48.81,5.011,-79.57,-13.22,144,192.4,46.37,-295.4,-694.9,105.5,-1062,-391.6,95.73,0.4372,-0.01788,0.8822,0.1443,-0.6283,0.1497,0.6459,-0.4416,0.2915,0.3656,-0.525,0.2427,-0.4931,-0.5136,-0.5539,-0.6873,-0.2213,-0.6024,-0.4857,-0.4829,-0.6101,0.7396,-0.1363,0.6517,0.6457,-0.06891,0.7566,0.5627,-0.5548,0.3071,0.4341,-0.6703,0.4415,0.01093,-0.2629,0.01514,-0.6684,-0.3026,-0.3764,-0.3133,-0.6485,-0.6895,-0.03351,-0.5909,-0.2521
11.1,7.511,-0.5618,4.041,14.69,1.748,1.546,-1.053,-2.23,24.47,5.849,24.32,5.843,-3.114,0.2761,-63.95,-29.47,0.8305,1.89,0.6018,-2.282,63.11,42.04,16.59,27.75,-2.764,3.841,2.424,0.6408,35.87,87.53,11.2,7.576,-2.431,0.3765,3.413,-4.645,-74.01,-16.64,1.269,-9.773,4.863,6.152,-9.887,3.816,6.143,16.72,-0.1891,7.801,-103.8,-8.915,6.194,-104,-11.13,6.236,-152.1,-4.702,14.73,-75.45,-1.966,-0.4138,-79.53,5.542,-0.2473,-82.22,21.98,-4.01,-79.89,-13.82,-3.531,-83.99,-2.842,-0.838,-78.9,33.34,-3.715,-67.75,-53.51,-12.2,-76.73,-46.73,-5.231,14.15,-9.278,81.06,84.46,17.57,-104.5,228,-227.1,-55.66,189.9,-306.1,-140.6,122.6,7.812,-4.881,3.902,-250.5,-141.6,187.5,-228,11.71,69.81,-106.9,37.1,-4.399,-122.1,31.73,108.4,-231.9,28.82,-120.2,-219.7,112.8,-16.7,-51.26,1.998,127.9,220.7,21.49,-393.1,-639.6,111.3,-930.7,-325.6,136.7,0.4361,-0.01788,0.8826,0.1477,-0.6245,0.149,0.6501,-0.4393,0.2844,0.3723,-0.5199,0.2365,-0.4922,-0.5155,-0.5557,-0.6848,-0.2234,-0.605,-0.4824,-0.4866,-0.6084,0.7389,-0.1371,0.6523,0.645,-0.06964,0.7571,0.5581,-0.5582,0.3054,0.4312,-0.6713,0.4433,0.01184,-0.2635,0.01477,-0.6698,-0.2991,-0.3728,-0.3226,-0.6445,-0.6878,-0.03565,-0.5805,-0.2529
11.11,7.508,-0.4974,4.065,14.74,1.742,1.492,-0.703,-2.296,25.21,5.539,25.05,5.533,-3.195,0.2687,-63.76,-29.45,0.7516,1.987,0.9582,-1.945,63.13,41.49,16.44,28.46,-2.777,3.721,2.471,0.7297,35.95,86.39,11.45,7.409,-2.143,0.544,3.46,-4.806,-73.92,-16.79,1.291,-9.831,5.18,6.644,-9.912,4.482,6.637,16.65,0.2681,8.896,-103.7,-9.3,6.446,-103.9,-11.58,6.494,-152.6,-4.787,14.93,-75.3,-2.054,-0.387,-79.4,5.449,-0.2804,-82.14,21.74,-4.065,-79.84,-14.14,-3.384,-83.97,-2.9,-0.9722,-78.69,33.96,-3.568,-68.15,-51.78,-11.68,-76.97,-45.15,-4.831,16.13,-14.65,69.83,59.56,28.81,-93.26,187,-225.6,-55.18,167,-300.8,-142.6,84.47,4.401,23.44,-31.74,-212.4,-135.3,130.8,-221.7,14.65,11.74,-128.4,13.67,-6.834,-80.56,27.83,35.65,-288.6,36.12,-212.4,-270,83.5,-24.05,-29.23,9.837,95.69,274.4,26.35,-438.5,-568.4,83.01,-876,-317.9,148.4,0.435,-0.01801,0.883,0.1504,-0.6212,0.1477,0.6545,-0.4367,0.2777,0.3793,-0.5154,0.2305,-0.4912,-0.5173,-0.5574,-0.6823,-0.2258,-0.6071,-0.4794,-0.4894,-0.6076,0.7382,-0.1379,0.6527,0.6443,-0.07056,0.7575,0.5539,-0.5615,0.3043,0.4289,-0.6718,0.4453,0.01288,-0.2641,0.01441,-0.6707,-0.2963,-0.3692,-0.3328,-0.641,-0.6848,-0.03882,-0.5694,-0.2532
11.12,7.475,-0.448,4.079,14.83,1.731,1.449,-0.3463,-2.35,25.88,5.276,25.73,5.269,-3.275,0.2772,-63.68,-29.45,0.6532,2.095,1.305,-1.68,63.32,41.12,16.22,29.13,-2.775,3.583,2.657,0.727,35.95,85.02,11.69,7.153,-1.851,0.763,3.389,-4.899,-73.81,-16.93,1.296,-9.76,5.477,7.091,-9.802,5.133,7.087,16.56,0.7751,9.931,-103.6,-9.652,6.648,-103.9,-11.99,6.7,-153,-4.922,15.12,-75.14,-2.106,-0.3719,-79.26,5.361,-0.3095,-82.2,21.42,-4.151,-79.92,-14.46,-3.225,-83.96,-2.971,-1.105,-78.56,34.53,-3.458,-68.75,-49.89,-10.96,-77.27,-43.48,-4.296,4.39,-17.58,41.01,34.17,29.29,-111.8,145,-228,-43.95,143.5,-298.3,-138.7,41.98,-5.859,31.25,-70.81,-179.7,-122.6,83.98,-232.4,9.278,-34.19,-135.3,4.393,19.54,-35.65,5.867,-17.56,-341.3,44.44,-202.2,-241.2,85.93,-3.007,-37.64,29.36,26.84,303.2,56.15,-449.2,-505.9,85.42,-794.5,-315.9,170.4,0.4338,-0.01831,0.8833,0.1523,-0.6183,0.1457,0.6593,-0.4338,0.2714,0.3864,-0.5111,0.2249,-0.4902,-0.5188,-0.5589,-0.68,-0.2282,-0.6089,-0.4767,-0.4913,-0.6077,0.7377,-0.1388,0.6529,0.6436,-0.07153,0.758,0.5505,-0.5644,0.3043,0.4273,-0.6719,0.4477,0.01392,-0.2648,0.0141,-0.6708,-0.2943,-0.3656,-0.3437,-0.6378,-0.6807,-0.04297,-0.5577,-0.2531
11.13,7.384,-0.4176,4.052,14.94,1.718,1.447,0.0581,-2.368,26.5,5.032,26.34,5.024,-3.327,0.2724,-63.01,-29.46,0.5668,2.25,1.605,-1.482,62.95,40.9,15.97,29.75,-2.756,3.408,3.001,0.7054,35.9,83.43,11.92,6.83,-1.543,1.043,3.166,-5.01,-73.66,-17.05,1.279,-10.26,5.827,7.443,-10.25,5.885,7.444,16.46,1.318,10.9,-103.5,-9.977,6.83,-103.8,-12.33,6.885,-153.1,-5.11,15.32,-75,-2.121,-0.3747,-79.09,5.252,-0.3323,-82.4,21.03,-4.268,-80.14,-14.8,-3.049,-83.94,-3.048,-1.244,-78.43,35.04,-3.319,-69.4,-47.85,-10.21,-77.63,-41.72,-3.648,-17.59,-27.83,16.6,12.69,12.2,-129.9,118.2,-213.4,-23.92,136.2,-300.3,-141.1,12.21,-4.401,47.36,-95.71,-148.9,-114.7,51.28,-254.9,5.369,-57.63,-114.3,-3.902,40.04,-5.858,-1.461,-44.94,-329.6,19.52,-152.3,-201.2,65.41,17.04,-42.54,-5.38,-33.68,336.9,86.42,-424.8,-443.3,89.86,-665.5,-293.4,251.5,0.4328,-0.01886,0.8836,0.1532,-0.6157,0.143,0.6641,-0.4309,0.2654,0.3935,-0.5074,0.2194,-0.4893,-0.5201,-0.5604,-0.678,-0.2303,-0.6104,-0.4745,-0.4924,-0.6086,0.7374,-0.1397,0.6528,0.6427,-0.07257,0.7585,0.5478,-0.567,0.3053,0.4264,-0.6714,0.4508,0.01495,-0.2656,0.01367,-0.6705,-0.293,-0.3621,-0.3554,-0.6343,-0.6757,-0.04792,-0.5452,-0.2525
11.14,7.265,-0.4154,3.98,15.06,1.712,1.487,0.449,-2.363,27.08,4.812,26.93,4.805,-3.348,0.2547,-63.04,-29.46,0.4631,2.437,1.884,-1.317,63.31,40.8,15.71,30.29,-2.714,3.21,3.422,0.657,35.81,81.61,12.18,6.494,-1.241,1.344,2.891,-5.079,-73.5,-17.17,1.247,-10.04,6.066,7.843,-9.975,6.511,7.85,16.38,1.86,11.8,-103.4,-10.28,6.988,-103.7,-12.62,7.047,-153.1,-5.34,15.49,-74.88,-2.121,-0.3978,-78.91,5.133,-0.3428,-82.66,20.62,-4.372,-80.43,-15.11,-2.879,-83.93,-3.09,-1.389,-78.31,35.46,-3.162,-70.11,-45.68,-9.369,-78.02,-39.83,-2.932,-54.68,-44.43,-24.41,-28.33,-16.61,-132.3,91.79,-202.1,-5.863,111.3,-304.2,-141.1,-27.82,-3.425,60.55,-118.7,-123.5,-86.43,7.811,-275.9,0,-61.04,-59.58,-20.02,5.852,7.811,-1.963,-69.34,-266.6,63.96,-56.15,-89.84,87.41,-7.35,-15.15,-17.06,-53.25,394.5,65.45,-417.4,-401.9,70.84,-470.3,-249,266.6,0.4318,-0.01959,0.8838,0.1533,-0.6133,0.1398,0.6689,-0.4281,0.2595,0.4003,-0.5039,0.2142,-0.4887,-0.521,-0.5621,-0.6764,-0.2319,-0.6117,-0.4727,-0.4926,-0.6102,0.7373,-0.1406,0.6528,0.6418,-0.07361,0.759,0.5461,-0.569,0.307,0.4259,-0.6707,0.4539,0.01611,-0.2661,0.01331,-0.6699,-0.2924,-0.3589,-0.3677,-0.6309,-0.6697,-0.05353,-0.5317,-0.2515
11.15,7.133,-0.4324,3.891,15.17,1.695,1.548,0.839,-2.327,27.62,4.617,27.48,4.612,-3.334,0.2157,-63.08,-29.43,0.3846,2.641,2.15,-1.188,63.67,40.8,15.48,30.77,-2.639,2.999,3.82,0.5693,35.71,79.57,12.45,6.174,-0.998,1.632,2.648,-5.107,-73.32,-17.29,1.191,-9.786,6.283,8.225,-9.665,7.113,8.239,16.32,2.371,12.67,-103.2,-10.56,7.128,-103.5,-12.86,7.188,-153,-5.59,15.64,-74.77,-2.135,-0.4321,-78.7,4.987,-0.3421,-82.87,20.22,-4.416,-80.67,-15.42,-2.761,-83.91,-3.111,-1.525,-78.22,35.78,-3.009,-70.86,-43.39,-8.49,-78.41,-37.79,-2.21,-83.02,-54.2,-46.38,-63.47,-40.03,-141.6,62.5,-205.6,19.05,79.6,-308.6,-143.1,-62.01,-21.48,65.92,-141.6,-110.3,-63.96,-31.24,-297.9,-10.25,-57.14,-0.9809,-42.48,-26.86,17.57,-22.94,-71.79,-178.2,48.34,-1.462,40.03,19.03,-21.05,22.04,0,-79.59,450.2,26.87,-365.7,-349.1,80.59,-410.1,-242.1,273,0.4309,-0.02057,0.884,0.1528,-0.6111,0.1363,0.6733,-0.4256,0.2535,0.4067,-0.5005,0.2092,-0.4884,-0.5216,-0.5637,-0.6753,-0.2328,-0.613,-0.4714,-0.492,-0.6124,0.7371,-0.1415,0.6528,0.6407,-0.07465,0.7597,0.5448,-0.5705,0.3093,0.4254,-0.6703,0.4567,0.01721,-0.2664,0.01294,-0.6693,-0.2922,-0.3562,-0.3805,-0.6274,-0.6628,-0.05939,-0.5171,-0.2503
11.16,7.03,-0.4594,3.802,15.22,1.679,1.607,1.208,-2.273,28.14,4.468,28,4.465,-3.311,0.1698,-63.13,-29.38,0.3127,2.839,2.432,-1.083,64.01,40.84,15.27,31.16,-2.534,2.826,4.122,0.5147,35.62,77.33,12.72,5.875,-0.8502,1.853,2.505,-5.158,-73.12,-17.4,1.132,-9.524,6.484,8.59,-9.342,7.679,8.612,16.3,2.854,13.51,-103,-10.79,7.239,-103.3,-13.05,7.3,-152.8,-5.83,15.75,-74.65,-2.193,-0.4699,-78.49,4.825,-0.3344,-82.96,19.83,-4.384,-80.79,-15.71,-2.707,-83.9,-3.119,-1.625,-78.07,36.02,-2.864,-71.5,-40.98,-7.655,-78.76,-35.63,-1.56,-96.67,-67.87,-68.84,-103.5,-69.83,-142.1,38.08,-213.4,36.13,49.32,-311,-154.3,-101.1,-42.48,76.66,-184.6,-109.4,-57.61,-91.3,-339.4,-13.19,-82.52,25.4,-49.81,-60.54,-6.357,-0.9817,-80.55,-35.64,9.776,-9.308,129.9,-8.769,-2.004,17.6,-16.6,-133.3,485.9,-20.02,-308.1,-356.4,50.77,-428.6,-142.6,229.5,0.4299,-0.02161,0.8842,0.152,-0.609,0.1326,0.6772,-0.4234,0.2475,0.4127,-0.4972,0.2041,-0.4884,-0.5218,-0.5655,-0.6745,-0.233,-0.6142,-0.4707,-0.4909,-0.6147,0.7365,-0.1425,0.653,0.6395,-0.07569,0.7604,0.5439,-0.5716,0.3119,0.4246,-0.6704,0.4587,0.01801,-0.2666,0.01263,-0.6689,-0.2919,-0.3543,-0.3941,-0.6231,-0.6553,-0.06501,-0.5012,-0.249
11.17,6.955,-0.4917,3.772,15.21,1.645,1.608,1.585,-2.185,28.59,4.314,28.46,4.313,-3.263,0.112,-63.14,-29.27,0.2867,3.004,2.722,-0.9741,64.27,40.9,15.09,31.5,-2.439,2.682,4.366,0.4735,35.56,74.91,13.04,5.509,-0.7337,2.006,2.409,-5.123,-72.93,-17.49,1.059,-9.313,6.664,8.919,-9.064,8.23,8.951,16.32,3.282,14.33,-102.7,-11.02,7.327,-103,-13.19,7.387,-152.5,-6.029,15.8,-74.48,-2.295,-0.5042,-78.29,4.649,-0.3222,-83.01,19.46,-4.332,-80.87,-16.03,-2.662,-83.88,-3.111,-1.699,-77.92,36.18,-2.734,-72.11,-38.47,-6.822,-78.99,-33.41,-1.017,-100.1,-84.48,-101.1,-130.9,-93.27,-146,11.25,-245.6,50.29,20.52,-317.9,-128.4,-141.1,-78.61,75.19,-231,-120.6,-53.23,-146.5,-372.1,-8.305,-106.4,25.89,-40.05,-100.1,-47.84,11.23,-83.99,100.1,0.4761,2.923,151.4,-25.87,-33.74,26.78,29.82,-174.3,485.9,-1.464,-292.4,-368.7,-1.451,-469.2,-0.5171,173.3,0.4292,-0.02271,0.8843,0.1511,-0.6071,0.1292,0.6805,-0.4216,0.2411,0.4181,-0.494,0.1991,-0.4887,-0.5216,-0.5674,-0.6742,-0.2324,-0.6155,-0.4707,-0.4894,-0.617,0.7357,-0.1437,0.6536,0.6382,-0.0766,0.7613,0.543,-0.5726,0.3145,0.4234,-0.6709,0.4606,0.01862,-0.2666,0.01239,-0.6689,-0.2915,-0.3532,-0.4081,-0.6185,-0.6471,-0.07032,-0.4848,-0.2482
11.18,6.923,-0.5139,3.822,15.12,1.594,1.558,1.968,-2.072,29,4.175,28.88,4.175,-3.195,0.04377,-63.1,-29.12,0.2664,3.122,3.014,-0.8761,64.41,40.95,14.94,31.78,-2.376,2.578,4.538,0.4085,35.54,72.29,13.36,4.987,-0.6483,2.187,2.361,-4.884,-72.76,-17.56,0.9913,-9.158,6.821,9.23,-8.839,8.764,9.273,16.39,3.678,15.13,-102.4,-11.22,7.407,-102.7,-13.28,7.465,-152.1,-6.158,15.82,-74.26,-2.456,-0.5173,-78.13,4.456,-0.3042,-83.01,19.12,-4.281,-80.9,-16.36,-2.647,-83.87,-3.115,-1.769,-77.82,36.26,-2.654,-72.73,-35.83,-5.987,-79.02,-31.23,-0.5333,-93.26,-75.68,-136.7,-159.7,-115.7,-151.4,-6.341,-282.7,49.81,-14.15,-335.5,-128.4,-171.4,-104.5,76.17,-258.8,-128.9,-48.34,-168.4,-382.3,-3.909,-139.7,-8.786,-8.295,-142.6,-81.06,-10.75,-86.89,212.9,-25.87,26.38,129.9,-5.35,-7.35,-11.78,25.36,-218.8,484.4,48.83,-194.8,-296.9,46.9,-486.9,129.4,121.1,0.4285,-0.02374,0.8844,0.1502,-0.6053,0.1261,0.6834,-0.4202,0.2348,0.423,-0.4909,0.194,-0.4892,-0.5212,-0.5693,-0.6742,-0.2312,-0.6167,-0.4714,-0.4877,-0.6189,0.7345,-0.145,0.6544,0.6368,-0.07728,0.7622,0.5418,-0.5738,0.3167,0.422,-0.6717,0.4622,0.01917,-0.2667,0.01215,-0.6695,-0.291,-0.3527,-0.4225,-0.6136,-0.6379,-0.07599,-0.4683,-0.2485
11.19,6.922,-0.5117,3.921,14.97,1.54,1.495,2.352,-1.944,29.35,4.047,29.23,4.047,-3.145,-0.02109,-62.97,-28.94,0.2814,3.175,3.344,-0.7645,64.4,40.99,14.84,31.98,-2.311,2.472,4.606,0.5062,35.58,69.53,13.69,4.249,-0.6082,2.512,2.363,-4.552,-72.6,-17.62,0.9322,-9.114,6.98,9.484,-8.721,9.301,9.539,16.5,4.034,15.93,-102.1,-11.4,7.47,-102.4,-13.33,7.526,-151.8,-6.209,15.79,-74.05,-2.659,-0.5205,-78.01,4.252,-0.3031,-82.96,18.82,-4.211,-80.86,-16.69,-2.675,-83.85,-3.123,-1.832,-77.59,36.25,-2.476,-73.16,-33.11,-5.291,-78.8,-29.18,-0.02679,-111.8,-93.26,-158.7,-180.6,-125,-153.3,-20,-316.9,54.2,-36.64,-351.6,-127.4,-195.8,-132.3,79.59,-276.9,-136.7,-57.61,-183.1,-401.4,-16.11,-155.3,-51.26,24.91,-191.9,-117.2,-1.963,-147.5,229,-24.41,55.69,142.6,-9.762,-15.7,7.804,-15.06,-291,514.2,58.08,-69.38,-240.2,118.6,-438.1,150.9,14.67,0.428,-0.02466,0.8844,0.1495,-0.6037,0.1235,0.6859,-0.419,0.2283,0.4275,-0.4878,0.1887,-0.4898,-0.5206,-0.5711,-0.6745,-0.2295,-0.6178,-0.4727,-0.4859,-0.6204,0.7331,-0.1463,0.6556,0.6354,-0.07776,0.7633,0.5402,-0.575,0.3183,0.4204,-0.6728,0.4635,0.01965,-0.2669,0.0119,-0.671,-0.2902,-0.353,-0.4371,-0.6075,-0.6288,-0.08271,-0.4527,-0.2504
11.2,6.957,-0.4874,4.036,14.79,1.47,1.434,2.764,-1.785,29.66,3.927,29.55,3.926,-3.078,-0.09162,-62.74,-28.76,0.3215,3.199,3.678,-0.6592,64.22,41,14.78,32.05,-2.268,2.321,4.673,0.8678,35.71,66.69,14.07,3.308,-0.5388,3.07,2.337,-4.379,-72.45,-17.66,0.878,-9.178,7.126,9.705,-8.706,9.85,9.775,16.68,4.354,16.72,-101.8,-11.56,7.531,-102,-13.33,7.582,-151.4,-6.196,15.72,-73.85,-2.885,-0.5019,-77.93,4.062,-0.3038,-82.93,18.56,-4.168,-80.84,-17.08,-2.683,-83.82,-3.121,-1.904,-77.05,36.15,-2.063,-73.25,-30.41,-4.848,-78.48,-27.38,0.6254,-147,-99.12,-178.2,-205.6,-127.4,-143.6,-37.1,-341.8,56.64,-57.12,-370.1,-132.8,-219.7,-162.1,96.2,-304.2,-157.7,-57.61,-189.9,-387.7,-11.71,-189.4,-100.1,34.67,-218.8,-121.1,-17.1,-207.5,205.1,-36.12,46.85,194.4,-67.89,-53.79,26.78,24.44,-314,522,71.78,11.72,-175.3,213.9,-374.5,61.53,-61.02,0.4276,-0.02551,0.8844,0.1491,-0.6022,0.1215,0.6882,-0.418,0.222,0.4315,-0.4848,0.1832,-0.4905,-0.5199,-0.5729,-0.6751,-0.2275,-0.6188,-0.4745,-0.4841,-0.6214,0.7315,-0.1473,0.6568,0.6341,-0.07813,0.7642,0.5384,-0.5764,0.3194,0.4185,-0.674,0.4652,0.0202,-0.2669,0.01154,-0.6739,-0.2894,-0.3539,-0.4518,-0.5995,-0.6208,-0.09083,-0.4386,-0.2529
11.21,7.032,-0.4484,4.137,14.6,1.397,1.398,3.201,-1.613,29.93,3.824,29.82,3.82,-3.007,-0.1762,-62.44,-28.54,0.4071,3.217,4.031,-0.5367,63.85,40.99,14.76,32,-2.256,2.134,4.761,1.417,35.94,63.82,14.47,2.065,-0.4338,3.768,2.278,-4.401,-72.34,-17.71,0.8269,-9.352,7.264,9.882,-8.794,10.42,9.968,16.91,4.619,17.52,-101.5,-11.71,7.593,-101.7,-13.31,7.64,-151.1,-6.156,15.61,-73.7,-3.122,-0.4779,-77.88,3.897,-0.3138,-82.97,18.37,-4.179,-80.87,-17.5,-2.645,-83.81,-3.142,-1.969,-76.33,35.94,-1.494,-73.12,-27.75,-4.578,-78.18,-25.96,1.4,-170.4,-97.65,-185.5,-223.2,-128.4,-168,-50.31,-360.3,60.54,-72.74,-390.6,-146,-241.2,-199.2,97.17,-332.5,-182.6,-64.94,-210.9,-392.6,-27.35,-219.3,-132.8,43.46,-233.9,-105.5,-57.12,-257.3,163.1,28.31,8.308,243.2,-61.05,-52.78,49.27,15.68,-298.3,552.2,61.53,18.54,-23.39,224.6,-349.1,-41.5,-114.8,0.4271,-0.02625,0.8845,0.1491,-0.6009,0.1202,0.6903,-0.4171,0.2158,0.435,-0.4818,0.1774,-0.4914,-0.5191,-0.5746,-0.6758,-0.2254,-0.6195,-0.4765,-0.4822,-0.6222,0.73,-0.148,0.6582,0.6329,-0.07837,0.7651,0.5365,-0.5778,0.3197,0.4166,-0.6749,0.4674,0.02069,-0.2672,0.01129,-0.6776,-0.2888,-0.3553,-0.4661,-0.5902,-0.6137,-0.09961,-0.4274,-0.255
11.22,7.089,-0.396,4.204,14.44,1.338,1.399,3.675,-1.446,30.17,3.742,30.07,3.733,-2.941,-0.257,-62.05,-28.33,0.5394,3.225,4.382,-0.3818,63.36,40.99,14.77,31.88,-2.279,1.955,4.798,2.132,36.26,60.94,14.91,0.4743,-0.3418,4.398,2.248,-4.694,-72.24,-17.76,0.7917,-9.617,7.391,10.02,-8.966,11.01,10.12,17.18,4.844,18.31,-101.2,-11.84,7.659,-101.4,-13.27,7.702,-150.7,-6.097,15.47,-73.6,-3.331,-0.4497,-77.85,3.744,-0.331,-82.98,18.23,-4.219,-80.86,-17.96,-2.601,-83.78,-3.159,-2.014,-75.44,35.69,-0.8319,-72.81,-25.13,-4.34,-78.01,-24.93,2.24,-184.6,-106.4,-172.9,-232.9,-105,-156.7,-71.29,-376.5,71.29,-98.15,-419.4,-150.9,-254.4,-221.7,96.68,-363.8,-200.2,-58.11,-239.7,-386.7,-20.02,-269,-156.7,21.96,-256.8,-86.42,-101.6,-234.9,93.73,27.84,-68.38,243.2,-88.85,-30.4,36.57,-23.98,-302.2,545.4,46.37,5.915,58.12,155.8,-345.3,-135.2,-76.68,0.4267,-0.0268,0.8846,0.1493,-0.5998,0.1195,0.6923,-0.4165,0.2099,0.438,-0.4789,0.1716,-0.4922,-0.5185,-0.5761,-0.6765,-0.2233,-0.6202,-0.4786,-0.4803,-0.6227,0.7287,-0.1483,0.6595,0.6319,-0.07856,0.766,0.5346,-0.5794,0.3194,0.4143,-0.676,0.4696,0.021,-0.2673,0.01099,-0.6814,-0.2882,-0.3571,-0.4807,-0.5799,-0.6069,-0.1082,-0.4193,-0.256
11.23,7.07,-0.3401,4.206,14.35,1.296,1.433,4.166,-1.256,30.37,3.664,30.28,3.649,-2.879,-0.3351,-61.63,-28.11,0.6947,3.226,4.721,-0.2326,62.75,40.99,14.84,31.74,-2.291,1.793,4.785,2.982,36.62,58.02,15.38,-1.476,-0.2824,4.896,2.272,-5.244,-72.18,-17.81,0.761,-9.968,7.512,10.12,-9.222,11.61,10.24,17.48,5.035,19.08,-100.9,-11.96,7.719,-101.1,-13.21,7.757,-150.4,-6.018,15.31,-73.58,-3.477,-0.4336,-77.83,3.577,-0.3586,-82.96,18.13,-4.246,-80.83,-18.42,-2.54,-83.78,-3.144,-2.008,-74.4,35.37,-0.1169,-72.35,-22.53,-4.105,-77.97,-24.28,3.094,-178.7,-109.4,-150.4,-251,-103,-163.1,-82.5,-379.9,74.71,-111.3,-441.9,-164.1,-274.9,-258.3,92.28,-398.9,-221.2,-72.26,-260.8,-380.4,-20.02,-307.6,-150.4,-2.921,-247.6,-40.03,-109.4,-208.5,45.89,64.46,-148.9,152.8,-51.73,25.39,39.02,-14.6,-298.3,480.5,83.02,-86.9,104.5,69.79,-312.5,-75.24,47.33,0.4262,-0.02716,0.8847,0.1498,-0.5987,0.1192,0.6943,-0.4158,0.2042,0.4407,-0.476,0.1658,-0.4929,-0.5179,-0.5775,-0.6773,-0.2214,-0.6205,-0.4808,-0.4783,-0.623,0.7278,-0.1482,0.6604,0.6307,-0.07874,0.7669,0.5327,-0.5809,0.3188,0.4117,-0.6772,0.4718,0.02094,-0.2672,0.01093,-0.6849,-0.2879,-0.3592,-0.4956,-0.5688,-0.6002,-0.1161,-0.4143,-0.2559
11.24,7.008,-0.3156,4.14,14.29,1.276,1.514,4.672,-1.06,30.54,3.575,30.45,3.551,-2.827,-0.4076,-61.19,-27.9,0.8658,3.221,5.044,-0.06808,62.06,41.03,14.91,31.55,-2.305,1.615,4.596,3.901,36.99,55.05,15.89,-3.726,-0.3476,5.32,2.473,-5.912,-72.15,-17.85,0.7357,-10.36,7.63,10.19,-9.519,12.23,10.34,17.8,5.208,19.83,-100.7,-12.09,7.783,-100.8,-13.14,7.815,-150.1,-5.935,15.12,-73.64,-3.573,-0.4311,-77.82,3.417,-0.3646,-82.75,18.05,-4.196,-80.6,-18.88,-2.573,-83.78,-3.107,-1.958,-73.29,35.01,0.6715,-71.83,-19.92,-3.822,-78.01,-23.9,4.001,-166,-102.5,-145,-249,-83.99,-171.4,-82.5,-376.9,82.03,-138.7,-478.5,-166.5,-280.3,-282.2,85.45,-405.8,-225.6,-67.38,-277.8,-383.8,-25.87,-328.1,-126.9,-20.51,-248.5,-18.55,-106,-172.8,54.21,61.04,-167,41.03,91.33,-6.348,-35.2,19.98,-262.7,409.6,111.8,-195.3,123,-22,-167.9,6.851,96.18,0.4259,-0.02741,0.8848,0.1505,-0.5978,0.1193,0.6963,-0.4153,0.1989,0.4431,-0.4732,0.16,-0.4935,-0.5175,-0.5787,-0.6781,-0.2201,-0.6206,-0.4831,-0.4763,-0.6233,0.7273,-0.1478,0.661,0.6296,-0.07874,0.7678,0.5309,-0.5821,0.3183,0.4084,-0.6793,0.4729,0.02057,-0.2668,0.01105,-0.6877,-0.2883,-0.361,-0.5107,-0.557,-0.5931,-0.124,-0.4116,-0.2553
11.25,6.929,-0.3125,4.042,14.24,1.28,1.612,5.172,-0.852,30.68,3.474,30.6,3.442,-2.777,-0.4691,-60.79,-27.75,1.017,3.21,5.34,0.09799,61.4,41.11,14.95,31.32,-2.326,1.448,4.284,4.709,37.39,51.98,16.45,-6.21,-0.4903,5.762,2.777,-6.477,-72.15,-17.87,0.7224,-10.76,7.733,10.27,-9.811,12.82,10.44,18.1,5.379,20.55,-100.5,-12.2,7.857,-100.7,-13.04,7.883,-149.8,-5.837,14.93,-73.74,-3.65,-0.4388,-77.83,3.262,-0.3584,-82.42,17.96,-4.099,-80.25,-19.37,-2.691,-83.79,-3.055,-1.907,-72.33,34.6,1.366,-71.41,-17.26,-3.456,-78.06,-23.71,4.993,-139.2,-96.68,-134.8,-250,-69.33,-171.9,-88.88,-381.4,78.12,-134.3,-497.1,-160.6,-268.1,-292.5,70.31,-416,-248.5,-71.78,-270,-374.5,-36.63,-345.7,-102.1,-59.09,-219.7,-4.882,-113.3,-186,42,17.08,-56.61,49.81,60.06,-24.05,-55.24,-0.4611,-216.3,283.2,123.1,-249,168.9,-60.52,2.941,77.18,239.2,0.4257,-0.02747,0.8849,0.1512,-0.5969,0.1196,0.6981,-0.4149,0.1939,0.4455,-0.4706,0.1545,-0.4937,-0.5175,-0.5796,-0.6789,-0.2192,-0.6203,-0.4853,-0.4744,-0.6233,0.727,-0.1471,0.6616,0.6286,-0.07856,0.7686,0.5293,-0.5832,0.3181,0.4046,-0.6822,0.4735,0.0202,-0.2664,0.01117,-0.6897,-0.2896,-0.3628,-0.5255,-0.5455,-0.585,-0.1325,-0.4102,-0.2544
11.26,6.834,-0.3164,3.928,14.2,1.268,1.73,5.685,-0.6372,30.81,3.385,30.73,3.345,-2.721,-0.5153,-60.4,-27.66,1.142,3.196,5.583,0.2564,60.78,41.24,15.01,31.05,-2.373,1.368,4.059,5.24,37.84,48.78,17.04,-8.891,-0.5424,6.279,2.983,-6.726,-72.18,-17.9,0.7126,-11.15,7.816,10.34,-10.1,13.41,10.53,18.38,5.571,21.21,-100.5,-12.31,7.931,-100.6,-12.94,7.951,-149.6,-5.739,14.72,-73.89,-3.719,-0.4277,-77.85,3.099,-0.3256,-82.2,17.87,-4.031,-80,-19.9,-2.757,-83.79,-3.011,-1.9,-71.72,34.15,1.797,-71.23,-14.52,-2.973,-78.06,-23.6,6.069,-122.6,-92.78,-126.9,-245.6,-55.18,-170.9,-71.78,-373,60.06,-145,-527.4,-160.2,-254.4,-293.9,56.15,-398,-254.4,-78.13,-265.1,-373.5,-30.75,-346.7,-64.46,-106,-180.7,0,-118.2,-219.7,22.46,43.45,-23.92,78.61,54.71,-54.79,-32.29,7.378,-179.2,168.9,108.9,-264.1,277.4,-60.52,162,86.87,258.3,0.4255,-0.02741,0.8851,0.1518,-0.596,0.12,0.6999,-0.4146,0.1891,0.4479,-0.4682,0.1492,-0.4936,-0.5179,-0.5801,-0.6797,-0.2188,-0.6197,-0.4873,-0.4726,-0.6231,0.7268,-0.1461,0.6622,0.6275,-0.07807,0.7695,0.5279,-0.5842,0.3181,0.4009,-0.6847,0.4748,0.0202,-0.266,0.01123,-0.6902,-0.2918,-0.3647,-0.5398,-0.5348,-0.5751,-0.1419,-0.4094,-0.2539
11.27,6.671,-0.3106,3.769,14.16,1.247,1.885,6.166,-0.4506,30.91,3.29,30.84,3.242,-2.667,-0.557,-60.05,-27.67,1.209,3.173,5.797,0.433,60.2,41.41,15.13,30.79,-2.406,1.375,3.88,5.531,38.34,45.4,17.64,-11.75,-0.5687,6.92,3.133,-6.671,-72.21,-17.91,0.7018,-11.52,7.892,10.39,-10.38,13.95,10.61,18.64,5.798,21.82,-100.5,-12.39,8.014,-100.6,-12.84,8.028,-149.4,-5.641,14.51,-74.08,-3.766,-0.406,-77.88,2.892,-0.287,-82.03,17.8,-3.96,-79.81,-20.47,-2.799,-83.8,-2.988,-1.896,-71.41,33.67,1.969,-71.22,-11.65,-2.445,-77.95,-23.52,7.209,-136.7,-92.29,-167,-219.2,-37.11,-174.3,-54.2,-374.5,62.5,-131.4,-551.3,-150.9,-238.3,-282.7,64.46,-384.8,-275.9,-85.93,-258.3,-372.6,-43.94,-307.1,-11.24,-84.47,-159.7,7.811,-107.9,-265.1,46.87,75.67,55.69,143,-10.26,-63.81,-3.979,61.48,-193.4,91.29,107.4,-229.5,351.1,-9.268,398.9,111.8,364.2,0.4254,-0.02735,0.8852,0.1524,-0.5952,0.1205,0.7015,-0.4143,0.1848,0.4504,-0.4663,0.1443,-0.4932,-0.5187,-0.5801,-0.6803,-0.2191,-0.6189,-0.4892,-0.471,-0.6228,0.7268,-0.1447,0.6627,0.6262,-0.07752,0.7707,0.5267,-0.5849,0.3181,0.3973,-0.6869,0.4766,0.0202,-0.2658,0.01123,-0.689,-0.2948,-0.3668,-0.5535,-0.5241,-0.5637,-0.1521,-0.4087,-0.2542
11.28,6.484,-0.2869,3.63,14.13,1.188,2.049,6.607,-0.2883,30.98,3.207,30.91,3.149,-2.616,-0.6071,-59.72,-27.78,1.246,3.157,5.974,0.5949,59.7,41.62,15.27,30.46,-2.461,1.436,3.702,5.807,38.88,41.91,18.25,-14.61,-0.5774,7.75,3.281,-6.511,-72.24,-17.91,0.6762,-11.87,7.969,10.42,-10.64,14.46,10.66,18.87,6.045,22.35,-100.7,-12.44,8.104,-100.7,-12.73,8.113,-149.3,-5.547,14.32,-74.27,-3.79,-0.362,-77.93,2.684,-0.2464,-81.88,17.74,-3.91,-79.64,-21.08,-2.826,-83.8,-2.99,-1.895,-71.14,33.13,2.065,-71.18,-8.721,-1.965,-77.73,-23.41,8.451,-150.9,-87.4,-195.3,-193.9,-22.46,-183.6,-24.42,-367.2,49.81,-113.3,-558.1,-143.6,-223.2,-274.9,78.12,-365.7,-284.2,-81.05,-251,-381.4,-36.14,-241.7,23.44,-25.89,-201.2,-18.55,-79.1,-270.5,63.49,111.3,71.31,246.1,20.02,-80.18,37.64,-0.9223,-237.3,13.17,104,-191.4,339.9,68.34,766.1,71.23,305.2,0.4254,-0.02741,0.8852,0.1529,-0.5946,0.1208,0.703,-0.4141,0.1809,0.4529,-0.4647,0.1399,-0.4925,-0.5198,-0.5796,-0.6808,-0.2199,-0.6179,-0.4906,-0.4698,-0.6222,0.7269,-0.1433,0.663,0.6248,-0.07685,0.7718,0.5259,-0.5855,0.3182,0.3935,-0.6891,0.4786,0.0202,-0.2658,0.01129,-0.6864,-0.2988,-0.3692,-0.5669,-0.5128,-0.552,-0.1636,-0.4075,-0.2553
11.29,6.365,-0.2399,3.557,14.08,1.117,2.145,7.009,-0.1704,31.03,3.134,30.96,3.067,-2.576,-0.6463,-59.46,-27.95,1.228,3.114,6.116,0.7308,59.31,41.8,15.39,29.96,-2.515,1.433,3.576,6.224,39.5,38.35,18.9,-17.25,-0.6167,8.737,3.37,-6.424,-72.28,-17.89,0.6555,-12.16,8.032,10.45,-10.85,14.92,10.71,19.05,6.326,22.82,-100.9,-12.47,8.191,-100.9,-12.64,8.196,-149.3,-5.433,14.16,-74.4,-3.824,-0.3063,-77.98,2.532,-0.2245,-81.79,17.71,-3.898,-79.5,-21.73,-2.878,-83.81,-2.998,-1.888,-70.73,32.46,2.267,-70.98,-5.827,-1.545,-77.46,-23.1,9.807,-150.9,-84.48,-193.9,-175.8,-17.57,-189.5,-12.68,-373.5,53.71,-101.1,-572.3,-143.6,-209,-256.8,72.27,-352.5,-283.7,-88.37,-251.4,-394,-32.72,-167.5,24.91,13.67,-231.4,-69.34,-83.99,-220.7,33.69,94.71,35.15,264.2,6.342,-42.43,49.73,16.6,-291.5,26.87,47.36,-128.9,264.7,108.9,1292,-42.92,108.9,0.4256,-0.02741,0.8853,0.1532,-0.5941,0.121,0.7044,-0.414,0.1774,0.4555,-0.4635,0.136,-0.4917,-0.5212,-0.5787,-0.6811,-0.2213,-0.6167,-0.4917,-0.4693,-0.6213,0.7269,-0.1421,0.6633,0.6239,-0.0763,0.7727,0.5258,-0.5857,0.3183,0.3899,-0.6913,0.4809,0.02014,-0.2659,0.01135,-0.6834,-0.3038,-0.3718,-0.5801,-0.5004,-0.5408,-0.1764,-0.4046,-0.2564
11.3,6.366,-0.1764,3.571,13.98,1.038,2.153,7.346,-0.1017,31.04,3.086,30.97,3.011,-2.577,-0.6787,-59.27,-28.16,1.181,3.066,6.245,0.8364,59.02,41.94,15.47,29.28,-2.571,1.343,3.476,6.775,40.21,34.77,19.56,-19.42,-0.6483,9.722,3.43,-6.538,-72.34,-17.87,0.65,-12.42,8.09,10.45,-11.04,15.31,10.73,19.18,6.612,23.2,-101.2,-12.45,8.277,-101.2,-12.55,8.281,-149.4,-5.308,14.04,-74.46,-3.907,-0.232,-78.05,2.451,-0.2092,-81.76,17.72,-3.906,-79.42,-22.42,-2.893,-83.82,-3.032,-1.852,-70.21,31.67,2.602,-70.65,-3.045,-1.153,-77.31,-22.45,11.18,-139.6,-83.5,-183.1,-181.6,-16.61,-189.5,-4.87,-377.9,39.06,-97.65,-572.3,-129.4,-201.2,-249.5,75.19,-343.3,-266.1,-81.55,-244.6,-390.1,-31.74,-138.7,-16.12,-9.766,-250.5,-113.8,-110.8,-129.9,116.7,21.49,-26.38,115.7,62.98,-30.4,-36.57,1.998,-327.6,87.91,-43.96,-17.63,234.9,110.8,1587,-202.2,-35.16,0.4257,-0.02722,0.8853,0.1533,-0.5939,0.121,0.7056,-0.4138,0.1746,0.458,-0.4626,0.1328,-0.4908,-0.5228,-0.5774,-0.6812,-0.2231,-0.6154,-0.4923,-0.4694,-0.62,0.7265,-0.1412,0.6639,0.6234,-0.07575,0.7732,0.5261,-0.5857,0.3183,0.3862,-0.6933,0.4836,0.01984,-0.2661,0.01154,-0.6812,-0.3094,-0.3746,-0.5928,-0.4875,-0.5301,-0.189,-0.3991,-0.2562
11.31,6.49,-0.1399,3.626,13.81,0.9869,2.097,7.622,-0.07139,31.05,3.065,30.98,2.983,-2.615,-0.7043,-59.16,-28.38,1.112,2.996,6.335,0.9102,58.82,41.98,15.51,28.48,-2.569,1.255,3.298,7.289,40.95,31.31,20.26,-20.97,-0.7141,10.53,3.541,-6.847,-72.44,-17.85,0.6537,-12.62,8.149,10.44,-11.19,15.64,10.74,19.26,6.901,23.49,-101.5,-12.42,8.354,-101.5,-12.49,8.356,-149.6,-5.152,13.96,-74.5,-4.057,-0.1778,-78.14,2.425,-0.1921,-81.65,17.74,-3.831,-79.27,-23.14,-2.969,-83.84,-3.063,-1.835,-69.75,30.81,2.884,-70.36,-0.452,-0.7064,-77.44,-21.35,12.45,-100.6,-80.08,-180.7,-192.9,-26.85,-174.3,-12.19,-387.2,40.04,-100.6,-580.6,-123,-199.7,-251.5,83.99,-335,-252.9,-80.08,-237.3,-389.6,-21.98,-147.5,-56.64,-57.13,-230.5,-153.3,-156.7,-81.53,178.7,70.31,7.308,6.336,94.25,-106.6,-57.69,40.58,-373.6,137.2,-123.5,132.3,243.2,57.14,1683,-192.4,-145.5,0.4259,-0.02686,0.8854,0.1535,-0.5937,0.1209,0.7067,-0.4137,0.1724,0.4604,-0.462,0.1303,-0.4898,-0.5244,-0.576,-0.6811,-0.2252,-0.6141,-0.4925,-0.4705,-0.6182,0.7257,-0.1406,0.6648,0.6233,-0.07514,0.7734,0.5264,-0.5852,0.3186,0.3822,-0.6958,0.486,0.01972,-0.2664,0.01178,-0.6796,-0.3147,-0.378,-0.6046,-0.4756,-0.5194,-0.2,-0.3906,-0.2534
11.32,6.615,-0.1385,3.673,13.65,0.9799,2.04,7.86,-0.06197,31.02,3.069,30.94,2.985,-2.711,-0.7119,-59.1,-28.57,1.052,2.932,6.42,0.9267,58.67,41.95,15.53,27.61,-2.581,1.269,3.075,7.614,41.73,28.04,20.94,-21.88,-0.7835,11.14,3.67,-7.288,-72.57,-17.84,0.6806,-12.82,8.199,10.38,-11.36,15.93,10.69,19.3,7.18,23.7,-101.8,-12.36,8.42,-101.8,-12.42,8.422,-150,-4.991,13.94,-74.57,-4.201,-0.1446,-78.26,2.409,-0.1611,-81.53,17.76,-3.739,-79.1,-23.9,-3.08,-83.87,-3.159,-1.84,-69.55,29.92,2.942,-70.24,1.912,-0.1857,-77.92,-19.82,13.58,-105,-83.01,-158.2,-196.8,-39.55,-173.3,-12.68,-385.7,52.25,-89.86,-575.7,-115.2,-180.7,-240.2,86.42,-333,-248,-79.59,-226.1,-370.6,-17.58,-194.3,-110.8,-73.74,-206.5,-180.2,-190.4,-57.14,202.6,59.07,84,23.46,48.81,-91.2,-50.8,63.94,-386.2,164.5,-113.8,310.5,356.9,-11.2,1577,-201.1,-286.1,0.426,-0.02619,0.8855,0.1535,-0.594,0.1207,0.7077,-0.4136,0.1707,0.4627,-0.4617,0.1284,-0.4888,-0.526,-0.5744,-0.681,-0.2275,-0.6127,-0.4921,-0.4722,-0.6161,0.725,-0.1399,0.6658,0.6233,-0.07428,0.7735,0.5265,-0.5848,0.3189,0.378,-0.6985,0.4884,0.01972,-0.2672,0.01202,-0.6779,-0.3197,-0.3823,-0.6148,-0.4657,-0.5083,-0.2089,-0.3793,-0.2473
11.33,6.685,-0.1547,3.687,13.55,0.9749,2.02,8.07,-0.07409,30.99,3.124,30.9,3.039,-2.823,-0.7232,-59.05,-28.78,1.023,2.872,6.483,0.8917,58.56,41.86,15.56,26.74,-2.579,1.35,2.869,7.732,42.53,25,21.6,-22.26,-0.8034,11.49,3.752,-7.916,-72.73,-17.85,0.7052,-13.03,8.249,10.29,-11.54,16.19,10.61,19.25,7.439,23.85,-102.2,-12.27,8.471,-102.2,-12.35,8.474,-150.4,-4.822,13.95,-74.7,-4.301,-0.1143,-78.39,2.381,-0.1136,-81.44,17.78,-3.622,-78.97,-24.68,-3.17,-83.89,-3.294,-1.871,-69.6,29.03,2.827,-70.33,4.057,0.4104,-78.82,-17.97,14.51,-123,-74.71,-133.3,-202.6,-58.59,-161.1,-22.95,-395,56.15,-78.6,-561.5,-105.5,-168,-241.2,79.1,-311.5,-234.9,-70.8,-197.7,-349.1,-18.07,-232.4,-141.6,-86.43,-196.3,-199.7,-188.5,-135.7,160.1,120.6,110.4,107.4,16.1,-88.87,-5.356,59.64,-346.2,156.7,1.936,540.1,481.4,-57.14,1447,-49.77,-401.9,0.426,-0.02545,0.8858,0.1536,-0.5944,0.1206,0.7087,-0.4135,0.1695,0.4649,-0.4615,0.1274,-0.4878,-0.5275,-0.5726,-0.6809,-0.2298,-0.6112,-0.4913,-0.4746,-0.6138,0.7246,-0.1389,0.6665,0.6232,-0.07318,0.7738,0.5267,-0.5841,0.3196,0.3739,-0.7009,0.4911,0.0199,-0.2683,0.01221,-0.6757,-0.3247,-0.3867,-0.6235,-0.4581,-0.4965,-0.2148,-0.3663,-0.2375
11.34,6.733,-0.1873,3.684,13.49,0.9514,2.03,8.252,-0.1084,30.92,3.205,30.82,3.118,-2.933,-0.7406,-59,-29.01,1.008,2.806,6.519,0.8163,58.48,41.77,15.58,25.88,-2.623,1.495,2.75,7.671,43.35,22.17,22.22,-22.35,-0.807,11.66,3.745,-8.747,-72.89,-17.85,0.717,-13.25,8.291,10.17,-11.74,16.41,10.49,19.17,7.677,23.92,-102.6,-12.16,8.507,-102.6,-12.27,8.511,-150.8,-4.653,13.99,-74.86,-4.368,-0.07729,-78.55,2.367,-0.04292,-81.45,17.79,-3.553,-78.94,-25.49,-3.219,-83.91,-3.484,-1.882,-69.86,28.18,2.579,-70.58,6.026,0.9672,-80.06,-15.97,15.2,-141.1,-74.71,-128.9,-194.3,-71.29,-164.6,-13.66,-386.7,65.91,-80.07,-562,-99.61,-154.8,-223.6,85.94,-295.4,-237.3,-69.82,-182.6,-338.4,-8.792,-249,-155.8,-65.91,-207.5,-188.5,-136.7,-179.7,98.64,19.04,43.46,104,18.09,-37.75,3.979,18.6,-259.3,63,141.1,727.1,597.6,-88.89,1274,279.7,-573.2,0.426,-0.02478,0.886,0.1538,-0.595,0.1207,0.7097,-0.4134,0.1688,0.4668,-0.4615,0.1271,-0.4868,-0.529,-0.5706,-0.6808,-0.2322,-0.6097,-0.4903,-0.4773,-0.6113,0.7244,-0.1376,0.6671,0.6232,-0.07184,0.7739,0.5274,-0.5833,0.3204,0.3701,-0.7029,0.4944,0.01984,-0.2699,0.01239,-0.6725,-0.3302,-0.3908,-0.6306,-0.4521,-0.4849,-0.2179,-0.3529,-0.2248
11.35,6.853,-0.2255,3.673,13.39,0.9002,2.048,8.409,-0.1603,30.79,3.287,30.69,3.195,-3.025,-0.773,-58.94,-29.27,1.037,2.753,6.542,0.739,58.39,41.68,15.58,24.97,-2.675,1.681,2.566,7.47,44.22,19.47,22.85,-22.35,-0.9057,11.89,3.815,-9.7,-73.05,-17.84,0.7189,-13.5,8.314,10.01,-11.98,16.59,10.34,19.05,7.851,23.92,-103,-12.02,8.542,-103,-12.18,8.547,-151.3,-4.495,14.03,-75.04,-4.451,-0.02202,-78.7,2.41,0.0481,-81.38,17.86,-3.454,-78.81,-26.29,-3.359,-83.94,-3.669,-1.874,-70.27,27.34,2.245,-70.91,7.883,1.389,-81.46,-14.01,15.77,-124,-75.2,-114.7,-171.4,-79.1,-165.5,-10.26,-375.5,43.95,-60.55,-548.3,-100.6,-147.5,-205.6,90.82,-284.2,-244.1,-61.04,-176.3,-334.9,-1.946,-263.2,-147.5,-31.73,-212.9,-123,-108.9,-196.3,39.57,22.95,6.385,145.5,34.69,-37.75,47.44,-16.14,-169.4,-56.65,240.2,551.8,658.2,-83.97,1052,747.6,-734.4,0.4262,-0.02417,0.8862,0.1543,-0.5958,0.1213,0.7105,-0.4134,0.1687,0.4684,-0.4615,0.1274,-0.4858,-0.5306,-0.5683,-0.6807,-0.2348,-0.6081,-0.489,-0.48,-0.6088,0.7242,-0.1361,0.6678,0.6237,-0.07038,0.7738,0.5279,-0.5824,0.3208,0.3661,-0.7055,0.497,0.01965,-0.2714,0.01276,-0.6686,-0.3359,-0.3947,-0.6362,-0.4466,-0.4739,-0.2198,-0.34,-0.2105
11.36,7.035,-0.2624,3.662,13.29,0.8277,2.065,8.538,-0.2398,30.65,3.417,30.54,3.318,-3.089,-0.8177,-58.87,-29.56,1.089,2.699,6.557,0.6477,58.31,41.62,15.54,24.04,-2.708,1.832,2.353,7.143,45.17,16.9,23.53,-22.47,-1.063,12.45,3.922,-10.54,-73.22,-17.82,0.7096,-13.76,8.318,9.852,-12.24,16.73,10.18,18.87,7.976,23.88,-103.4,-11.85,8.565,-103.4,-12.09,8.572,-151.8,-4.342,14.07,-75.22,-4.535,0.04342,-78.86,2.514,0.1441,-81.29,17.94,-3.32,-78.65,-27.16,-3.531,-83.99,-3.88,-1.826,-70.81,26.53,1.902,-71.36,9.646,1.641,-82.79,-12.29,16.46,-87.89,-83.5,-68.84,-151.4,-82.03,-166.5,-4.87,-362.8,61.52,-55.19,-540,-87.89,-135.7,-185.6,89.85,-272.5,-242.2,-65.43,-170.4,-338.4,9.765,-274.4,-125,-37.59,-176.3,-54.7,-144.5,-207,-29.31,0.4761,-85.92,114.2,17.1,-10.69,39.02,39.5,-70.78,-174.3,275.4,424.3,573.3,-65.92,836.4,1037,-822.2,0.4263,-0.02362,0.8865,0.1551,-0.5966,0.1224,0.7111,-0.4135,0.1691,0.4696,-0.4614,0.1284,-0.4848,-0.5322,-0.5658,-0.6806,-0.2374,-0.6063,-0.4877,-0.4828,-0.6062,0.7239,-0.1346,0.6684,0.6245,-0.06891,0.7733,0.5284,-0.5814,0.3213,0.3617,-0.7083,0.4997,0.01917,-0.2731,0.01337,-0.6648,-0.3418,-0.3982,-0.6403,-0.4415,-0.4637,-0.2229,-0.3291,-0.1967
11.37,7.115,-0.2784,3.6,13.25,0.7431,2.142,8.661,-0.3415,30.48,3.572,30.37,3.465,-3.107,-0.871,-58.79,-29.88,1.169,2.617,6.548,0.5297,58.24,41.56,15.54,23.16,-2.665,1.872,2.047,6.739,46.17,14.51,24.21,-22.81,-1.298,13.42,4.079,-11.09,-73.38,-17.81,0.6848,-14.03,8.288,9.684,-12.51,16.82,10.01,18.68,8.047,23.79,-103.9,-11.64,8.568,-103.9,-11.98,8.579,-152.3,-4.172,14.11,-75.45,-4.551,0.1078,-79.02,2.584,0.2227,-81.11,18.03,-3.098,-78.41,-28.06,-3.773,-84.04,-4.124,-1.752,-71.45,25.75,1.629,-71.89,11.24,1.729,-83.87,-11.01,17.37,-66.89,-78.12,-55.66,-128.4,-69.33,-157.7,17.59,-333.5,71.78,-42.96,-535.2,-57.61,-115.2,-162.1,99.12,-257.8,-249,-55.67,-146,-327.1,24.9,-266.6,-90.82,-105,-121.6,-19.05,-152.3,-223.6,-16.58,-22.47,-43.92,73.71,6.342,-90.87,-31.68,97.61,21.5,-282.2,159.7,337.9,471.7,-87.44,828.6,1021,-956.5,0.4265,-0.02319,0.8867,0.1561,-0.5974,0.1242,0.7115,-0.4138,0.1699,0.4705,-0.4614,0.1299,-0.4838,-0.5337,-0.5631,-0.6804,-0.2402,-0.6045,-0.4864,-0.4857,-0.6036,0.7241,-0.1328,0.6687,0.6252,-0.06751,0.773,0.5289,-0.5799,0.3221,0.3569,-0.7116,0.502,0.01843,-0.2751,0.01404,-0.6614,-0.3479,-0.4009,-0.6428,-0.4371,-0.4546,-0.2283,-0.3213,-0.1848
11.38,7.013,-0.2851,3.473,13.31,0.7059,2.293,8.79,-0.4695,30.24,3.731,30.13,3.617,-3.085,-0.9203,-58.66,-30.24,1.271,2.517,6.508,0.4152,58.12,41.51,15.59,22.42,-2.574,1.793,1.655,6.253,47.19,12.45,24.87,-23.35,-1.548,14.64,4.27,-11.27,-73.53,-17.76,0.6668,-14.34,8.215,9.5,-12.83,16.88,9.829,18.47,8.061,23.64,-104.4,-11.41,8.562,-104.4,-11.87,8.577,-152.8,-3.992,14.14,-75.76,-4.445,0.1346,-79.2,2.588,0.2616,-80.87,18.11,-2.841,-78.09,-29,-4.056,-84.08,-4.44,-1.686,-72.19,25.01,1.415,-72.55,12.57,1.723,-84.7,-10.23,18.45,-90.34,-69.34,-106,-121.6,-41.5,-166,55.67,-318.9,84.96,-20.02,-530.8,-59.08,-101.6,-143.6,83.5,-233.9,-251,-61.04,-128.4,-340.3,34.18,-214.8,-27.34,-102.1,-120.1,-8.31,-106.5,-264.7,-2.432,-47.86,134.3,205.6,14.17,-168,25.4,82.54,74.69,-368.2,8.784,245.6,467.8,-98.16,928.2,667,-1098,0.4269,-0.02277,0.8868,0.1573,-0.5983,0.1265,0.7117,-0.4143,0.1712,0.4709,-0.4615,0.1318,-0.4829,-0.5352,-0.5602,-0.6803,-0.2431,-0.6025,-0.4851,-0.4886,-0.6007,0.7251,-0.1307,0.6683,0.6253,-0.06628,0.7731,0.5298,-0.5782,0.3234,0.3517,-0.7153,0.5041,0.01764,-0.2777,0.01459,-0.6578,-0.3546,-0.4025,-0.6437,-0.4343,-0.4466,-0.2357,-0.3172,-0.1754
11.39,6.832,-0.2707,3.353,13.41,0.6936,2.444,8.902,-0.6351,29.97,3.922,29.86,3.806,-3.052,-0.9516,-58.5,-30.63,1.381,2.384,6.439,0.2758,57.97,41.5,15.63,21.76,-2.425,1.614,1.388,5.762,48.23,10.75,25.49,-24.01,-1.689,15.62,4.317,-11.19,-73.68,-17.7,0.6604,-14.67,8.117,9.303,-13.18,16.9,9.629,18.27,8.029,23.44,-104.9,-11.12,8.529,-105,-11.75,8.548,-153.4,-3.8,14.17,-76.06,-4.283,0.1453,-79.38,2.57,0.2646,-80.77,18.14,-2.602,-77.97,-30.01,-4.221,-84.11,-4.838,-1.623,-72.95,24.34,1.284,-73.25,13.59,1.745,-85.32,-9.869,19.35,-111.8,-64.94,-102.5,-125,-12.7,-146.5,84.96,-307.6,68.84,-26.84,-537.1,-39.55,-98.63,-128.9,63.48,-210,-249.5,-62.01,-99.11,-347.2,33.2,-139.7,18.06,-66.4,-123,-33.7,-78.12,-277.8,-18.08,-45.9,144.5,210.5,-88.85,-59.13,128.4,90.38,95.19,-371.6,-150.9,111.4,500.5,-111.3,1195,424.8,-1389,0.4274,-0.02228,0.8868,0.1587,-0.5993,0.1295,0.7116,-0.4149,0.1727,0.4707,-0.4619,0.1341,-0.482,-0.5366,-0.5569,-0.6802,-0.2461,-0.6004,-0.4838,-0.4916,-0.5978,0.7264,-0.1289,0.6675,0.6253,-0.06525,0.7733,0.5316,-0.576,0.3256,0.3467,-0.718,0.5075,0.01679,-0.2809,0.01514,-0.654,-0.3618,-0.403,-0.6437,-0.4334,-0.4393,-0.2418,-0.316,-0.1684
11.4,6.759,-0.236,3.298,13.45,0.679,2.52,8.979,-0.8412,29.63,4.158,29.53,4.038,-2.987,-0.9968,-58.31,-31.09,1.479,2.236,6.397,0.1339,57.75,41.53,15.64,21.14,-2.282,1.412,1.124,5.224,49.28,9.443,26.09,-24.59,-1.889,16.12,4.389,-10.85,-73.83,-17.64,0.6464,-15.05,7.974,9.06,-13.58,16.84,9.377,18.08,7.95,23.18,-105.4,-10.79,8.487,-105.6,-11.62,8.512,-153.9,-3.603,14.19,-76.29,-4.193,0.1478,-79.56,2.584,0.2341,-80.67,18.18,-2.405,-77.83,-31.02,-4.389,-84.16,-5.265,-1.493,-73.76,23.72,1.141,-74.02,14.29,1.832,-85.8,-9.768,19.84,-100.1,-81.06,-92.29,-115.2,12.2,-108.4,86.43,-307.6,78.12,-53.72,-536.6,-42.97,-98.15,-115.7,66.89,-202.6,-245.6,-48.83,-96.68,-357.4,54.68,-91.29,11.24,-80.07,-76.66,-82.04,-95.22,-207.5,16.09,20.03,10.23,69.32,-61.99,-34.08,132.4,36.12,71.27,-426.8,-252.9,-30.71,607.9,-183.6,1237,420.9,-1395,0.4279,-0.02185,0.8868,0.1601,-0.6005,0.1329,0.7111,-0.4156,0.1749,0.4701,-0.4624,0.1366,-0.481,-0.5381,-0.5532,-0.6799,-0.249,-0.5983,-0.4825,-0.4946,-0.5948,0.7272,-0.1274,0.6671,0.6255,-0.06452,0.7734,0.5337,-0.5737,0.3277,0.3416,-0.7208,0.5108,0.01538,-0.2843,0.01593,-0.6507,-0.3682,-0.4035,-0.6429,-0.4346,-0.4328,-0.2446,-0.3164,-0.1637
11.41,6.767,-0.187,3.29,13.39,0.6981,2.53,9.008,-1.065,29.24,4.424,29.13,4.305,-2.955,-1.024,-58.11,-31.58,1.561,2.065,6.369,-0.02959,57.51,41.56,15.67,20.58,-2.103,1.243,0.7275,4.698,50.35,8.514,26.66,-24.99,-2.239,16.12,4.592,-10.41,-74,-17.58,0.6534,-15.44,7.808,8.762,-14.01,16.71,9.066,17.89,7.852,22.86,-106.1,-10.42,8.426,-106.2,-11.47,8.456,-154.5,-3.385,14.21,-76.46,-4.181,0.1362,-79.73,2.601,0.1732,-80.44,18.24,-2.16,-77.51,-32.01,-4.693,-84.23,-5.72,-1.311,-74.55,23.18,0.9582,-74.78,14.67,1.968,-86.18,-9.784,19.91,-53.22,-85.93,-79.1,-104,10.26,-92.77,51.25,-320.3,101.1,-64.94,-540,-36.62,-93.26,-109.9,63.96,-194.8,-233.4,-38.58,-87.42,-364.3,66.89,-100.1,-32.22,-119.1,-0.9821,-93.75,-142.6,-98.15,-0.4863,36.12,-50.31,-25.91,-18.53,-6.682,76.67,-2.92,-21,-561.5,-217.3,-39.58,774.4,-202.1,1058,563,-1311,0.4284,-0.02124,0.8868,0.1614,-0.6021,0.1365,0.7104,-0.4163,0.1779,0.4691,-0.4634,0.1394,-0.48,-0.5395,-0.5492,-0.6797,-0.2519,-0.5961,-0.4811,-0.4978,-0.5915,0.7275,-0.1264,0.6672,0.6256,-0.06403,0.7734,0.5356,-0.5716,0.3294,0.3362,-0.7242,0.5132,0.01355,-0.2879,0.01697,-0.648,-0.3734,-0.4043,-0.6415,-0.4375,-0.4272,-0.2441,-0.3174,-0.1607
11.42,6.68,-0.1501,3.266,13.38,0.7414,2.523,9.033,-1.29,28.79,4.712,28.68,4.595,-2.935,-1.052,-57.91,-32.08,1.624,1.884,6.322,-0.2052,57.26,41.59,15.75,20.08,-1.923,0.9867,0.4027,4.341,51.45,7.915,27.27,-25.18,-2.583,15.91,4.752,-10.06,-74.18,-17.51,0.6703,-15.85,7.614,8.42,-14.47,16.55,8.708,17.69,7.77,22.47,-106.7,-10.03,8.358,-106.9,-11.3,8.394,-155.1,-3.147,14.21,-76.63,-4.128,0.1079,-79.88,2.563,0.1113,-80.27,18.3,-1.939,-77.25,-33.04,-4.978,-84.31,-6.18,-1.111,-75.14,22.64,0.945,-75.36,14.72,2.116,-86.48,-9.912,19.8,0.4778,-75.2,-60.06,-89.85,-7.332,-101.6,55.18,-322.3,94.73,-52.26,-548.3,-21,-71.78,-101.6,50.3,-178.7,-224.6,-30.76,-60.06,-361.3,67.87,-100.1,-71.29,-115.7,32.22,-94.73,-152.3,-16.13,12.69,-98.62,-97.69,-81.05,30.77,4.343,10.71,14.6,-119.6,-626.4,-103,41.52,888.6,-190.9,867.7,782.2,-1146,0.429,-0.02051,0.8868,0.1625,-0.604,0.1403,0.7098,-0.4169,0.1813,0.468,-0.4647,0.1425,-0.479,-0.541,-0.5449,-0.6795,-0.2548,-0.5937,-0.4798,-0.5011,-0.5879,0.728,-0.1255,0.667,0.6254,-0.0636,0.7738,0.5372,-0.5696,0.3311,0.3308,-0.7275,0.5159,0.0116,-0.2915,0.01813,-0.6466,-0.3781,-0.4051,-0.6399,-0.4411,-0.4237,-0.2423,-0.319,-0.1587
11.43,6.484,-0.1562,3.186,13.44,0.8372,2.53,9.024,-1.48,28.31,4.998,28.2,4.89,-2.939,-1.04,-57.77,-32.57,1.646,1.694,6.246,-0.3993,57.1,41.59,15.82,19.65,-1.755,0.672,0.2197,4.278,52.52,7.666,27.9,-25.25,-2.882,15.65,4.813,-9.932,-74.38,-17.43,0.7049,-16.21,7.402,8.065,-14.9,16.33,8.336,17.46,7.715,22,-107.3,-9.633,8.254,-107.6,-11.1,8.293,-155.7,-2.899,14.18,-76.85,-3.998,0.04342,-80.02,2.493,0.06043,-80.23,18.31,-1.764,-77.13,-34.08,-5.189,-84.4,-6.618,-0.8959,-75.38,22.13,1.134,-75.62,14.46,2.273,-86.69,-10.21,19.73,37.12,-65.92,-57.61,-40.05,-31.74,-107.9,95.71,-321.3,77.14,-16.59,-549.3,0,-35.17,-71.29,46.38,-129.4,-205.1,-36.62,-15.62,-356.4,79.11,-76.18,-89.35,-115.7,67.37,-82.04,-112.8,15.64,-56.64,-124.5,-124,-152.3,21.51,-51.11,-122.6,-17.06,-135.3,-551.3,-117.7,170.8,912.6,-81.55,621.1,884.2,-1058,0.4296,-0.01959,0.8868,0.1635,-0.606,0.144,0.7091,-0.4175,0.1853,0.4669,-0.4666,0.1461,-0.4779,-0.5423,-0.5406,-0.6794,-0.2575,-0.591,-0.4784,-0.5044,-0.5841,0.7289,-0.1246,0.6664,0.625,-0.06317,0.7743,0.539,-0.5675,0.3331,0.3258,-0.73,0.5193,0.009583,-0.2949,0.01941,-0.6467,-0.3819,-0.4058,-0.6389,-0.4444,-0.4229,-0.2409,-0.3218,-0.1577
11.44,6.238,-0.209,3.092,13.53,0.9629,2.542,9.014,-1.657,27.79,5.303,27.68,5.21,-2.936,-0.9954,-57.6,-33.06,1.589,1.501,6.132,-0.5987,56.96,41.6,15.82,19.29,-1.636,0.44,0.07977,4.462,53.51,7.729,28.47,-25.34,-3.026,15.62,4.833,-10.02,-74.58,-17.35,0.7634,-16.61,7.15,7.691,-15.36,16.08,7.944,17.21,7.717,21.46,-108,-9.222,8.122,-108.2,-10.86,8.163,-156.4,-2.65,14.12,-77.06,-3.824,-0.0286,-80.15,2.42,0.04908,-80.22,18.24,-1.611,-77.07,-35.14,-5.327,-84.48,-7.107,-0.7726,-75.33,21.67,1.388,-75.6,13.94,2.36,-86.82,-10.8,19.92,42.49,-35.64,-50.29,40.53,-62.01,-117.2,166,-309.6,81.05,60.05,-542.5,39.55,11.24,-54.2,33.2,-83.98,-221.7,-37.1,50.3,-337.4,86.42,-33.22,-85.94,-146,85.93,-83.99,-101.1,9.292,-39.57,-118.2,-108.9,-174.8,15.61,32.74,-118.6,26.9,-160.6,-389.2,37.12,192.9,895.5,-16.12,486.9,856.4,-951.1,0.4303,-0.0185,0.8867,0.1646,-0.6081,0.1484,0.7085,-0.4179,0.1901,0.466,-0.469,0.15,-0.4767,-0.5435,-0.5363,-0.6795,-0.26,-0.5881,-0.4771,-0.5075,-0.5802,0.7301,-0.1237,0.6655,0.6246,-0.0625,0.7747,0.5409,-0.5658,0.3356,0.3208,-0.7322,0.5231,0.00824,-0.2988,0.02039,-0.6471,-0.3847,-0.4068,-0.6379,-0.4471,-0.4248,-0.2415,-0.3268,-0.1575
11.45,6.054,-0.269,3.017,13.59,1.072,2.568,9.003,-1.829,27.26,5.628,27.15,5.551,-2.891,-0.9346,-57.37,-33.56,1.458,1.296,5.937,-0.7934,56.86,41.57,15.74,18.94,-1.519,0.236,-0.05923,4.909,54.44,8.082,29.05,-25.5,-3.089,15.84,4.842,-10.38,-74.76,-17.26,0.8217,-17.04,6.873,7.337,-15.85,15.8,7.572,16.91,7.769,20.83,-108.6,-8.794,7.955,-108.9,-10.61,7.998,-157,-2.392,14.01,-77.26,-3.675,-0.08246,-80.28,2.385,0.06021,-80.2,18.13,-1.436,-77.03,-36.17,-5.416,-84.55,-7.566,-0.6885,-74.99,21.25,1.743,-75.29,13.18,2.382,-86.94,-11.68,20.42,32.73,-29.78,-26.37,43.96,-106.9,-140.6,242.2,-305.2,82.52,138.7,-530.8,65.92,55.17,-22.46,21.97,-23.93,-231,-50.79,112.8,-322.8,100.6,16.12,-67.87,-184.1,67.87,-64.94,-157.2,-23.45,7.339,-39.55,-94.23,-59.1,-16.1,-3.007,-22.95,-38.12,-75.19,-192.9,143.6,104.5,861.3,49.32,478.1,691,-921.9,0.4311,-0.01752,0.8866,0.1661,-0.61,0.1534,0.7083,-0.4179,0.1956,0.4652,-0.4718,0.1544,-0.4756,-0.5444,-0.532,-0.6796,-0.2623,-0.5851,-0.4759,-0.5105,-0.5761,0.7312,-0.1228,0.6647,0.6244,-0.06171,0.775,0.5423,-0.5641,0.3383,0.3158,-0.734,0.527,0.007264,-0.3026,0.02124,-0.648,-0.387,-0.4078,-0.6372,-0.4492,-0.4292,-0.2445,-0.3342,-0.1577
11.46,5.996,-0.3498,2.987,13.6,1.143,2.56,8.996,-2.014,26.71,6.012,26.6,5.951,-2.795,-0.8653,-57.03,-34.09,1.27,1.088,5.704,-0.9907,56.76,41.52,15.56,18.52,-1.476,0.06412,-0.09554,5.548,55.3,8.595,29.64,-25.85,-3.085,16.3,4.793,-11.46,-74.91,-17.18,0.8718,-17.54,6.555,6.968,-16.41,15.48,7.184,16.56,7.852,20.13,-109.3,-8.339,7.742,-109.5,-10.33,7.787,-157.7,-2.152,13.87,-77.41,-3.588,-0.1081,-80.39,2.417,0.1148,-80.26,17.98,-1.324,-77.08,-37.19,-5.434,-84.62,-7.989,-0.6231,-74.41,20.83,2.176,-74.77,12.24,2.409,-87.6,-12.83,21.41,26.85,-50.29,49.8,46.87,-139.2,-103,292.5,-292,52.74,168.5,-516.1,88.38,87.41,16.12,30.76,24.4,-217.3,-62.5,154.8,-314.9,93.76,49.3,-66.89,-206.1,97.16,-103.5,-188,45.39,46.87,-80.56,-196.8,-57.59,-36.62,94.21,5.815,-90.84,10.25,-22.48,165.5,66.88,873.6,-24.42,1024,-4236,-1020,0.4318,-0.01666,0.8865,0.1681,-0.6118,0.1595,0.7084,-0.4176,0.2022,0.4646,-0.475,0.1594,-0.4746,-0.545,-0.5276,-0.6798,-0.2645,-0.5819,-0.4746,-0.5133,-0.5719,0.7319,-0.122,0.6643,0.6247,-0.06073,0.7749,0.5432,-0.5631,0.3408,0.3111,-0.7353,0.5313,0.00647,-0.306,0.02203,-0.6495,-0.3887,-0.4091,-0.6369,-0.4509,-0.4352,-0.2496,-0.3452,-0.1535
11.47,5.979,-0.4008,2.955,13.57,1.17,2.578,9.009,-2.188,26.11,6.439,26,6.391,-2.658,-0.7904,-56.48,-34.6,1.059,0.8902,5.482,-1.184,56.52,41.43,15.32,18.11,-1.41,-0.01749,-0.1767,6.016,56.08,9.244,30.29,-25.41,-3.123,13.64,4.795,-13.15,-75.04,-17.12,0.9094,-18.23,6.203,6.544,-17.17,15.15,6.741,16.15,7.947,19.41,-109.9,-7.879,7.494,-110.1,-10.05,7.539,-158.4,-1.93,13.68,-77.54,-3.561,-0.0979,-80.49,2.429,0.1766,-80.26,17.75,-1.169,-77.08,-38.18,-5.484,-84.7,-8.333,-0.5401,-74.01,20.4,2.453,-74.43,11.17,2.564,-89.07,-13.25,19.45,42.97,-70.8,100.1,102.1,-110.4,-48.83,301.3,-265.6,39.06,155.3,-530.3,105,119.6,58.59,42.97,67.38,-190.9,-60.55,196.8,-294.9,100.6,35.66,-72.76,-205.1,167,-142.1,-164.1,35.16,37.58,-86.43,-239.2,-154.3,-97.67,61.14,87.84,-22.44,125.5,169.9,107.4,-282.2,480.9,-629.4,3292,-2873,-99.58,0.4323,-0.01599,0.8864,0.171,-0.6137,0.1671,0.7088,-0.4167,0.2098,0.4641,-0.4781,0.1646,-0.4737,-0.5452,-0.5233,-0.68,-0.2664,-0.5786,-0.4733,-0.5159,-0.5676,0.7322,-0.1211,0.6642,0.6249,-0.05976,0.7749,0.5434,-0.5624,0.3437,0.3063,-0.7368,0.5352,0.005677,-0.3087,0.02301,-0.652,-0.3889,-0.4117,-0.636,-0.4547,-0.4402,-0.2284,-0.3505,-0.1453
11.48,5.933,-0.4239,2.892,13.52,1.153,2.618,9.028,-2.358,25.43,6.913,25.34,6.875,-2.453,-0.7372,-55.83,-35.06,0.8058,0.7086,5.275,-1.376,56.26,41.28,15.06,17.73,-1.286,0.03054,-0.3157,5.92,56.81,9.843,30.97,-23.54,-3.234,8.852,4.85,-14.84,-75.14,-17.05,0.9219,-19.01,5.788,6.089,-18.03,14.76,6.265,15.68,8.054,18.65,-110.4,-7.391,7.198,-110.7,-9.731,7.242,-159,-1.727,13.44,-77.68,-3.537,-0.06807,-80.56,2.411,0.2332,-80.17,17.48,-0.9424,-77.01,-39.18,-5.578,-84.8,-8.658,-0.4103,-74.18,20.01,2.383,-74.66,10.18,2.946,-91.04,-12.12,15.19,109.9,-69.34,114.7,154.3,-87.9,17.09,300.3,-205.1,32.72,212.9,-524.9,85.45,170.9,102.5,36.62,118.7,-131.8,-52.25,257.3,-276.9,113.8,32.24,-44.44,-138.7,211.4,-85.44,-37.12,-39.05,72.77,-127.9,-94.23,-59.1,-81.07,-81.52,110.8,110.4,162.1,289,92.27,66.88,-326.2,-548.8,402.8,1408,-1234,0.4329,-0.01557,0.8862,0.1743,-0.6156,0.1758,0.7094,-0.4154,0.2186,0.4639,-0.4812,0.1704,-0.4732,-0.5448,-0.5194,-0.6805,-0.268,-0.5751,-0.4721,-0.518,-0.5634,0.7325,-0.1201,0.6642,0.6248,-0.05896,0.775,0.5432,-0.5618,0.3469,0.3012,-0.7385,0.5387,0.004517,-0.3113,0.02411,-0.6552,-0.3872,-0.4159,-0.6339,-0.462,-0.4413,-0.1882,-0.3417,-0.1329
11.49,5.839,-0.4158,2.809,13.51,1.123,2.642,9.019,-2.448,24.72,7.389,24.65,7.359,-2.203,-0.6736,-55.22,-35.41,0.5236,0.5763,5.077,-1.55,56.13,41.07,14.79,17.29,-1.107,0.02518,-0.3306,6.066,57.56,10.51,31.62,-20.37,-3.302,4.763,4.844,-15.61,-75.23,-16.97,0.9349,-19.72,5.313,5.66,-18.8,14.29,5.816,15.14,8.14,17.85,-110.8,-6.917,6.868,-111.1,-9.347,6.91,-159.7,-1.547,13.12,-77.79,-3.462,-0.02842,-80.58,2.393,0.2691,-80.16,17.19,-0.7231,-77.07,-40.22,-5.585,-84.92,-9.047,-0.2532,-74.06,19.54,2.423,-74.59,9.044,3.207,-91.56,-10.01,10.94,186.5,-61.03,97.66,190.4,-54.68,75.19,309.6,-109.9,31.74,294,-517.1,78.12,215.3,123,55.66,199.2,-41.02,-31.25,381.4,-247.1,147.5,98.64,-18.06,-59.09,261.7,-16.6,34.68,-13.18,180.2,-149.9,171.8,-22.46,-109.9,-98.22,114.3,259.8,167.5,284.7,16.1,354,-1241,-736.3,-191.9,4236,2320,0.4336,-0.0152,0.886,0.1773,-0.6174,0.1848,0.7101,-0.414,0.2286,0.4637,-0.4843,0.1768,-0.4731,-0.5437,-0.516,-0.6815,-0.2689,-0.5713,-0.4714,-0.5194,-0.5592,0.733,-0.1192,0.6637,0.6247,-0.0586,0.7751,0.5428,-0.5611,0.3503,0.2963,-0.7396,0.543,0.003113,-0.3143,0.02539,-0.6596,-0.3845,-0.421,-0.6321,-0.4679,-0.4448,-0.1538,-0.3213,-0.1309
11.5,5.664,-0.3835,2.752,13.55,1.113,2.61,8.939,-2.468,24.03,7.902,23.97,7.88,-1.954,-0.593,-54.75,-35.64,0.2536,0.5346,4.89,-1.621,56.22,40.81,14.59,16.81,-0.8401,-0.2367,-0.3473,5.87,58.36,11.09,32.14,-16.41,-3.402,4.863,4.828,-14.27,-75.31,-16.89,0.9535,-20.27,4.815,5.261,-19.43,13.72,5.397,14.52,8.168,17,-111,-6.443,6.493,-111.3,-8.895,6.53,-160.2,-1.44,12.6,-77.83,-3.345,-0.00772,-80.56,2.335,0.2628,-80.13,16.92,-0.4598,-77.11,-41.28,-5.602,-85.01,-9.575,-0.06111,-74.27,18.99,2.545,-74.84,7.913,3.203,-90.12,-7.423,10.07,219.3,-24.42,74.7,225.1,-25.39,73.73,334,-5.867,14.16,369.6,-491.7,59.57,260.7,153.3,51.27,265.1,31.25,-45.41,505.8,-232.9,141.1,230,8.295,-112.3,221.7,44.43,57.62,0,294.4,-49.32,496.6,-57.59,-103.5,-149,11.78,369.2,210,190.9,-130.4,555.6,-1275,-366.2,-814.9,-669.5,566.4,0.4342,-0.01483,0.8858,0.1799,-0.6191,0.1935,0.7105,-0.4126,0.2393,0.4634,-0.4871,0.1841,-0.4735,-0.5418,-0.5132,-0.6831,-0.2691,-0.5673,-0.4711,-0.5193,-0.5553,0.7337,-0.1189,0.663,0.6243,-0.05872,0.7754,0.5418,-0.5606,0.3534,0.2912,-0.7408,0.5472,0.001221,-0.3185,0.02655,-0.6645,-0.383,-0.4255,-0.6279,-0.4745,-0.4487,-0.1538,-0.2976,-0.1401
11.51,5.462,-0.363,2.751,13.51,1.16,2.5,8.752,-2.436,23.28,8.427,23.23,8.412,-1.745,-0.5095,-54.28,-35.77,0.002646,0.652,4.727,-1.526,56.33,40.56,14.51,16.35,-0.5431,-0.6729,-0.375,5.566,59.25,11.33,32.43,-13.19,-3.472,4.378,4.8,-12.98,-75.38,-16.78,0.9758,-20.83,4.322,4.831,-20.08,13.04,4.945,13.84,8.118,16.09,-111.2,-5.943,6.077,-111.4,-8.365,6.11,-160.6,-1.475,11.84,-77.79,-3.273,-0.04123,-80.53,2.202,0.2152,-80.08,16.71,-0.2057,-77.14,-42.37,-5.617,-85.06,-10.37,0.1233,-74.6,18.37,2.758,-75.22,7.058,3.318,-88.99,-5.212,8.978,220.7,-1.467,25.87,265.6,-14.16,11.23,377.9,88.87,-0.4827,421.4,-450.7,66.41,290.5,180.7,38.09,328.1,58.11,-106,586.9,-204.6,101.1,395,69.82,-116.7,172.8,106,138.2,39.54,426.3,-50.78,954.6,-4.893,-160.7,-263.6,-17.6,511.2,222.2,119.6,-571.8,624.6,-1282,-127.4,-1231,-3503,-98.15,0.4351,-0.01447,0.8855,0.1826,-0.6209,0.2023,0.7102,-0.4114,0.2507,0.4626,-0.4898,0.1922,-0.4744,-0.5392,-0.5108,-0.6855,-0.2682,-0.5633,-0.4712,-0.5171,-0.5519,0.7341,-0.1193,0.6625,0.6234,-0.05915,0.7761,0.5403,-0.5603,0.3557,0.2858,-0.7419,0.5515,-9.77E-04,-0.3248,0.02741,-0.6684,-0.3833,-0.429,-0.6244,-0.4808,-0.4502,-0.1501,-0.2769,-0.1483
11.52,5.34,-0.3309,2.892,13.35,1.237,2.282,8.442,-2.394,22.53,8.968,22.49,8.958,-1.575,-0.4251,-53.7,-35.88,-0.2558,0.9204,4.555,-1.164,56.39,40.36,14.57,15.94,-0.2422,-1.292,-0.343,5.326,60.32,11.27,32.4,-11.53,-3.395,1.801,4.638,-12.78,-75.44,-16.67,1.007,-21.47,3.849,4.385,-20.81,12.27,4.478,13.1,7.99,15.1,-111.3,-5.434,5.659,-111.5,-7.817,5.686,-161,-1.666,10.79,-77.64,-3.325,-0.09658,-80.53,2.024,0.1316,-80.13,16.6,-0.002635,-77.31,-43.56,-5.462,-85.02,-11.56,0.2968,-74.9,17.75,3.147,-75.54,6.506,3.256,-88.98,-4.162,6.074,175.8,13.67,32.72,259.8,-5.37,-40.04,421.9,129.9,-20.51,440.4,-383.8,102.5,274.4,142.6,48.34,340.8,38.08,-100.6,575.2,-143.1,49.31,522,87.41,-75.19,120.6,74.22,270.5,123,474.1,-61.51,1340,-55.65,-196.3,-342.4,-37.64,733.8,189,-144.6,-376.9,454.6,-666,-420.9,107.9,1686,186,0.4359,-0.0141,0.8852,0.1862,-0.6225,0.2117,0.7089,-0.4106,0.2625,0.4614,-0.4925,0.2012,-0.4755,-0.5364,-0.5084,-0.6882,-0.2662,-0.5598,-0.4717,-0.5125,-0.5487,0.7336,-0.1206,0.6628,0.6221,-0.05969,0.7771,0.5388,-0.56,0.3571,0.2799,-0.7424,0.5569,-0.003723,-0.3344,0.02753,-0.6697,-0.3874,-0.4299,-0.6212,-0.4848,-0.4518,-0.127,-0.2651,-0.152
11.53,5.513,-0.2645,3.136,12.89,1.331,1.982,8.001,-2.312,21.79,9.486,21.75,9.48,-1.455,-0.3615,-52.99,-35.97,-0.5183,1.35,4.334,-0.58,56.3,40.28,14.82,15.63,0.08194,-2.009,-0.3578,4.98,61.59,11.25,31.85,-9.604,-3.155,0.115,4.462,-11.74,-75.5,-16.58,1.047,-22.25,3.402,3.913,-21.7,11.38,3.984,12.35,7.765,13.99,-111.4,-4.941,5.281,-111.6,-7.242,5.304,-161.3,-1.993,9.529,-77.4,-3.689,-0.1547,-80.54,1.828,0.009297,-80.16,16.64,0.1987,-77.53,-44.8,-5.202,-84.92,-13.29,0.4114,-75.33,17.21,3.572,-75.99,5.977,3.078,-88.24,-2.914,3.852,159.2,38.09,28.32,236.8,16.11,-7.809,426.3,104.5,-45.41,457,-304.7,114.8,245.1,63.96,45.41,286.1,-9.284,-62.5,508.8,-76.16,36.63,483.4,4.393,67.38,112.8,-7.334,326.7,311,485.4,22.47,1669,26.35,-215.3,-483.7,-91.81,875.5,170.9,-356.4,-50.76,24.91,74.26,145.5,558.1,686.9,643.6,0.4367,-0.01367,0.8848,0.1908,-0.624,0.2219,0.7066,-0.4101,0.2747,0.4593,-0.4956,0.211,-0.4768,-0.5337,-0.5062,-0.6912,-0.2633,-0.5565,-0.4727,-0.5059,-0.5462,0.7312,-0.1223,0.6649,0.6208,-0.06037,0.7782,0.5375,-0.5593,0.3574,0.2735,-0.7426,0.5627,-0.006653,-0.3484,0.02722,-0.6676,-0.3951,-0.4278,-0.617,-0.4891,-0.4533,-0.1114,-0.2516,-0.1608
11.54,6.009,-0.1236,3.345,12.12,1.402,1.729,7.488,-2.116,21.03,9.965,21,9.96,-1.37,-0.3215,-52.16,-36.05,-0.7406,1.916,4.059,0.1069,56.07,40.37,15.27,15.5,0.5313,-2.714,-0.4452,4.777,63.12,11.71,30.77,-7.266,-2.652,-1.605,4.273,-10.96,-75.57,-16.49,1.083,-23.15,2.96,3.401,-22.7,10.44,3.453,11.59,7.453,12.78,-111.5,-4.481,4.949,-111.7,-6.588,4.967,-161.3,-2.402,8.129,-77.22,-4.382,-0.1852,-80.58,1.621,-0.1564,-80.16,16.89,0.5033,-77.84,-46.09,-4.796,-84.81,-15.61,0.3874,-75.63,16.85,4.007,-76.38,5.163,3.219,-87.73,-1.444,1.942,196.8,44.92,84.97,231,71.77,38.58,409.2,80.08,-47.36,489.3,-237.3,117.7,228.5,60.55,34.18,248.1,-36.62,-23.93,436,-26.85,42,310.1,-89.35,308.6,139.2,-57.13,464.8,497.5,532.2,-112.3,1833,247.1,-122,-667.2,47.44,765.6,407.7,-563,268.1,765.2,241.2,644.1,-1333,866.2,1179,0.4374,-0.01325,0.8846,0.1956,-0.6255,0.2324,0.7037,-0.4097,0.287,0.4564,-0.499,0.2214,-0.4781,-0.5313,-0.504,-0.6946,-0.2598,-0.5528,-0.4744,-0.4974,-0.5445,0.727,-0.1232,0.6693,0.6193,-0.06122,0.7794,0.5358,-0.5579,0.3566,0.2666,-0.7423,0.5691,-0.009033,-0.3672,0.0268,-0.6661,-0.4015,-0.4251,-0.6135,-0.4953,-0.4545,-0.09809,-0.2368,-0.1674
11.55,6.491,0.01893,3.254,11.45,1.524,1.681,6.963,-1.803,20.28,10.48,20.24,10.48,-1.287,-0.3045,-51.38,-36.05,-0.883,2.557,3.746,0.7934,55.79,40.64,15.86,15.66,1.016,-3.301,-0.4266,4.749,64.87,12.57,29.17,-6.172,-2.004,-2.45,3.944,-10.74,-75.68,-16.48,1.131,-24.06,2.451,2.854,-23.71,9.405,2.891,10.86,7.017,11.46,-111.6,-4.035,4.658,-111.7,-5.832,4.67,-161.2,-2.81,6.676,-77.29,-5.035,-0.2441,-80.58,1.439,-0.3444,-80.23,17.29,0.7883,-78.34,-47.46,-4.182,-84.64,-18.5,0.3394,-75.72,16.79,4.385,-76.54,4.246,2.982,-87.59,-1.33,0.8306,368.2,42.48,209.5,285.2,112.8,76.66,378.9,78.12,-81.05,503.4,-199.2,98.15,260.7,72.75,2.445,254.9,-64.94,-12.69,394.5,13.66,52.73,158.7,-126.9,533.7,224.6,-21.48,587.9,551.3,470.7,-70.31,1579,341.3,-42.47,-516.5,151.3,793.9,515.6,-1458,-33.67,2050,-405.8,1352,782.2,1987,421.4,0.4375,-0.01251,0.8846,0.1997,-0.6274,0.2427,0.7004,-0.4093,0.2997,0.4523,-0.5028,0.2327,-0.4794,-0.5291,-0.5019,-0.6987,-0.2559,-0.5484,-0.4771,-0.4877,-0.5434,0.7232,-0.1227,0.6736,0.6179,-0.06244,0.7805,0.5354,-0.5554,0.3554,0.2593,-0.7412,0.5766,-0.01196,-0.3904,0.02606,-0.6653,-0.4055,-0.4218,-0.609,-0.4994,-0.4591,-0.08918,-0.2345,-0.1706
11.56,6.653,0.1352,2.73,11.15,1.729,1.943,6.457,-1.333,19.47,10.99,19.44,10.98,-1.184,-0.2942,-50.71,-35.96,-0.9602,3.213,3.448,1.432,55.54,41.09,16.61,16.15,1.526,-4.149,-0.3788,3.89,66.82,13.83,27.2,-4.507,-1.473,-1.783,3.53,-9.942,-75.84,-16.51,1.185,-24.89,1.847,2.276,-24.63,8.299,2.299,10.15,6.486,10.07,-111.6,-3.636,4.404,-111.7,-4.965,4.412,-160.7,-3.149,5.214,-77.73,-5.375,-0.3573,-80.51,1.253,-0.5506,-80.27,17.85,1.07,-78.85,-48.87,-3.567,-84.4,-21.82,0.3579,-76.6,17.12,4.778,-77.5,3.325,2.504,-87.63,-0.7271,0.8822,581.5,48.34,212.4,411.1,124,84.47,397,111.8,-121.1,573.7,-184.6,96.68,364.7,18.55,-46.38,347.7,-83.01,-7.324,434.1,69.35,48.34,302.8,48.83,483.9,282.7,182.1,478.5,609.9,259.8,56.15,1371,312.5,-105.4,-504.5,119.2,699.2,1481,-1768,-442.9,1767,-782.7,1203,-514.2,36.2,381.9,0.4373,-0.01154,0.8849,0.2022,-0.6296,0.2525,0.6966,-0.4088,0.3126,0.4474,-0.5067,0.2443,-0.4809,-0.5269,-0.5002,-0.7033,-0.2515,-0.5434,-0.4813,-0.4769,-0.5431,0.7216,-0.1204,0.6761,0.6165,-0.06415,0.7815,0.5362,-0.5521,0.3535,0.2517,-0.7402,0.584,-0.01624,-0.4166,0.02484,-0.665,-0.4101,-0.4147,-0.6,-0.5068,-0.4622,-0.09021,-0.2295,-0.1697
11.57,6.591,0.2662,2.157,11.07,1.966,2.236,5.977,-0.6809,18.63,11.44,18.6,11.43,-1.018,-0.2642,-50.17,-35.88,-0.9915,3.787,3.144,1.999,55.44,41.74,17.54,16.91,2.107,-4.644,-0.461,2.399,68.9,15.42,24.79,-3.47,-1.06,-1.907,3.215,-8.391,-75.97,-16.56,1.226,-25.56,1.148,1.698,-25.38,7.122,1.711,9.457,5.874,8.615,-111.6,-3.312,4.171,-111.7,-3.992,4.174,-160,-3.33,3.764,-78.17,-5.51,-0.5151,-80.4,1.051,-0.8177,-80.18,18.58,1.399,-79.21,-50.24,-3.041,-84.19,-25.55,0.4408,-78.14,17.78,4.556,-79.16,2.394,2.937,-87.71,-0.6325,1.153,585,64.94,119.6,561,119.6,73.73,507.3,194.3,-175.8,717.8,-177.7,93.26,477.6,-77.15,-148.9,506.8,-117.2,-46.39,542,89.35,35.64,626.9,283.2,408.2,257.8,335.5,361.3,736.3,188,-18.06,1194,337.4,-145,-585,180.1,745.6,1712,-950.2,-115.2,1125,-928.3,9.751,-54.7,-126.9,482,0.437,-0.01074,0.8852,0.203,-0.6322,0.2615,0.6922,-0.4085,0.3256,0.4417,-0.5107,0.2565,-0.482,-0.5249,-0.4989,-0.7085,-0.2466,-0.5376,-0.4872,-0.4655,-0.5429,0.7212,-0.1184,0.6774,0.615,-0.06647,0.7826,0.5374,-0.5481,0.3506,0.2438,-0.7396,0.5905,-0.02149,-0.4456,0.02393,-0.6615,-0.4138,-0.4072,-0.5914,-0.521,-0.4577,-0.09241,-0.2291,-0.1684
11.58,6.657,0.4233,2.016,10.98,2.17,2.205,5.416,0.1051,17.88,11.85,17.86,11.85,-0.8135,-0.1921,-49.77,-35.96,-1.031,4.275,2.822,2.499,55.53,42.65,18.53,17.75,2.678,-4.698,-0.6702,1.161,71,17.28,21.94,-2.394,-0.6833,-1.873,2.965,-7.098,-76.05,-16.66,1.269,-26.01,0.4393,1.199,-25.89,5.854,1.205,8.797,5.166,7.143,-111.8,-3.067,3.963,-111.8,-2.963,3.963,-159.1,-3.369,2.368,-78.23,-5.705,-0.6691,-80.35,0.9126,-1.12,-80.01,19.42,1.727,-79.5,-51.49,-2.583,-84.01,-29.62,0.5183,-79.48,18.59,3.907,-80.56,1.333,3.179,-87.78,-0.6562,1.411,280.8,116.7,101.1,595.2,88.38,44.44,651.4,293.5,-214.3,863.3,-124,30.27,499.5,-118.6,-206.1,617.2,-169.9,-66.9,600.6,50.78,16.59,654.3,225.1,246.1,236.3,255.4,157.2,776.9,151.9,-71.29,886.2,358.9,-136.7,-372.5,469.8,635.7,585.4,501,413.6,171.9,-502.9,-608.4,-12.21,-68.38,-104,0.4362,-0.01013,0.8856,0.2026,-0.6347,0.2694,0.6871,-0.4085,0.3386,0.4354,-0.5146,0.2689,-0.4823,-0.5237,-0.4975,-0.7139,-0.2413,-0.5316,-0.4942,-0.4539,-0.543,0.72,-0.1188,0.6787,0.6138,-0.06879,0.7834,0.539,-0.5437,0.3469,0.2363,-0.7392,0.5962,-0.02692,-0.4768,0.02344,-0.6528,-0.4183,-0.399,-0.5824,-0.5335,-0.4559,-0.09442,-0.2296,-0.1674
11.59,6.78,0.5617,2.181,10.96,2.425,1.98,4.61,0.9234,17.32,12.28,17.31,12.28,-0.6825,-0.05848,-49.58,-36.19,-1.097,4.687,2.505,3.011,55.8,43.81,19.56,18.68,3.217,-4.7,-1.041,-0.03577,73.03,19.29,18.91,-1.203,-0.515,-1.528,2.746,-5.79,-76.13,-16.83,1.34,-26.26,-0.1714,0.771,-26.19,4.439,0.7732,8.17,4.328,5.648,-112.1,-2.885,3.777,-112,-1.964,3.775,-158.2,-3.326,1.022,-78.09,-5.908,-0.863,-80.41,0.8162,-1.449,-79.82,20.33,2.058,-79.71,-52.61,-2.231,-83.88,-33.75,0.7202,-80.94,19.49,3.15,-81.99,0.2213,3.075,-87.84,-0.6641,1.631,10.24,156.7,169.4,465.8,69.33,46.39,708,328.1,-218.8,930.2,-80.56,-16.12,423.3,-74.22,-179.7,577.6,-188,-56.64,559.6,2.438,-0.4864,471.2,43.46,133.8,193.4,-50.79,42.49,610.4,69.81,-41.99,550.3,301.8,-134.3,389.5,286.2,597.6,-143.5,1180,778.8,-586.9,401.9,-183.1,81.02,14.61,-39.1,0.4349,-0.009278,0.8863,0.2018,-0.6368,0.2757,0.6808,-0.4089,0.3521,0.4281,-0.5183,0.2817,-0.4814,-0.5236,-0.4956,-0.719,-0.2357,-0.5259,-0.5017,-0.4423,-0.5432,0.7186,-0.1205,0.68,0.613,-0.07068,0.7841,0.5412,-0.5389,0.343,0.2296,-0.7391,0.6009,-0.03339,-0.5076,0.02313,-0.6451,-0.4207,-0.3913,-0.5715,-0.545,-0.456,-0.09613,-0.23,-0.1665
11.6,6.799,0.615,2.414,11.07,2.748,1.799,3.583,1.734,16.84,12.68,16.83,12.68,-0.6697,0.1023,-49.52,-36.56,-1.088,5.09,2.228,3.517,56.12,45.12,20.6,19.35,3.621,-4.776,-1.517,-1.034,74.94,20.97,16.06,-0.08013,-0.5892,-1.438,2.56,-4.503,-76.24,-17.02,1.451,-26.39,-0.6917,0.3399,-26.37,2.891,0.3403,7.61,3.296,4.126,-112.5,-2.72,3.628,-112.4,-0.99,3.624,-157.2,-3.235,-0.2487,-78.03,-5.982,-1.086,-80.61,0.7437,-1.725,-79.63,21.28,2.361,-79.87,-53.56,-1.985,-83.79,-37.53,1.069,-82.31,20.13,2.562,-83.38,-0.8152,3.211,-87.88,-0.6404,1.832,-61.52,169.4,221.7,299.8,50.29,134.3,597.6,283.7,-163.1,843.8,8.3,-63.48,316.9,23.93,-122.6,426.7,-149.4,3.42,397,-54.19,6.828,211.9,-107.4,-21,116.2,-333.5,-25.39,432.6,-0.4863,1.46,212.9,166,-118.2,-66.82,268.1,177.7,-414.6,1395,407.7,-816.5,1001,-178.7,32.64,-160.2,-152.4,0.4335,-0.008057,0.887,0.2008,-0.6392,0.2806,0.6733,-0.4098,0.366,0.4194,-0.5216,0.2951,-0.4797,-0.5245,-0.4928,-0.7239,-0.2301,-0.5203,-0.5091,-0.4311,-0.5434,0.718,-0.1221,0.6804,0.6125,-0.07148,0.7847,0.544,-0.5338,0.3388,0.224,-0.739,0.6047,-0.04059,-0.5351,0.02289,-0.6424,-0.4206,-0.3868,-0.5617,-0.5565,-0.4548,-0.09778,-0.2301,-0.1657
11.61,6.793,0.6041,2.56,11.23,3.038,1.78,2.453,2.562,16.33,13.07,16.32,13.07,-0.7476,0.2454,-49.5,-37.01,-0.9249,5.423,2.027,3.985,56.4,46.4,21.69,19.58,3.864,-4.852,-2.008,-1.949,76.77,21.96,13.23,0.8457,-0.7772,-1.528,2.517,-3.284,-76.34,-17.22,1.557,-26.5,-1.177,-0.1904,-26.51,1.276,-0.1904,7.146,2.092,2.576,-113.1,-2.566,3.506,-112.9,-0.008866,3.502,-156.3,-3.014,-1.443,-78.12,-6.028,-1.267,-80.86,0.6788,-1.892,-79.45,22.28,2.642,-79.96,-54.39,-1.852,-83.87,-41.18,1.546,-83.61,20.33,2.116,-84.68,-1.602,3.399,-87.91,-0.5636,1.908,-17.59,133.8,243.6,210.9,0,176.3,387.2,181.6,-98.15,660.1,99.12,-16.6,207,88.38,-71.78,292.5,-94.73,44.43,260.8,-83.5,33.2,-0.4874,-197.3,-117.7,84.48,-424.8,-61.05,381.8,-63.49,-25.39,-54.69,107.9,-67.39,284.3,327.6,333.6,-567.4,1287,-15.63,-725.6,1077,-411.2,21.47,-74.2,-36.59,0.432,-0.006897,0.8878,0.1995,-0.6423,0.2846,0.665,-0.4112,0.38,0.4093,-0.5247,0.3087,-0.4774,-0.526,-0.4895,-0.7287,-0.2247,-0.5143,-0.5166,-0.4209,-0.5428,0.7177,-0.1224,0.6809,0.6121,-0.07123,0.7852,0.5473,-0.5285,0.3344,0.2193,-0.7392,0.6076,-0.04792,-0.561,0.0235,-0.6444,-0.4185,-0.387,-0.5533,-0.5666,-0.4526,-0.09846,-0.2295,-0.1653
11.62,6.77,0.5273,2.655,11.41,3.267,1.805,1.39,3.403,15.76,13.46,15.73,13.46,-0.8776,0.3672,-49.56,-37.45,-0.6065,5.654,1.817,4.438,56.67,47.55,22.79,19.54,3.965,-4.916,-2.391,-2.263,78.5,22.58,10.67,1.694,-1.162,-1.503,2.473,-2.726,-76.47,-17.45,1.682,-26.55,-1.696,-0.8126,-26.57,-0.3061,-0.8125,6.768,0.7973,0.9699,-113.6,-2.41,3.426,-113.4,0.9863,3.423,-155.6,-2.611,-2.575,-78.27,-6.077,-1.364,-81.12,0.6032,-1.91,-79.32,23.27,2.914,-80.13,-55.11,-1.688,-84.03,-44.45,2.236,-84.21,20.23,2.05,-85.29,-2.324,3.421,-87.91,-0.469,1.941,62.98,107.4,262.2,168.5,-106.5,168,218.8,116.7,-55.18,509.8,168,-38.08,138.7,152.8,-47.85,222.7,-68.85,45.9,222.2,-78.13,9.765,-126,-212.4,-60.54,109.9,-316.9,-51.75,283.7,-103,-81.07,-373.5,83,-71.31,-42.43,438,163.1,-434.1,1161,-528.8,-621.6,1079,0,8.823,-35.68,1.432,0.4303,-0.005493,0.8886,0.1973,-0.6463,0.288,0.6565,-0.4127,0.3936,0.3982,-0.528,0.3226,-0.4749,-0.5282,-0.4855,-0.7333,-0.2196,-0.5078,-0.5243,-0.412,-0.5408,0.7176,-0.122,0.6813,0.6117,-0.06995,0.7857,0.5508,-0.5229,0.3301,0.2155,-0.7392,0.6104,-0.05616,-0.5835,0.02411,-0.6479,-0.417,-0.3888,-0.5478,-0.5724,-0.4534,-0.09882,-0.2288,-0.1651
11.63,6.649,0.4079,2.721,11.63,3.42,1.818,0.4346,4.256,15.13,13.82,15.11,13.81,-0.9778,0.4372,-49.72,-37.8,-0.2144,5.811,1.513,4.9,56.99,48.48,23.9,19.4,4.005,-4.769,-2.645,-1.82,80.13,23.06,8.297,2.503,-1.823,-1.576,2.556,-3.011,-76.62,-17.66,1.799,-26.51,-2.245,-1.449,-26.52,-1.81,-1.449,6.475,-0.5148,-0.6881,-114.1,-2.248,3.385,-113.8,2,3.385,-155,-2.058,-3.687,-78.43,-6.07,-1.398,-81.33,0.4908,-1.82,-79.24,24.26,3.201,-80.3,-55.74,-1.62,-84.43,-47.44,3.258,-83.91,19.96,2.174,-85.06,-3.062,3.522,-87.91,-0.3783,1.965,108.9,101.1,250.5,132.3,-218.3,107.4,117.2,83.49,-25.39,413.1,216.8,-31.74,116.7,168.9,-46.38,202.1,-56.65,49.31,263.7,-49.81,-20.02,-121.1,-157.7,22.45,120.1,-97.16,0,218.7,-94.75,-88.37,-566.9,183.1,-55.15,-813.8,493.7,193.4,-225.1,786.1,-426.8,-194.8,902.9,248.5,-126.9,42.01,27.38,0.4287,-0.004089,0.8895,0.1941,-0.6505,0.2907,0.6483,-0.4141,0.4065,0.3864,-0.5315,0.3363,-0.4723,-0.5308,-0.4812,-0.7379,-0.2148,-0.5006,-0.5323,-0.4041,-0.5373,0.7178,-0.1212,0.6814,0.6111,-0.06812,0.7864,0.5541,-0.5172,0.326,0.2127,-0.7392,0.6127,-0.06561,-0.6035,0.02539,-0.65,-0.4159,-0.3916,-0.5466,-0.5745,-0.4569,-0.09912,-0.228,-0.165
11.64,6.467,0.3197,2.768,11.87,3.454,1.829,-0.4098,5.12,14.53,14.17,14.5,14.16,-0.9909,0.4797,-49.93,-38.07,0.1861,5.909,1.066,5.378,57.34,49.17,24.97,19.17,4.029,-4.554,-2.847,-0.9239,81.52,23.36,5.724,3.186,-2.636,-1.636,2.763,-3.795,-76.76,-17.85,1.878,-26.41,-2.805,-2.036,-26.39,-3.215,-2.037,6.273,-1.794,-2.383,-114.4,-2.093,3.329,-114.1,3.018,3.331,-154.6,-1.427,-4.82,-78.56,-6.027,-1.353,-81.5,0.3572,-1.683,-79.14,25.17,3.509,-80.29,-56.19,-1.801,-84.92,-50.47,4.411,-83.07,19.56,2.441,-84.31,-3.767,3.686,-87.9,-0.3448,2.074,98.64,87.89,219.2,74.71,-267.6,56.16,88.88,93.26,19.05,345.2,251.5,-48.83,142.6,151.9,-51.27,196.8,-89.36,29.78,298.8,-10.75,-61.04,-46.38,-112.3,-4.393,132.8,117.7,36.14,157.7,-68.35,-50.78,-633.8,346.7,-61.99,-385.9,63.51,159.7,-2.425,157.3,-207,220.2,454.1,-35.14,-94.26,-132.8,71.31,0.4271,-0.002991,0.8903,0.1903,-0.6546,0.2929,0.6404,-0.4154,0.4185,0.3743,-0.5354,0.3496,-0.4696,-0.5334,-0.4767,-0.7422,-0.2107,-0.4928,-0.5401,-0.3968,-0.5327,0.7182,-0.1201,0.6812,0.6104,-0.06623,0.7872,0.5571,-0.5118,0.3223,0.2112,-0.7397,0.6136,-0.07538,-0.6232,0.02655,-0.6515,-0.4154,-0.3952,-0.5485,-0.5742,-0.4617,-0.1001,-0.2279,-0.1649
11.65,6.246,0.2661,2.749,12.16,3.399,1.889,-1.197,5.981,13.97,14.52,13.94,14.51,-0.9453,0.5093,-50.19,-38.26,0.5513,5.976,0.5296,5.864,57.7,49.61,25.97,18.83,4.048,-4.491,-3.121,0.3158,82.69,23.54,3.569,3.754,-3.233,-1.583,3.14,-4.956,-76.88,-18.05,1.908,-26.23,-3.332,-2.584,-26.18,-4.527,-2.587,6.162,-2.995,-4.078,-114.7,-1.962,3.239,-114.4,4.01,3.245,-154.3,-0.7885,-5.974,-78.73,-5.933,-1.267,-81.63,0.2379,-1.538,-78.91,26.03,3.861,-80.07,-56.46,-2.166,-85.5,-52.89,5.402,-81.82,19.05,2.973,-83.2,-4.45,3.72,-87.9,-0.3803,2.173,54.2,65.92,182.6,58.11,-218.3,35.16,105,134.8,35.65,299.8,293.9,-37.6,181.1,151.9,-74.22,193.4,-113.8,-1.958,305.7,25.88,-71.29,89.83,14.65,-67.38,149.4,290,28.33,55.17,-58.1,-38.09,-626,370.1,-25.87,-336.8,-30.3,427.3,390.6,-545.4,-214.3,441.9,-71.82,-276.8,-26.32,-145.9,-23.44,0.4256,-0.002258,0.8911,0.1863,-0.6584,0.2946,0.6327,-0.4169,0.4298,0.3623,-0.5396,0.3621,-0.4666,-0.5358,-0.4724,-0.746,-0.2077,-0.4845,-0.5473,-0.3901,-0.5273,0.7189,-0.1187,0.6807,0.6097,-0.06446,0.7879,0.5601,-0.5065,0.3189,0.2103,-0.7409,0.6133,-0.08252,-0.6388,0.02808,-0.6529,-0.4161,-0.3983,-0.5517,-0.5716,-0.4682,-0.1009,-0.2283,-0.1647
11.66,6.015,0.2546,2.666,12.45,3.322,2.015,-1.922,6.83,13.41,14.86,13.38,14.85,-0.8573,0.5689,-50.44,-38.39,0.8319,5.996,-0.05307,6.359,58.03,49.79,26.87,18.48,4.078,-4.542,-3.369,1.61,83.56,23.72,2.269,4.367,-3.366,-1.49,3.696,-6.167,-76.97,-18.22,1.904,-26.03,-3.844,-3.111,-25.93,-5.763,-3.12,6.132,-4.068,-5.755,-114.9,-1.863,3.091,-114.6,4.957,3.101,-154.2,-0.1645,-7.164,-78.93,-5.814,-1.186,-81.74,0.1322,-1.441,-78.7,26.8,4.168,-79.97,-56.53,-2.31,-86.46,-54.24,6.323,-80.52,18.51,3.561,-82.01,-5.167,3.636,-87.89,-0.4158,2.198,17.08,61.53,127.4,70.8,-143.1,12.21,119.6,168,28.32,241.7,324.7,-26.85,185.5,141.1,-68.36,237.8,-89.84,-3.904,293.9,54.19,-50.3,212.9,152.3,-69.35,156.7,377.9,63.47,41.5,-39.08,18.06,-695.8,426.7,55.15,-1535,113.7,625.9,624.5,-828.6,-307.1,561,-494.1,-343.2,-33.67,-100.1,-31.76,0.4243,-0.001892,0.8919,0.1822,-0.6622,0.296,0.6251,-0.4185,0.4403,0.3507,-0.5442,0.3736,-0.4635,-0.5379,-0.4685,-0.749,-0.2059,-0.4757,-0.5539,-0.3839,-0.521,0.7199,-0.117,0.68,0.6091,-0.06317,0.7885,0.5629,-0.5017,0.3156,0.2102,-0.7413,0.6131,-0.08588,-0.6474,0.03217,-0.6541,-0.4174,-0.4008,-0.5546,-0.5683,-0.4756,-0.1011,-0.2286,-0.1647
11.67,5.857,0.267,2.564,12.66,3.263,2.137,-2.612,7.655,12.84,15.19,12.82,15.17,-0.744,0.672,-50.69,-38.41,0.9739,5.96,-0.6357,6.815,58.29,49.7,27.69,18.22,4.114,-4.637,-3.551,2.466,84.17,23.95,1.472,4.905,-3.387,-1.385,4.338,-6.947,-77.03,-18.36,1.883,-25.82,-4.342,-3.617,-25.65,-6.949,-3.634,6.198,-4.972,-7.388,-115.1,-1.795,2.886,-114.7,5.851,2.9,-154.3,0.4357,-8.351,-79.12,-5.748,-1.138,-81.81,0.0446,-1.401,-78.55,27.51,4.387,-79.93,-56.42,-2.382,-87.59,-54.89,7.274,-79.69,18.1,3.97,-81.24,-5.795,3.477,-87.87,-0.4729,2.159,-8.302,51.76,103,94.73,-109.4,-20.02,125,183.1,8.299,217.8,358.9,8.793,164.1,176.3,-46.38,263.7,-39.56,-27.83,303.2,78.13,-57.62,285.2,238.3,-65.91,228,376.5,76.66,71.79,-40.06,59.07,-767.6,558.6,114.8,-1226,30.3,822.8,403.3,-609.8,-301.8,401.4,-584,-329.6,-2.5,-73.68,-29.26,0.4231,-0.001709,0.8925,0.1781,-0.6657,0.2974,0.6175,-0.4204,0.4499,0.3397,-0.5493,0.3837,-0.4602,-0.5394,-0.4652,-0.7514,-0.205,-0.4666,-0.5596,-0.3784,-0.5139,0.7205,-0.1156,0.6797,0.6085,-0.06244,0.789,0.5652,-0.4977,0.3123,0.211,-0.7414,0.6125,-0.0879,-0.6516,0.03736,-0.6551,-0.4184,-0.4027,-0.5555,-0.5665,-0.4815,-0.1007,-0.229,-0.165
11.68,5.851,0.3077,2.474,12.75,3.241,2.231,-3.289,8.439,12.33,15.54,12.31,15.52,-0.6316,0.7996,-50.92,-38.32,0.9633,5.914,-1.228,7.224,58.47,49.28,28.41,18.05,4.204,-4.73,-3.732,2.639,84.46,24.23,0.7757,5.389,-3.023,-1.309,4.882,-7.044,-77.09,-18.5,1.862,-25.6,-4.806,-4.09,-25.36,-8.087,-4.116,6.347,-5.698,-8.977,-115,-1.726,2.642,-114.6,6.705,2.66,-154.7,0.9772,-9.537,-79.27,-5.798,-1.125,-81.88,-0.009532,-1.426,-78.42,28.16,4.587,-79.78,-56.02,-2.618,-88.4,-55.17,7.491,-79.57,17.86,4.084,-81.13,-6.315,3.303,-87.85,-0.5261,2.065,1.941,33.2,78.61,101.5,-112.8,-56.65,112.3,159.7,-20.51,208,381.3,17.09,135.3,193.4,-16.11,269.5,27.34,-32.72,292.5,100.1,-61.04,247.6,259.8,-39.07,263.2,283.2,64.95,85.95,-58.58,53.7,-814,635.3,82.51,913.7,341.9,1319,39.58,-184.6,-130.9,64.49,-370.1,-135.7,21.47,43.95,6.352,0.422,-0.001587,0.8931,0.1742,-0.6691,0.2985,0.6098,-0.4224,0.4588,0.3295,-0.5548,0.3924,-0.4574,-0.5404,-0.4624,-0.7533,-0.2045,-0.4576,-0.5643,-0.3739,-0.5061,0.7204,-0.1146,0.6801,0.6082,-0.06226,0.7893,0.5667,-0.4944,0.309,0.2135,-0.7419,0.6106,-0.08527,-0.6538,0.04205,-0.6548,-0.4198,-0.4035,-0.5533,-0.5674,-0.4848,-0.09992,-0.2293,-0.1654
11.69,5.932,0.3395,2.407,12.76,3.259,2.287,-3.928,9.161,11.84,15.92,11.83,15.9,-0.497,0.91,-51.12,-38.07,0.8058,5.899,-1.789,7.562,58.53,48.51,29.06,17.97,4.293,-4.929,-3.852,2.322,84.34,24.55,0.9918,5.809,-2.981,-1.3,5.377,-6.615,-77.15,-18.64,1.838,-25.41,-5.259,-4.522,-25.1,-9.173,-4.561,6.567,-6.243,-10.48,-114.8,-1.626,2.385,-114.5,7.527,2.405,-155.2,1.423,-10.69,-79.39,-5.924,-1.155,-81.94,-0.05612,-1.486,-78.37,28.75,4.715,-79.67,-55.3,-2.833,-88.96,-54.22,7.699,-79.99,17.76,4.113,-81.55,-6.743,3.22,-87.83,-0.5675,1.985,48.83,36.62,44.43,102.5,-162.1,-73.73,107.4,121.6,-47.85,230.5,398.9,19.53,104,189,13.18,244.6,78.12,-30.76,260.3,128.9,-67.38,175.3,231.9,-11.24,211.4,137.2,43.95,96.19,-82.5,57.13,-641.6,554.2,84.49,-1124,880.8,585.9,6.835,117.7,-88.87,-111.8,-51.78,69.79,5.882,150.9,48.85,0.4209,-0.001465,0.8937,0.1705,-0.672,0.2999,0.6023,-0.4243,0.4669,0.3203,-0.5607,0.3995,-0.4552,-0.5406,-0.4601,-0.7549,-0.204,-0.4489,-0.5676,-0.3703,-0.4978,0.7197,-0.1139,0.681,0.6079,-0.06232,0.7896,0.5675,-0.4917,0.3057,0.218,-0.742,0.6078,-0.08332,-0.6478,0.0459,-0.6537,-0.4223,-0.4024,-0.5493,-0.5708,-0.4856,-0.09925,-0.2296,-0.1658
11.7,6.019,0.3445,2.375,12.77,3.295,2.304,-4.483,9.848,11.36,16.3,11.36,16.27,-0.3329,1.014,-51.23,-37.65,0.5655,5.925,-2.344,7.812,58.4,47.4,29.68,17.91,4.376,-5.11,-3.963,1.741,83.88,24.86,1.456,6.175,-3.145,-1.308,5.472,-5.911,-77.22,-18.76,1.816,-25.32,-5.728,-4.915,-24.93,-10.19,-4.969,6.855,-6.641,-11.93,-114.5,-1.514,2.121,-114.1,8.327,2.143,-156,1.766,-11.81,-79.5,-6.043,-1.204,-82.01,-0.08939,-1.538,-78.35,29.32,4.841,-79.89,-54.27,-2.589,-89.04,-52.71,7.85,-80.69,17.7,4.051,-82.26,-7.115,3.232,-87.81,-0.6148,1.981,59.58,46.87,40.52,90.82,-186,-58.59,98.62,88.87,-81.05,261.2,418.5,10.25,81.54,161.1,22.94,211.9,135.2,-0.4838,198.7,187,-55.18,124.5,161.6,12.2,93.75,11.72,25.39,47.36,-129.9,37.61,-532.2,504.9,92.76,-1317,520.4,492.2,-1.929,157.7,-44.91,-168,161.6,123.5,-5.441,83.51,41.51,0.4199,-0.001282,0.8943,0.1673,-0.6746,0.3019,0.5952,-0.4261,0.4745,0.3116,-0.5669,0.4054,-0.4539,-0.5401,-0.4585,-0.7563,-0.2033,-0.4406,-0.5696,-0.3676,-0.4892,0.7191,-0.1135,0.6818,0.6077,-0.06226,0.7898,0.5679,-0.4892,0.3025,0.2236,-0.7405,0.6056,-0.08338,-0.6377,0.04706,-0.6521,-0.425,-0.401,-0.5444,-0.5757,-0.4848,-0.09919,-0.2299,-0.166
11.71,6.07,0.3092,2.36,12.8,3.328,2.307,-4.985,10.51,10.88,16.7,10.88,16.67,-0.1763,1.098,-51.2,-37.09,0.3061,5.984,-2.803,7.957,58.07,46.05,30.28,17.83,4.409,-5.214,-3.988,1.142,83.2,25.13,1.807,6.497,-3.461,-1.317,5.458,-5.218,-77.31,-18.88,1.796,-25.39,-6.203,-5.297,-24.92,-11.17,-5.368,7.165,-6.948,-13.27,-114.1,-1.375,1.86,-113.7,9.133,1.883,-156.8,2.03,-12.87,-79.6,-6.128,-1.251,-82.1,-0.1239,-1.548,-78.41,29.88,4.918,-80.23,-53.04,-2.224,-89.05,-51.12,8.115,-81.41,17.63,3.952,-82.99,-7.452,3.288,-87.83,-0.666,2.019,28.31,45.41,28.82,87.4,-206.1,-35.16,87.41,70.79,-116.7,264.6,412.6,-3.42,61.04,96.68,5.857,178.7,144.5,-6.345,161.6,249,-46.88,89.34,90.82,28.81,-5.852,-65.44,9.771,21.49,-262.2,86.43,-437,541.5,138.2,-1361,309.1,303.3,11.74,167.4,17.09,-194.8,272.5,101.5,-10.73,-7.756,4.921,0.419,-0.001038,0.8948,0.165,-0.6769,0.3049,0.5887,-0.4275,0.4818,0.3037,-0.5728,0.4103,-0.4534,-0.5389,-0.4575,-0.7579,-0.2022,-0.4328,-0.5707,-0.3657,-0.4805,0.7187,-0.113,0.6825,0.6075,-0.06183,0.79,0.5682,-0.4868,0.2993,0.2305,-0.7383,0.6032,-0.08472,-0.6269,0.04767,-0.6502,-0.4279,-0.3997,-0.5397,-0.5805,-0.4835,-0.09943,-0.2304,-0.1658
11.72,6.144,0.2703,2.361,12.79,3.32,2.31,-5.426,11.18,10.39,17.07,10.39,17.03,-0.02461,1.171,-50.97,-36.42,0.09263,6.038,-3.169,8.004,57.52,44.54,30.87,17.66,4.37,-5.231,-3.761,0.7912,82.35,25.27,1.978,6.809,-3.859,-1.324,5.378,-4.774,-77.41,-18.97,1.764,-25.66,-6.676,-5.653,-25.12,-12.08,-5.742,7.484,-7.209,-14.5,-113.5,-1.233,1.599,-113.2,9.943,1.623,-157.7,2.245,-13.87,-79.7,-6.235,-1.269,-82.21,-0.155,-1.525,-78.76,30.46,4.814,-80.72,-51.64,-1.882,-89.12,-49.53,8.379,-81.87,17.44,3.88,-83.45,-7.781,3.329,-87.82,-0.7055,2.045,-12.69,33.2,27.34,80.55,-189.9,-20.51,52.73,67.87,-133.3,240.7,410.6,-21.48,25.87,17.58,-20.51,147.5,165,-22.95,117.7,293,-43.45,23.43,22.45,23.44,-41.98,-92.28,6.347,35.65,-366.7,76.18,-255.4,615.8,141.6,-1404,67.94,203.1,-38.09,146,14.64,-168,329.1,48.35,17.06,-28.31,-10.74,0.4183,-8.55E-04,0.8953,0.1639,-0.6786,0.309,0.5829,-0.4283,0.4888,0.2963,-0.5783,0.4145,-0.4534,-0.5373,-0.4571,-0.7594,-0.2007,-0.4253,-0.5711,-0.3645,-0.4717,0.7181,-0.1124,0.6832,0.6073,-0.0611,0.7902,0.5687,-0.4845,0.296,0.2395,-0.7356,0.6005,-0.08576,-0.6159,0.04871,-0.6478,-0.4309,-0.3991,-0.5363,-0.5841,-0.4831,-0.09961,-0.2308,-0.1658
11.73,6.199,0.2554,2.39,12.78,3.274,2.314,-5.802,11.83,9.917,17.41,9.916,17.37,0.1175,1.259,-50.5,-35.69,-0.05425,6.081,-3.453,7.994,56.76,42.99,31.44,17.36,4.267,-5.193,-3.394,0.7389,81.3,25.32,1.891,7.166,-3.964,-1.323,5.235,-4.637,-77.5,-19.05,1.743,-26.17,-7.163,-5.956,-25.55,-12.93,-6.063,7.782,-7.462,-15.61,-112.9,-1.099,1.347,-112.6,10.73,1.371,-158.7,2.41,-14.82,-79.8,-6.318,-1.241,-82.34,-0.1833,-1.481,-79.28,31.04,4.583,-81.44,-50.06,-1.313,-89.34,-48.02,8.537,-82.03,17.13,3.871,-83.61,-8.144,3.335,-87.82,-0.7192,2.048,-18.54,33.2,20.51,75.19,-149.9,20.51,17.59,81.55,-156.7,210,397,-28.32,-6.343,-38.58,-36.62,108.4,158.7,-27.83,88.39,349.6,-53.71,-46.38,-35.65,16.12,-11.23,-69.82,-23.45,29.8,-412.6,37.1,-182.6,647,199.7,-1203,54.63,216.3,-75.19,103,64.46,-117.2,345.7,95.74,27.79,35.16,-12.7,0.4177,-6.10E-04,0.8957,0.1641,-0.6797,0.3146,0.578,-0.4286,0.4956,0.2894,-0.5832,0.4184,-0.4537,-0.5354,-0.4571,-0.761,-0.199,-0.4182,-0.5711,-0.3634,-0.4633,0.7177,-0.1116,0.6838,0.6072,-0.06012,0.7904,0.5697,-0.4822,0.2928,0.2495,-0.7315,0.5982,-0.08515,-0.6056,0.05097,-0.6453,-0.4341,-0.3995,-0.5341,-0.5862,-0.4841,-0.09962,-0.2309,-0.1658
11.74,6.18,0.2712,2.398,12.82,3.197,2.349,-6.121,12.5,9.438,17.72,9.434,17.67,0.2584,1.351,-49.83,-34.9,-0.1328,6.093,-3.617,7.916,55.84,41.45,31.99,17,4.154,-5.15,-3.075,0.8889,80.07,25.29,1.629,7.539,-3.756,-1.316,5.107,-4.671,-77.6,-19.11,1.718,-26.89,-7.665,-6.219,-26.21,-13.75,-6.346,8.035,-7.712,-16.58,-112.2,-0.9864,1.106,-111.9,11.51,1.128,-159.5,2.563,-15.71,-79.93,-6.339,-1.185,-82.48,-0.2212,-1.44,-79.76,31.58,4.355,-82.2,-48.32,-0.603,-89.66,-46.51,8.573,-81.99,16.71,3.914,-83.58,-8.528,3.326,-87.8,-0.7311,2.044,-26.37,31.25,19.05,63.47,-76.66,38.09,-32.72,94.72,-173.8,181.6,398.9,-71.78,-37.59,-76.66,-49.32,89.36,170.9,-15.63,62,397.4,-44.91,-74.24,-76.66,15.14,15.14,-47.36,-19.04,7.327,-390.1,14.16,-259.8,567.9,292,-1072,151.3,237.8,-47.35,76.63,95.72,-24.91,244.1,87.44,-8.235,53.65,-14.67,0.4172,-3.66E-04,0.8961,0.1654,-0.6803,0.3214,0.5738,-0.4283,0.5023,0.2833,-0.5871,0.4219,-0.4541,-0.5335,-0.4574,-0.7624,-0.1973,-0.4115,-0.5711,-0.3625,-0.4552,0.7177,-0.1105,0.684,0.607,-0.05909,0.7907,0.571,-0.4798,0.2899,0.2598,-0.7265,0.5961,-0.08301,-0.5953,0.05414,-0.6427,-0.4375,-0.4004,-0.5328,-0.5874,-0.4858,-0.09962,-0.231,-0.166
11.75,6.125,0.3029,2.381,12.87,3.128,2.403,-6.368,13.16,8.957,17.98,8.949,17.93,0.3803,1.451,-48.99,-34.11,-0.1014,6.067,-3.685,7.817,54.85,40.01,32.49,16.59,4.07,-5.135,-2.749,1.077,78.65,25.21,1.24,7.919,-3.481,-1.347,4.989,-4.734,-77.72,-19.15,1.708,-27.78,-8.183,-6.445,-27.05,-14.51,-6.591,8.21,-8.003,-17.42,-111.5,-0.8845,0.8863,-111.3,12.27,0.9069,-160.3,2.727,-16.54,-80.1,-6.327,-1.124,-82.62,-0.2629,-1.408,-80.27,32.06,4.13,-82.93,-46.45,0.04565,-89.99,-44.99,8.532,-81.92,16.25,3.981,-83.52,-8.908,3.354,-87.78,-0.7252,2.039,-32.22,30.76,1.954,59.08,8.795,70.31,-52.73,129.9,-169.4,158.7,396.5,-91.79,-60.07,-91.3,-59.08,83.01,188,-13.19,29.3,425.3,-36.63,-70.79,-68.37,-11.24,25.88,-18.55,-5.365,-11.7,-338.8,64.46,-343.8,462.4,297.4,-1036,222.2,221.2,23.43,83.99,77.16,26.39,53.68,51.25,-33.23,23.92,20.49,0.4168,0,0.8965,0.1677,-0.6803,0.3293,0.5704,-0.4276,0.5088,0.2779,-0.5901,0.4256,-0.4544,-0.5317,-0.4577,-0.7638,-0.1956,-0.405,-0.5714,-0.3614,-0.4477,0.718,-0.1091,0.684,0.6068,-0.05811,0.791,0.5722,-0.4776,0.2875,0.2709,-0.7211,0.5933,-0.08014,-0.585,0.05762,-0.6402,-0.441,-0.4016,-0.5317,-0.5886,-0.4873,-0.09962,-0.2309,-0.1662
11.76,6.074,0.3457,2.355,12.9,3.065,2.448,-6.572,13.8,8.484,18.2,8.47,18.14,0.4951,1.556,-48.1,-33.33,-0.009704,6.005,-3.671,7.706,53.89,38.74,32.94,16.21,4.008,-5.125,-2.405,1.276,77.05,25.14,0.7119,8.254,-3.249,-1.353,4.861,-4.821,-77.84,-19.18,1.703,-28.75,-8.699,-6.631,-27.96,-15.23,-6.794,8.29,-8.324,-18.13,-110.9,-0.7991,0.6861,-110.7,13,0.7042,-161,2.906,-17.31,-80.26,-6.325,-1.063,-82.75,-0.3094,-1.388,-80.79,32.49,3.892,-83.58,-44.45,0.559,-90.28,-43.5,8.431,-81.83,15.81,4.043,-83.44,-9.269,3.383,-87.77,-0.7449,2.061,-50.29,29.78,-16.6,38.08,89.36,73.73,-81.56,155.3,-155.8,115.2,394.5,-87.4,-75.67,-103.5,-60.06,58.58,193.4,-20.02,-7.811,441.9,-53.71,-57.63,-40.54,-29.79,2.926,26.86,8.31,-41.01,-292,115.7,-396,377.9,183.6,-971.2,242.2,269,68.35,80.55,49.3,63.01,-100.6,21.03,-34.7,-0.5171,40.53,0.4166,4.27E-04,0.8967,0.1704,-0.68,0.3375,0.5675,-0.4267,0.5151,0.2733,-0.592,0.4294,-0.4545,-0.5302,-0.4579,-0.7651,-0.194,-0.3988,-0.572,-0.3602,-0.4408,0.7182,-0.1078,0.6841,0.6066,-0.05725,0.7913,0.5732,-0.4755,0.2854,0.2829,-0.7156,0.5898,-0.07709,-0.5747,0.06079,-0.6381,-0.4441,-0.4029,-0.5308,-0.5897,-0.4889,-0.0998,-0.2311,-0.1663
11.77,6.041,0.3791,2.315,12.9,3.027,2.44,-6.733,14.43,8.033,18.39,8.012,18.32,0.5838,1.664,-47.24,-32.57,0.1372,5.91,-3.615,7.595,53.05,37.65,33.32,15.88,3.988,-5.123,-1.946,1.45,75.27,25.08,0.006716,8.565,-3.034,-1.348,4.607,-4.91,-77.99,-19.21,1.711,-29.7,-9.192,-6.799,-28.87,-15.88,-6.978,8.28,-8.663,-18.73,-110.3,-0.7316,0.5152,-110.1,13.7,0.5303,-161.5,3.113,-18.02,-80.4,-6.35,-1.017,-82.84,-0.3662,-1.374,-81.42,32.84,3.608,-84.29,-42.34,1.07,-90.5,-42.08,8.279,-81.73,15.41,4.097,-83.36,-9.621,3.406,-87.75,-0.7803,2.09,-55.66,27.83,-29.78,10.24,170.9,87.4,-106.4,184.1,-163.1,67.38,412.6,-83.5,-82.05,-88.87,-69.34,35.15,209.5,-13.67,-26.87,459,-58.59,-57.14,-11.24,0.9809,-20.5,75.68,8.789,-84.97,-259.8,120.6,-419.9,336.5,90.34,-783.1,268.6,317,67.85,67.86,11.24,98.62,-142.1,-10.23,-24.41,-1.422,35.61,0.4164,0.001038,0.897,0.1731,-0.6796,0.3455,0.5652,-0.4254,0.5213,0.2695,-0.5932,0.4334,-0.4543,-0.5292,-0.4579,-0.7663,-0.1926,-0.393,-0.5731,-0.3588,-0.4346,0.7182,-0.1067,0.6843,0.6062,-0.05665,0.7916,0.5738,-0.4739,0.2838,0.2958,-0.7092,0.5861,-0.07398,-0.5649,0.06354,-0.6364,-0.4467,-0.4042,-0.53,-0.5906,-0.4904,-0.1,-0.2314,-0.1664
11.78,5.987,0.383,2.272,12.9,3.016,2.384,-6.838,15.04,7.574,18.52,7.546,18.44,0.6648,1.777,-46.51,-31.85,0.3021,5.803,-3.55,7.513,52.42,36.74,33.63,15.59,3.972,-5.128,-1.355,1.57,73.3,25.08,-0.8709,8.866,-2.809,-1.31,4.19,-4.986,-78.16,-19.21,1.73,-30.55,-9.671,-6.964,-29.69,-16.46,-7.159,8.159,-9.006,-19.27,-109.7,-0.6885,0.3701,-109.6,14.35,0.382,-162,3.33,-18.68,-80.5,-6.359,-0.9949,-82.9,-0.427,-1.354,-82.18,33.13,3.239,-85.09,-40.1,1.635,-90.66,-40.72,8.084,-81.65,15.05,4.148,-83.29,-9.971,3.407,-87.75,-0.8257,2.131,-66.89,40.53,-38.09,-25.39,233.9,103.5,-130.9,210.5,-174.3,12.69,433.1,-82.03,-92.28,-91.8,-81.54,15.64,226.1,-1.463,-55.65,461.9,-57.62,-42.97,24.42,13.18,-74.23,96.68,0.9817,-131.3,-223.6,111.3,-433.1,340.8,81.57,-559.9,263.7,347.7,20.01,66.91,-2.456,98.16,-114.3,-39.57,5.441,-23.4,2.416,0.4163,0.00177,0.8972,0.1754,-0.6794,0.3529,0.5634,-0.424,0.5271,0.2665,-0.5937,0.4378,-0.4537,-0.5287,-0.4576,-0.7672,-0.1915,-0.3874,-0.5745,-0.3571,-0.4291,0.7182,-0.1059,0.6844,0.6059,-0.05616,0.792,0.5743,-0.4725,0.2826,0.3095,-0.7018,0.5824,-0.07086,-0.5554,0.0658,-0.6349,-0.4489,-0.4054,-0.529,-0.5916,-0.492,-0.1003,-0.2318,-0.1664
11.79,5.941,0.3608,2.22,12.88,3.026,2.308,-6.905,15.64,7.128,18.59,7.091,18.51,0.7259,1.886,-45.92,-31.18,0.4658,5.68,-3.498,7.439,52.03,35.98,33.85,15.35,3.943,-5.108,-0.6033,1.631,71.12,25.15,-1.868,9.183,-2.612,-1.258,3.566,-5.031,-78.32,-19.21,1.751,-31.25,-10.11,-7.139,-30.35,-16.96,-7.349,7.954,-9.335,-19.74,-109.2,-0.672,0.2536,-109.2,14.96,0.2625,-162.3,3.575,-19.29,-80.59,-6.371,-0.9925,-82.93,-0.4833,-1.327,-83.09,33.33,2.751,-86,-37.74,2.236,-90.7,-39.37,7.84,-81.61,14.75,4.165,-83.25,-10.35,3.387,-87.74,-0.8808,2.165,-74.21,47.85,-62.98,-58.11,269,103,-162.6,244.1,-168.5,-38.1,450.2,-67.39,-102.5,-83.49,-95.7,-2.941,229,-0.4838,-74.22,454.6,-70.32,-29.28,73.74,3.412,-106.5,112.3,2.443,-154.3,-235.8,56.62,-453.1,339.8,220.7,-454.7,252.9,332.9,-73.75,60.56,-6.328,37.65,-62.02,-40.54,10.29,-13.19,-11.72,0.4164,0.002503,0.8974,0.177,-0.6794,0.359,0.562,-0.4223,0.5327,0.2642,-0.5938,0.4423,-0.4526,-0.5288,-0.4569,-0.768,-0.1905,-0.3822,-0.5763,-0.3552,-0.4242,0.7182,-0.1054,0.6845,0.6055,-0.05579,0.7923,0.5744,-0.4718,0.2816,0.3242,-0.6931,0.5788,-0.06787,-0.5458,0.06726,-0.6336,-0.4508,-0.4065,-0.5276,-0.5927,-0.4937,-0.1006,-0.2323,-0.1665
11.8,5.918,0.3095,2.159,12.83,3.039,2.242,-6.955,16.17,6.69,18.65,6.647,18.56,0.7664,1.969,-45.51,-30.63,0.6003,5.547,-3.462,7.389,51.87,35.41,33.98,15.14,3.899,-5.082,0.2083,1.634,68.78,25.29,-2.925,9.54,-2.503,-1.235,2.903,-5.037,-78.47,-19.19,1.757,-31.76,-10.49,-7.348,-30.83,-17.39,-7.573,7.678,-9.62,-20.17,-108.8,-0.6589,0.1525,-108.8,15.51,0.1583,-162.5,3.823,-19.83,-80.67,-6.403,-1.006,-82.95,-0.5345,-1.288,-84.06,33.45,2.218,-86.82,-35.29,2.672,-90.67,-38.01,7.551,-81.61,14.49,4.175,-83.26,-10.75,3.384,-87.73,-0.9301,2.185,-82.51,52.25,-82.03,-95.22,271,121.1,-200.2,268.5,-154.3,-80.57,470.7,-66.89,-115.2,-72.27,-93.26,-13.19,243.2,-11.72,-97.17,438,-88.39,-57.63,106.5,-0.4905,-132.8,94.73,-23.93,-161.1,-294.9,-20.98,-410.6,319.3,335.4,-400.2,191.4,289.1,-132.8,44.9,-32.73,-15.13,-62.02,-41.02,6.764,-20.04,-2.952,0.4165,0.003052,0.8975,0.1779,-0.6798,0.3638,0.561,-0.4204,0.5381,0.2627,-0.5937,0.4468,-0.4511,-0.5293,-0.4558,-0.7687,-0.1899,-0.3773,-0.5782,-0.3535,-0.4199,0.7181,-0.1049,0.6848,0.6052,-0.05542,0.7926,0.5741,-0.4717,0.281,0.3395,-0.6843,0.5742,-0.06482,-0.5361,0.06818,-0.6326,-0.4523,-0.4076,-0.526,-0.5942,-0.4953,-0.1007,-0.2327,-0.1665
11.81,5.893,0.2505,2.106,12.77,3.047,2.168,-6.971,16.67,6.254,18.66,6.204,18.56,0.7964,2.046,-45.26,-30.15,0.6863,5.434,-3.455,7.354,51.95,34.92,34.02,14.96,3.863,-5.047,1.028,1.575,66.28,25.49,-4.099,9.918,-2.497,-1.23,2.31,-4.995,-78.6,-19.17,1.759,-32.09,-10.84,-7.585,-31.13,-17.74,-7.823,7.33,-9.853,-20.58,-108.5,-0.6686,0.07141,-108.5,16,0.074,-162.7,4.047,-20.33,-80.72,-6.433,-1.018,-82.95,-0.5872,-1.24,-85.01,33.46,1.699,-87.5,-32.77,2.852,-90.63,-36.71,7.218,-81.66,14.26,4.167,-83.32,-11.17,3.385,-87.73,-0.9735,2.19,-92.78,40.53,-98.15,-127,260.3,112.3,-240.7,293.5,-138.2,-113.3,498,-68.84,-121.6,-42.96,-90.33,-25.39,244.1,-0.9788,-108.9,429.2,-89.85,-92.76,130.9,0,-130.9,76.18,-50.77,-176.3,-364.3,-81.07,-334.5,307.2,307.6,-341.4,125,237.3,-178.2,16.14,-25.88,-53.69,-83.51,-40.05,14.12,-11.25,-12.17,0.4167,0.00354,0.8976,0.178,-0.6807,0.3675,0.5602,-0.4185,0.5429,0.2619,-0.5936,0.4513,-0.4493,-0.5302,-0.4545,-0.7691,-0.1895,-0.3729,-0.58,-0.3518,-0.416,0.718,-0.1046,0.685,0.6048,-0.05506,0.7928,0.574,-0.4717,0.2811,0.3554,-0.6758,0.5683,-0.06146,-0.5267,0.06891,-0.6318,-0.4535,-0.4085,-0.524,-0.5959,-0.4968,-0.1007,-0.2331,-0.1666
11.82,5.874,0.2069,2.088,12.73,3.017,2.089,-6.975,17.12,5.85,18.66,5.794,18.56,0.8152,2.086,-45.14,-29.77,0.7304,5.342,-3.468,7.331,52.17,34.5,33.99,14.79,3.843,-5.023,1.727,1.519,63.63,25.7,-5.451,10.34,-2.41,-1.214,1.836,-4.956,-78.7,-19.15,1.74,-32.28,-11.13,-7.849,-31.28,-18.04,-8.101,6.957,-10.03,-20.95,-108.2,-0.6875,0.01301,-108.2,16.43,0.01361,-162.9,4.237,-20.76,-80.75,-6.464,-1.015,-82.95,-0.6345,-1.192,-85.81,33.4,1.279,-87.99,-30.18,2.837,-90.57,-35.51,6.738,-81.7,14.04,4.175,-83.38,-11.61,3.368,-87.72,-0.9951,2.184,-110.9,33.69,-88.38,-153.8,235.8,100.6,-281.7,311,-118.7,-153.3,529.8,-56.16,-149.4,-12.69,-80.07,-33.69,266.1,1.463,-131.9,421.4,-93.27,-130.8,142.1,33.69,-121.1,57.13,-44.43,-213.4,-396,-52.24,-215.3,294.4,185.5,-261.6,28.77,206.6,-201.2,-51.25,-3.92,-106.9,-44.43,-34.17,5.441,4.912,4.384,0.4168,0.003784,0.8977,0.1776,-0.682,0.37,0.5595,-0.4168,0.5473,0.2617,-0.5936,0.4556,-0.4472,-0.5315,-0.4529,-0.7694,-0.1895,-0.3689,-0.5814,-0.3504,-0.4126,0.7178,-0.1044,0.6852,0.6045,-0.05469,0.7931,0.5744,-0.4717,0.2819,0.3714,-0.6678,0.5608,-0.05695,-0.5182,0.06946,-0.6313,-0.4545,-0.4096,-0.5219,-0.5977,-0.4984,-0.1006,-0.2333,-0.1666
11.83,5.854,0.1489,2.103,12.68,2.974,1.997,-6.951,17.51,5.476,18.65,5.411,18.55,0.8456,2.111,-45.08,-29.45,0.7291,5.264,-3.503,7.315,52.47,34.12,33.9,14.62,3.794,-4.977,2.328,1.433,60.85,25.95,-7.041,10.77,-2.151,-1.207,1.401,-4.888,-78.79,-19.14,1.711,-32.38,-11.4,-8.108,-31.35,-18.28,-8.372,6.58,-10.14,-21.3,-108,-0.7108,-0.03704,-108,16.8,-0.03883,-163.1,4.391,-21.14,-80.74,-6.494,-1.011,-82.96,-0.6826,-1.129,-86.49,33.28,0.9202,-88.33,-27.53,2.714,-90.43,-34.48,6.035,-81.78,13.84,4.167,-83.47,-12.06,3.353,-87.72,-1.021,2.172,-126,24.9,-111.8,-168.5,209.5,99.61,-316.9,309.6,-121.6,-189.4,543.5,-45.41,-162.6,20.51,-70.31,-47.84,280.3,18.55,-148,409.2,-101.1,-173.8,124.5,17.57,-128.4,42.48,-59.08,-239.7,-410.2,47.36,-123.1,259.8,143.1,-243.5,-28.77,173.4,-206.5,-126,-27.34,-111.8,-4.352,23.93,-2.941,48.35,5.816,0.4169,0.003907,0.8978,0.1769,-0.6833,0.3719,0.5588,-0.4156,0.551,0.2618,-0.5937,0.4595,-0.4451,-0.533,-0.4511,-0.7695,-0.1896,-0.3653,-0.5826,-0.3492,-0.4095,0.7176,-0.1044,0.6854,0.6042,-0.0542,0.7933,0.5748,-0.472,0.283,0.3871,-0.6598,0.552,-0.05091,-0.511,0.0694,-0.6311,-0.4552,-0.4108,-0.5196,-0.5996,-0.5,-0.1005,-0.2335,-0.1667
11.84,5.831,0.1202,2.147,12.64,2.909,1.907,-6.906,17.83,5.118,18.65,5.046,18.54,0.8591,2.127,-45.07,-29.21,0.7057,5.208,-3.56,7.295,52.77,33.77,33.77,14.45,3.734,-4.939,2.782,1.382,58,26.23,-8.864,11.25,-1.695,-1.209,1.038,-4.828,-78.86,-19.12,1.681,-32.44,-11.63,-8.369,-31.38,-18.46,-8.644,6.227,-10.2,-21.63,-107.9,-0.7253,-0.08109,-107.9,17.11,-0.08495,-163.4,4.499,-21.46,-80.72,-6.514,-0.9866,-82.97,-0.7246,-1.073,-87,33.11,0.6425,-88.51,-24.85,2.46,-90.21,-33.66,5.069,-81.83,13.63,4.17,-83.54,-12.55,3.368,-87.71,-1.037,2.178,-142.1,13.67,-124.5,-194.8,187,100.6,-336.4,301.3,-132.8,-200.2,566.4,-34.66,-189,39.06,-56.64,-58.12,304.2,17.09,-165,409.2,-105,-199.2,85.45,-3.412,-154.8,36.13,-69.83,-248.5,-427.2,62.02,-22.92,175.8,130.4,-233.9,-2.907,217.3,-207.5,-164.5,-16.62,-67.91,-107.9,75.67,-68.38,9.825,-13.69,0.417,0.003968,0.8978,0.1761,-0.6848,0.3733,0.5582,-0.4148,0.5541,0.2622,-0.594,0.4628,-0.443,-0.5344,-0.4493,-0.7694,-0.19,-0.362,-0.5832,-0.3485,-0.4067,0.7175,-0.1044,0.6855,0.604,-0.05371,0.7935,0.575,-0.4726,0.2841,0.4024,-0.6524,0.542,-0.04303,-0.5054,0.0686,-0.6308,-0.456,-0.412,-0.5173,-0.6017,-0.5016,-0.1006,-0.2336,-0.1668
11.85,5.808,0.1061,2.165,12.61,2.833,1.834,-6.84,18.11,4.784,18.64,4.704,18.53,0.8778,2.146,-45.05,-29.02,0.6506,5.169,-3.597,7.278,53,33.46,33.59,14.31,3.675,-4.901,3.143,1.396,55.11,26.58,-10.89,11.74,-1.133,-1.244,0.775,-4.832,-78.93,-19.11,1.649,-32.49,-11.85,-8.613,-31.41,-18.61,-8.896,5.916,-10.2,-21.91,-107.8,-0.7404,-0.1311,-107.8,17.37,-0.1374,-163.6,4.563,-21.74,-80.72,-6.53,-0.9522,-82.99,-0.7622,-1.023,-87.4,32.9,0.4271,-88.56,-22.19,2.071,-89.95,-33.03,3.926,-81.82,13.44,4.183,-83.56,-13.08,3.416,-87.69,-1.072,2.187,-143.1,12.2,-131.3,-204.6,183.1,95.21,-352.1,284.2,-134.3,-212.9,578.1,-36.62,-203.6,62.01,-56.64,-68.37,321.8,19.05,-181.6,413.1,-102,-219.3,60.54,-21,-183.6,26.36,-51.75,-260.7,-425.8,44.44,32.69,39.52,52.72,-70.16,45.45,255.9,-165,-201.1,-1.464,14.1,-269.5,6.366,-88.38,-57.66,44.91,0.4171,0.004029,0.8979,0.1754,-0.6861,0.3747,0.5577,-0.4143,0.5565,0.2628,-0.5945,0.4655,-0.4409,-0.5357,-0.4477,-0.7692,-0.1905,-0.3591,-0.5835,-0.348,-0.4041,0.7174,-0.1042,0.6856,0.6037,-0.05329,0.7937,0.5753,-0.4732,0.2856,0.4173,-0.6455,0.5307,-0.03388,-0.5014,0.06739,-0.6306,-0.4566,-0.4131,-0.5153,-0.6038,-0.5034,-0.1007,-0.2339,-0.1669
11.86,5.797,0.113,2.147,12.58,2.772,1.772,-6.748,18.35,4.51,18.64,4.418,18.53,0.9103,2.168,-45.03,-28.85,0.5681,5.142,-3.664,7.244,53.15,33.12,33.33,14.19,3.619,-4.881,3.446,1.514,52.13,27.01,-13.08,12.24,-0.4884,-1.208,0.5719,-4.954,-79.01,-19.1,1.625,-32.56,-12.05,-8.806,-31.47,-18.72,-9.095,5.66,-10.14,-22.17,-107.7,-0.7593,-0.1715,-107.7,17.59,-0.1799,-163.9,4.593,-21.97,-80.73,-6.546,-0.9234,-82.98,-0.7885,-1.001,-87.72,32.62,0.2297,-88.55,-19.5,1.654,-89.68,-32.55,2.704,-81.68,13.29,4.21,-83.46,-13.66,3.394,-87.68,-1.153,2.202,-130.9,15.14,-117.7,-222.2,191.9,83.49,-362.8,267.6,-146.5,-226.6,583,-29.29,-216.3,77.15,-45.9,-95.71,322.8,30.76,-203.6,416.5,-118.7,-228.5,71.29,0.9809,-197.3,48.34,-44.93,-248,-384.8,52.72,36.61,-120.1,-46.38,146,69.32,281.3,-120.1,-218.8,-11.71,51.75,-254.4,-43.92,-11.18,-30.77,31.76,0.4172,0.004151,0.898,0.1748,-0.6871,0.3761,0.5573,-0.414,0.5585,0.2634,-0.5953,0.4675,-0.4392,-0.5369,-0.4462,-0.769,-0.1912,-0.3566,-0.5833,-0.3479,-0.4018,0.7173,-0.104,0.6857,0.6035,-0.05316,0.7939,0.5761,-0.4742,0.2874,0.4318,-0.6386,0.5186,-0.02417,-0.4984,0.06592,-0.6302,-0.4572,-0.4138,-0.5134,-0.6053,-0.5061,-0.1007,-0.2346,-0.1671
11.87,5.831,0.121,2.119,12.55,2.724,1.697,-6.64,18.51,4.245,18.65,4.144,18.54,0.921,2.19,-44.97,-28.77,0.5033,5.126,-3.692,7.222,53.19,32.83,32.98,14.07,3.603,-4.855,3.711,1.586,49.09,27.51,-15.33,12.76,0.2284,-1.192,0.4163,-5.045,-79.07,-19.09,1.605,-32.66,-12.24,-8.993,-31.56,-18.8,-9.286,5.473,-10.05,-22.38,-107.7,-0.7612,-0.2172,-107.7,17.75,-0.228,-164.2,4.583,-22.15,-80.73,-6.571,-0.9041,-82.94,-0.7788,-0.9904,-87.97,32.28,0.092,-88.54,-16.8,1.276,-89.43,-32.12,1.475,-81.56,13.18,4.21,-83.37,-14.28,3.375,-87.66,-1.249,2.203,-112.8,15.62,-121.1,-222.7,200.2,92.77,-359.9,269,-147.5,-219.2,583,-10.75,-210.4,88.87,-62.99,-97.17,332,26.86,-210.4,432.6,-109.9,-218.8,81.54,22.45,-203.1,75.68,-52.26,-203.1,-290.5,72.27,-5.385,-247.1,-86.92,432,16.07,233.9,-66.42,-251.4,-64.46,80.08,-205.6,-47.39,-29.26,-4.395,40.08,0.4173,0.004273,0.8981,0.1744,-0.688,0.3775,0.5571,-0.414,0.56,0.2641,-0.5962,0.4688,-0.4377,-0.5377,-0.445,-0.7686,-0.192,-0.3545,-0.5827,-0.3482,-0.3995,0.7172,-0.1039,0.6859,0.6036,-0.05329,0.7938,0.5768,-0.4752,0.2898,0.4458,-0.6313,0.5063,-0.01428,-0.4959,0.06458,-0.6297,-0.4577,-0.4144,-0.5113,-0.6069,-0.5088,-0.1007,-0.2354,-0.1673
11.88,5.89,0.1463,2.129,12.52,2.668,1.574,-6.513,18.63,4.023,18.66,3.913,18.55,0.9345,2.199,-44.88,-28.74,0.4583,5.121,-3.708,7.204,53.13,32.57,32.54,13.97,3.634,-4.824,4,1.495,45.96,28.12,-17.6,13.3,0.9796,-1.211,0.2144,-5.011,-79.13,-19.09,1.573,-32.78,-12.41,-9.154,-31.69,-18.83,-9.449,5.369,-9.921,-22.55,-107.7,-0.7719,-0.2553,-107.8,17.86,-0.2681,-164.5,4.551,-22.3,-80.66,-6.59,-0.8934,-82.89,-0.7381,-1.006,-88.23,31.88,-0.03425,-88.59,-14.07,0.9481,-89.18,-31.67,0.2335,-81.6,13.12,4.14,-83.43,-14.94,3.403,-87.66,-1.372,2.211,-127.5,23.44,-136.7,-213.4,214.4,93.75,-349.1,280.3,-164.1,-201.7,575.2,-15.14,-210,86.92,-65.43,-100.1,333.5,25.39,-221.7,451.7,-114.3,-199.7,70.8,25.89,-212.4,92.78,-69.33,-192.9,-180.2,51.26,-12.69,-304.7,-82.01,747.7,-7.804,188.4,-113.8,-247.5,-31.26,118.2,-213.4,-15.15,-29.85,28.83,48.85,0.4172,0.004273,0.8982,0.1744,-0.6888,0.379,0.5572,-0.414,0.5611,0.2647,-0.5973,0.4693,-0.4365,-0.5384,-0.4441,-0.7682,-0.1931,-0.3526,-0.5819,-0.3488,-0.3975,0.717,-0.1043,0.686,0.6038,-0.05371,0.7936,0.5771,-0.4765,0.2924,0.4598,-0.6232,0.4939,-0.004273,-0.4932,0.06311,-0.6286,-0.4583,-0.4145,-0.5083,-0.6095,-0.511,-0.1006,-0.2364,-0.1674
11.89,5.984,0.1422,2.131,12.51,2.631,1.465,-6.375,18.7,3.825,18.68,3.705,18.57,0.9516,2.2,-44.76,-28.8,0.4173,5.114,-3.708,7.205,52.99,32.36,31.98,13.9,3.692,-4.8,4.327,1.316,42.74,28.86,-19.75,13.88,1.756,-1.205,-0.1256,-4.912,-79.15,-19.09,1.534,-32.9,-12.55,-9.293,-31.82,-18.84,-9.587,5.335,-9.768,-22.68,-107.8,-0.7719,-0.297,-107.9,17.93,-0.3119,-164.8,4.506,-22.41,-80.57,-6.607,-0.9072,-82.8,-0.6624,-1.019,-88.5,31.41,-0.1386,-88.72,-11.33,0.714,-88.85,-31.08,-1.015,-81.71,13.15,4.061,-83.57,-15.65,3.425,-87.66,-1.507,2.236,-164.1,25.39,-136.2,-198.3,232.4,106,-338.4,298.8,-152.8,-186,571.3,-11.72,-201.6,84.97,-85.45,-99.12,339.8,28.32,-230,464.9,-114.3,-203.1,72.76,-5.864,-224.1,105.5,-103.5,-222.2,-102.5,-2.444,-60.54,-361.4,-103,1020,-0.4591,79.16,-156.3,-217.7,51.76,96.23,-195.3,3.868,-11.76,34.64,31.22,0.4172,0.004089,0.8982,0.1744,-0.6894,0.3804,0.5573,-0.4143,0.5618,0.2651,-0.5985,0.4692,-0.4356,-0.5388,-0.4435,-0.7678,-0.1944,-0.3512,-0.581,-0.3495,-0.3956,0.7168,-0.1049,0.686,0.6043,-0.05426,0.7931,0.5771,-0.4781,0.2956,0.4734,-0.6141,0.4818,0.005554,-0.4895,0.06092,-0.6272,-0.4591,-0.4139,-0.5048,-0.6126,-0.5132,-0.1007,-0.2376,-0.1675
11.9,6.052,0.1472,2.09,12.52,2.609,1.387,-6.232,18.7,3.648,18.69,3.524,18.58,0.9423,2.202,-44.61,-28.97,0.4084,5.101,-3.697,7.22,52.77,32.24,31.34,13.88,3.76,-4.8,4.681,1.063,39.5,29.71,-21.66,14.49,2.538,-1.161,-0.6151,-4.783,-79.14,-19.08,1.499,-33.03,-12.67,-9.416,-31.96,-18.81,-9.708,5.368,-9.597,-22.77,-108,-0.7719,-0.3364,-108.1,17.93,-0.3534,-165.1,4.454,-22.47,-80.49,-6.584,-0.9294,-82.69,-0.5712,-1.05,-88.77,30.86,-0.2547,-88.88,-8.643,0.56,-88.41,-30.3,-2.257,-81.86,13.24,3.972,-83.76,-16.41,3.439,-87.67,-1.659,2.29,-208,27.34,-124.5,-199.7,251,108.9,-338.4,316.9,-163.6,-192.9,565.4,-4.391,-206,73.73,-97.66,-93.26,347.2,35.16,-234.9,482.9,-102.5,-201.7,111.3,-36.12,-254.4,107.4,-127.4,-290,-84.98,-17.08,-125,-358.9,-83.99,1179,2.907,-3.382,-202.6,-198.2,109.4,31.73,-157.2,20.47,-29.26,-2.456,29.26,0.4173,0.003845,0.8982,0.1746,-0.6899,0.3816,0.5576,-0.4147,0.5621,0.2654,-0.5998,0.4685,-0.435,-0.539,-0.4431,-0.7673,-0.1958,-0.3502,-0.5799,-0.3505,-0.394,0.7169,-0.1055,0.6858,0.6049,-0.05512,0.7926,0.5771,-0.4801,0.2992,0.4863,-0.6045,0.4702,0.01502,-0.4843,0.05768,-0.6259,-0.4598,-0.4129,-0.5007,-0.616,-0.5154,-0.1009,-0.2389,-0.1674
11.91,6.13,0.1229,2.051,12.55,2.619,1.332,-6.088,18.65,3.499,18.71,3.376,18.59,0.9212,2.216,-44.43,-29.25,0.4071,5.075,-3.666,7.237,52.49,32.23,30.62,13.89,3.807,-4.804,5.088,0.7685,36.33,30.62,-23.22,15.11,3.195,-1.154,-1.233,-4.619,-79.09,-19.07,1.468,-33.15,-12.76,-9.513,-32.09,-18.76,-9.802,5.481,-9.407,-22.83,-108.2,-0.7724,-0.3807,-108.4,17.88,-0.3999,-165.3,4.409,-22.46,-80.4,-6.545,-0.9757,-82.56,-0.4547,-1.076,-89.08,30.25,-0.4007,-89.08,-6.074,0.3896,-87.84,-29.3,-3.443,-82.04,13.38,3.88,-83.98,-17.18,3.486,-87.69,-1.829,2.337,-241.2,33.69,-120.6,-208.5,258.8,117.2,-344.2,333.5,-153.8,-194.8,568.9,-13.67,-214.4,67.39,-115.2,-87.88,353,30.28,-226.1,496.6,-100.1,-221.7,131.8,-63.48,-271.5,117.2,-149.4,-356.5,-60.04,13.68,-32.69,-342.3,-75.67,1342,-86.92,-148.9,-214.9,-137.2,82.5,-21.95,-173.4,21.03,-36.62,-20.04,3.937,0.4174,0.003479,0.8982,0.1749,-0.6902,0.3827,0.558,-0.4154,0.5621,0.2655,-0.6011,0.4672,-0.4346,-0.5389,-0.4431,-0.7667,-0.1974,-0.3496,-0.5788,-0.3518,-0.3928,0.717,-0.1064,0.6855,0.6056,-0.05603,0.7919,0.5771,-0.4823,0.3029,0.4986,-0.5948,0.4588,0.02368,-0.4774,0.05322,-0.6249,-0.46,-0.4117,-0.4965,-0.6196,-0.5175,-0.1011,-0.2404,-0.1673
11.92,6.208,0.1053,2.016,12.57,2.62,1.299,-5.961,18.53,3.366,18.72,3.249,18.61,0.8812,2.215,-44.25,-29.63,0.4358,5.037,-3.631,7.252,52.18,32.32,29.86,13.92,3.835,-4.764,5.536,0.4597,33.33,31.62,-24.3,15.76,3.718,-1.171,-1.954,-4.455,-79.01,-19.05,1.431,-33.25,-12.82,-9.605,-32.2,-18.69,-9.89,5.657,-9.223,-22.86,-108.5,-0.7627,-0.4221,-108.7,17.77,-0.443,-165.6,4.376,-22.4,-80.29,-6.505,-1.016,-82.42,-0.3381,-1.103,-89.42,29.61,-0.5753,-89.3,-3.719,0.1656,-87.16,-28,-4.571,-82.22,13.55,3.74,-84.2,-18.01,3.531,-87.69,-2.006,2.355,-253.4,40.53,-112.8,-211.4,280.8,123,-351.1,331.5,-146,-218.2,563,4.887,-236.3,58.59,-123.5,-83.01,361.8,32.22,-227.5,487.8,-98.64,-287.6,130.9,-56.64,-276.4,126.9,-164.6,-341.8,-6.367,59.58,123.1,-279.3,-105.9,1410,-24.94,-259.3,-253.4,-29.3,89.35,-135.7,-98.66,53.19,-5.882,-40.98,-23.89,0.4175,0.00293,0.898,0.1753,-0.6906,0.3834,0.5583,-0.4165,0.5616,0.2653,-0.6025,0.4655,-0.4345,-0.5386,-0.4432,-0.7661,-0.1991,-0.3494,-0.5777,-0.3533,-0.3919,0.7171,-0.1073,0.6852,0.6064,-0.05701,0.7912,0.577,-0.4848,0.3068,0.5102,-0.5858,0.4481,0.03168,-0.4683,0.04755,-0.6241,-0.4597,-0.4109,-0.492,-0.6233,-0.5197,-0.101,-0.2419,-0.1674
11.93,6.3,0.08248,1.977,12.61,2.633,1.277,-5.853,18.37,3.268,18.75,3.165,18.64,0.815,2.21,-44.1,-30.11,0.464,4.997,-3.595,7.254,51.82,32.53,29.03,13.9,3.828,-4.741,5.933,0.1131,30.5,32.62,-24.9,16.44,4.115,-1.287,-2.738,-4.253,-78.9,-19.04,1.396,-33.31,-12.82,-9.687,-32.27,-18.59,-9.968,5.915,-9.004,-22.87,-108.9,-0.7433,-0.4615,-109.1,17.62,-0.4842,-165.7,4.354,-22.27,-80.17,-6.446,-1.066,-82.27,-0.186,-1.135,-89.67,28.93,-0.7448,-89.45,-1.568,-0.06583,-86.36,-26.44,-5.552,-82.43,13.71,3.6,-84.47,-18.85,3.648,-87.68,-2.177,2.34,-240.7,47.85,-100.1,-227.1,275.9,136.2,-370.6,299.3,-138.2,-236.3,553.2,10.75,-243.2,53.7,-143.1,-88.37,360.4,24.9,-224.6,470.7,-79.11,-332.5,137.2,-40.54,-273.9,121.6,-156.7,-258.3,54.69,105.5,306.2,-285.6,-105.4,1327,-52.18,-415.9,-267.1,11.21,87.41,-199.7,26.84,33.69,-10.73,24.95,-35.16,0.4176,0.002319,0.8979,0.1757,-0.691,0.3837,0.5586,-0.418,0.5606,0.265,-0.6042,0.4631,-0.4345,-0.5383,-0.4432,-0.7655,-0.2008,-0.3496,-0.5767,-0.355,-0.3915,0.7174,-0.1083,0.6848,0.6073,-0.05811,0.7904,0.5769,-0.4876,0.3106,0.5203,-0.5777,0.4378,0.03827,-0.4571,0.04053,-0.6238,-0.459,-0.4104,-0.4875,-0.6274,-0.5216,-0.1007,-0.2433,-0.1676
11.94,6.377,0.06753,1.922,12.68,2.648,1.278,-5.737,18.14,3.181,18.77,3.099,18.66,0.7188,2.211,-43.99,-30.69,0.4931,4.958,-3.552,7.267,51.48,32.85,28.18,13.86,3.852,-4.759,6.251,-0.2523,27.86,33.63,-25.15,17.14,4.386,-1.46,-3.566,-4.062,-78.77,-19.01,1.367,-33.3,-12.78,-9.779,-32.27,-18.44,-10.06,6.218,-8.747,-22.85,-109.4,-0.7249,-0.4999,-109.5,17.41,-0.524,-165.9,4.325,-22.08,-80.04,-6.361,-1.109,-82.09,-0.02464,-1.169,-89.81,28.25,-0.8285,-89.54,0.3845,-0.284,-85.48,-24.7,-6.342,-82.64,13.85,3.493,-84.76,-19.72,3.819,-87.69,-2.349,2.313,-218.7,52.73,-94.24,-240.2,259.3,147.5,-364.2,273,-125.5,-245.1,549.8,34.66,-259.3,33.69,-142.1,-88.37,360.4,38.08,-220.2,456.5,-78.62,-334,148.4,-56.15,-252.9,125,-133.3,-146.5,137.2,86.91,362.3,-301.3,-124.5,1257,-110.3,-496.6,-255.4,13.17,0.4722,-146,34.64,41.02,-10.29,83.51,31.76,0.4178,0.001648,0.8977,0.176,-0.6915,0.3834,0.559,-0.4196,0.5592,0.2647,-0.6059,0.4602,-0.4344,-0.538,-0.4431,-0.7649,-0.2026,-0.3502,-0.5757,-0.357,-0.3915,0.7178,-0.1094,0.6842,0.6083,-0.05933,0.7894,0.5763,-0.4905,0.3144,0.529,-0.5704,0.428,0.04315,-0.4445,0.03241,-0.6238,-0.4584,-0.4099,-0.4831,-0.6318,-0.5232,-0.1003,-0.2447,-0.1677
11.95,6.445,0.0597,1.883,12.73,2.667,1.274,-5.633,17.89,3.105,18.76,3.05,18.65,0.5874,2.221,-43.91,-31.32,0.5121,4.911,-3.519,7.244,51.13,33.23,27.33,13.79,3.956,-4.782,6.515,-0.6143,25.38,34.64,-25.2,17.87,4.526,-1.621,-4.455,-3.876,-78.62,-18.97,1.35,-33.26,-12.7,-9.866,-32.24,-18.25,-10.14,6.552,-8.456,-22.81,-109.9,-0.7098,-0.5349,-110,17.18,-0.5598,-166,4.307,-21.82,-79.9,-6.266,-1.146,-81.91,0.1379,-1.203,-89.88,27.56,-0.7968,-89.6,2.181,-0.4433,-84.56,-22.91,-6.895,-82.84,13.96,3.39,-85.04,-20.61,4.008,-87.68,-2.524,2.314,-214.8,53.71,-120.1,-234.9,239.8,147,-352.1,259.3,-127,-258.3,518.6,25.88,-253.4,37.1,-144,-86.92,351.1,34.18,-207.5,445.3,-76.17,-321.8,150.4,-72.76,-240.2,122.1,-113.3,-80.06,289.6,52.24,295.9,-314,-141.6,1057,-248.1,-628.4,-231,-8.777,56.62,-73.25,-30.29,49.32,-39.12,42.53,35.61,0.4182,9.77E-04,0.8973,0.1764,-0.6921,0.3826,0.5596,-0.421,0.5575,0.2644,-0.6078,0.4568,-0.4342,-0.5379,-0.443,-0.7642,-0.2044,-0.3511,-0.5746,-0.3592,-0.3919,0.7182,-0.1105,0.6835,0.6093,-0.06061,0.7885,0.575,-0.4932,0.3186,0.5367,-0.5635,0.419,0.04608,-0.4313,0.02374,-0.6236,-0.458,-0.4095,-0.4785,-0.6362,-0.5249,-0.1001,-0.2462,-0.1679
11.96,6.532,0.06953,1.859,12.73,2.666,1.273,-5.513,17.6,3.034,18.74,3.001,18.62,0.4488,2.228,-43.81,-32.05,0.5112,4.857,-3.482,7.226,50.82,33.7,26.45,13.72,4.172,-4.862,6.736,-0.8897,23.04,35.66,-25.21,18.58,4.632,-1.719,-5.311,-3.762,-78.43,-18.9,1.317,-33.2,-12.59,-9.949,-32.2,-18.02,-10.21,6.857,-8.127,-22.72,-110.4,-0.703,-0.5789,-110.6,16.9,-0.605,-166.1,4.279,-21.52,-79.72,-6.2,-1.178,-81.71,0.2908,-1.25,-89.88,26.86,-0.6341,-89.63,3.822,-0.5739,-83.67,-21.23,-7.32,-82.93,14.06,3.351,-85.24,-21.53,4.168,-87.67,-2.729,2.351,-199.2,58.59,-134.3,-231,221.7,132.3,-358.9,255.4,-105.5,-256.8,495.6,38.08,-244.6,52.73,-144,-72.77,347.2,37.6,-200.7,432.1,-64.46,-298.3,144,-51.75,-208,106,-102,-78.63,381.3,34.18,282.7,-406.7,-75.67,834.5,-502.4,-713.8,-210,16.14,96.19,0,-97.66,-32.72,-54.26,-38.52,49.3,0.4187,6.10E-05,0.8969,0.1768,-0.6926,0.3816,0.5607,-0.4222,0.5559,0.2647,-0.6097,0.4533,-0.4339,-0.5377,-0.4429,-0.7635,-0.2063,-0.3524,-0.5735,-0.3616,-0.3925,0.7184,-0.1119,0.683,0.6102,-0.06207,0.7876,0.5732,-0.4956,0.3233,0.5433,-0.5572,0.4107,0.0481,-0.4189,0.01526,-0.6236,-0.4576,-0.409,-0.4742,-0.6402,-0.527,-0.1002,-0.2479,-0.1682
11.97,6.589,0.07869,1.888,12.71,2.662,1.241,-5.378,17.29,2.984,18.7,2.969,18.58,0.2944,2.232,-43.72,-32.8,0.494,4.783,-3.455,7.197,50.56,34.18,25.66,13.68,4.458,-4.935,6.897,-1.117,20.92,36.71,-25.27,19.29,4.799,-1.753,-5.947,-3.69,-78.22,-18.83,1.281,-33.12,-12.44,-10.03,-32.13,-17.74,-10.28,7.121,-7.77,-22.6,-111,-0.7025,-0.6207,-111.1,16.59,-0.6474,-166.2,4.252,-21.19,-79.48,-6.141,-1.214,-81.51,0.4032,-1.299,-89.82,26.22,-0.3764,-89.6,5.295,-0.7453,-82.95,-19.78,-7.74,-82.97,14.15,3.315,-85.37,-22.49,4.272,-87.64,-2.981,2.4,-179.7,61.53,-150.9,-233.9,221.7,143.6,-369.2,269,-96.67,-257.3,485.4,36.62,-236.8,71.78,-130.4,-69.33,326.2,14.16,-182.6,427.2,-62.98,-259.3,128.9,-41.99,-210.5,89.35,-108.4,-239.7,315.4,69.32,305.7,-472.7,-30.77,682.2,-691.4,-793.5,-173.9,10.26,-42.97,63.01,-155.8,-55.2,-39.12,-78.08,22.01,0.4193,-9.77E-04,0.8964,0.1773,-0.6932,0.3802,0.5621,-0.4229,0.5541,0.2654,-0.6114,0.4497,-0.4337,-0.5375,-0.443,-0.7626,-0.2083,-0.3538,-0.5722,-0.3642,-0.3934,0.7185,-0.1136,0.6825,0.6109,-0.06354,0.7869,0.5703,-0.4979,0.3277,0.5491,-0.5518,0.4027,0.0506,-0.4081,0.008057,-0.6239,-0.457,-0.4088,-0.4698,-0.6438,-0.5297,-0.1004,-0.25,-0.1685
11.98,6.639,0.06435,1.944,12.67,2.655,1.202,-5.181,16.92,2.95,18.63,2.945,18.52,0.1687,2.217,-43.64,-33.6,0.4424,4.7,-3.45,7.18,50.39,34.69,24.99,13.69,4.643,-4.931,7.052,-1.336,19.07,37.83,-25.44,20.01,5.207,-1.812,-6.321,-3.641,-77.98,-18.73,1.232,-32.99,-12.29,-10.08,-32.04,-17.39,-10.32,7.317,-7.373,-22.42,-111.5,-0.7016,-0.655,-111.7,16.22,-0.6823,-166.3,4.212,-20.81,-79.21,-6.081,-1.258,-81.3,0.511,-1.334,-89.74,25.67,-0.2143,-89.55,6.607,-0.8982,-82.47,-18.61,-8.292,-83,14.27,3.217,-85.46,-23.48,4.359,-87.61,-3.261,2.408,-154.3,58.59,-152.3,-234.9,216.8,167,-383.3,290.5,-84.48,-254.4,470.2,58.59,-226.5,92.78,-131.3,-51.28,326.2,-4.883,-157.7,425.3,-55.67,-217.3,108.9,-44.44,-201.7,85.94,-85.93,-265.1,265.1,113.3,280.8,-499.5,-73.24,536.2,-776.9,-823.7,-253,0.9453,-173.4,131.4,-263.1,-89.86,-89.41,-167.5,35.61,0.42,-0.002197,0.8958,0.1776,-0.6937,0.3786,0.564,-0.4235,0.552,0.2669,-0.6128,0.446,-0.4337,-0.5372,-0.4431,-0.7615,-0.2105,-0.3557,-0.5709,-0.3669,-0.3945,0.7185,-0.1155,0.6819,0.6115,-0.06495,0.7862,0.5671,-0.5007,0.3306,0.554,-0.5472,0.3953,0.05493,-0.3995,0.002869,-0.6244,-0.4557,-0.409,-0.4652,-0.6473,-0.5327,-0.1002,-0.2523,-0.169
11.99,6.663,0.03453,1.989,12.65,2.641,1.182,-4.959,16.52,2.942,18.56,2.942,18.45,0.04526,2.161,-43.59,-34.37,0.3696,4.596,-3.458,7.162,50.34,35.15,24.44,13.76,4.705,-4.94,7.285,-1.566,17.5,39.06,-25.68,20.73,5.87,-1.865,-6.467,-3.579,-77.71,-18.64,1.17,-32.82,-12.12,-10.13,-31.91,-17,-10.36,7.43,-6.96,-22.21,-112,-0.6991,-0.6604,-112.2,15.82,-0.6863,-166.4,4.175,-20.4,-78.93,-6.021,-1.308,-81.08,0.593,-1.356,-89.74,25.21,-0.2106,-89.54,7.722,-1.019,-82.29,-17.71,-9.012,-83.02,14.44,3.139,-85.55,-24.53,4.39,-87.57,-3.6,2.37,-141.1,63.48,-151.4,-215.3,205.1,156.7,-366.2,330.1,-54.68,-237.8,449.7,62.99,-197.3,114.7,-114.7,-30.28,317.4,-3.904,-124,412.6,-55.67,-189.9,86.92,-29.3,-189,81.54,-68.35,-154.3,211.4,59.07,213.4,-495.6,-105.4,537.2,-744.6,-779.8,-214.4,-19.04,24.41,64.49,-176.7,-120.6,-53.67,-151.4,21.03,0.4207,-0.003601,0.8952,0.1777,-0.6942,0.3767,0.5661,-0.4242,0.5497,0.269,-0.6141,0.4426,-0.434,-0.5368,-0.4434,-0.7601,-0.2128,-0.3578,-0.5694,-0.3698,-0.3957,0.7186,-0.1176,0.6814,0.6119,-0.06635,0.7856,0.5633,-0.5043,0.3319,0.5583,-0.543,0.3892,0.06147,-0.3932,6.10E-05,-0.6255,-0.4538,-0.4092,-0.4602,-0.6506,-0.5361,-0.09961,-0.2551,-0.1696
12,6.675,0.001328,2.029,12.6,2.618,1.186,-4.718,16.08,2.947,18.45,2.946,18.35,-0.08297,2.07,-43.54,-35.11,0.2602,4.508,-3.484,7.121,50.4,35.56,23.95,13.85,4.719,-4.971,7.668,-1.876,16.18,40.31,-25.94,21.45,6.668,-2.004,-6.531,-3.41,-77.42,-18.54,1.096,-32.63,-11.91,-10.18,-31.76,-16.55,-10.4,7.443,-6.515,-21.96,-112.5,-0.6894,-0.645,-112.7,15.39,-0.6687,-166.4,4.108,-19.94,-78.66,-5.96,-1.357,-80.84,0.6651,-1.375,-89.9,24.8,-0.3261,-89.69,8.628,-1.111,-82.34,-17.06,-9.839,-83.12,14.62,3.064,-85.72,-25.61,4.452,-87.5,-3.967,2.263,-111.8,72.26,-137.7,-176.8,184.1,163.6,-341.3,342.8,-19.53,-193.8,457.5,65.43,-178.7,120.6,-78.12,11.71,335,-14.65,-68.36,414.5,-66.89,-156.3,85.45,7.314,-182.6,59.58,-27.35,-158.7,174.8,-74.21,137.7,-447.7,-100.6,650.5,-625.4,-743.6,-213.9,-27.35,3.92,-25.93,-40.53,-131.4,-58.08,-30.77,65.94,0.4215,-0.005188,0.8946,0.1778,-0.6948,0.3744,0.5685,-0.425,0.5468,0.2719,-0.615,0.4394,-0.4348,-0.5363,-0.4441,-0.7586,-0.2153,-0.3602,-0.5678,-0.3729,-0.3974,0.7187,-0.1196,0.6808,0.6123,-0.06775,0.7851,0.5586,-0.5084,0.332,0.5624,-0.5388,0.3849,0.06946,-0.3886,-7.94E-04,-0.6267,-0.4521,-0.4092,-0.4547,-0.6544,-0.5392,-0.09846,-0.2579,-0.1707
12.01,6.784,-0.01561,2.083,12.54,2.578,1.204,-4.419,15.6,2.99,18.36,2.984,18.27,-0.1886,1.944,-43.52,-35.8,0.1266,4.444,-3.542,7.069,50.63,35.9,23.46,13.87,4.72,-5.059,8.253,-2.232,15.12,41.57,-26.11,22.13,7.421,-2.185,-6.669,-3.163,-77.1,-18.45,1.018,-32.38,-11.7,-10.21,-31.56,-16.05,-10.41,7.336,-6.06,-21.68,-112.9,-0.6603,-0.608,-113,14.94,-0.6295,-166.5,4.006,-19.46,-78.37,-5.929,-1.392,-80.61,0.8022,-1.399,-90.29,24.45,-0.5564,-90.04,9.331,-1.197,-82.54,-16.52,-10.65,-83.27,14.8,3.027,-85.97,-26.68,4.552,-87.41,-4.381,2.144,-88.87,77.15,-118.2,-157.2,147.5,152.3,-292.5,320.3,10.25,-143.5,443.4,92.77,-168,103,-56.64,44.93,352.5,-9.766,-21.98,415,-70.8,-133.3,71.29,35.65,-119.1,46.39,-39.06,-215.3,147,-127.4,112.3,-412.6,-65.91,740.7,-368.6,-698.3,-107.9,-11.21,31.73,-34.69,-10.25,17.57,-23.38,-102,-27.38,0.4221,-0.006897,0.8939,0.1776,-0.6954,0.3718,0.571,-0.4261,0.5432,0.2757,-0.6156,0.4367,-0.4363,-0.5354,-0.445,-0.7571,-0.2179,-0.3628,-0.5659,-0.376,-0.3994,0.7185,-0.1216,0.6804,0.6131,-0.06922,0.7843,0.5536,-0.5126,0.3315,0.5667,-0.5343,0.3825,0.07764,-0.3848,-4.88E-04,-0.628,-0.4505,-0.4088,-0.4489,-0.6585,-0.542,-0.09717,-0.2612,-0.1719
12.02,6.958,-0.01328,2.178,12.48,2.526,1.218,-4.064,15.12,3.067,18.24,3.055,18.16,-0.2723,1.811,-43.49,-36.39,-0.05646,4.416,-3.644,7.005,50.95,36.16,22.96,13.81,4.665,-5.109,8.907,-2.497,14.28,42.83,-26.11,22.84,7.9,-2.389,-6.848,-3,-76.77,-18.35,0.9399,-32.12,-11.48,-10.2,-31.37,-15.48,-10.38,7.118,-5.565,-21.36,-113.1,-0.6501,-0.5496,-113.3,14.47,-0.5675,-166.5,3.857,-18.95,-78.06,-5.898,-1.417,-80.41,1.004,-1.436,-90.78,24.13,-0.8877,-90.49,9.85,-1.289,-82.78,-15.98,-11.2,-83.34,14.96,2.961,-86.12,-27.78,4.6,-87.33,-4.783,1.951,-64.95,78.12,-109.9,-132.3,121.1,150.9,-246.6,283.2,2.931,-105.5,442.9,113.8,-150.9,72.75,-56.15,66.88,359.9,-13.19,-3.924,418.4,-87.88,-122.1,45.89,-2.431,-78.12,62.51,-112.3,-243.7,132.8,-81.54,84.46,-308.1,-86.92,702.6,-133.3,-637.7,-105.9,48.82,-93.27,-111.8,45.43,76.64,38.53,122.5,-54.22,0.4228,-0.008667,0.8932,0.1774,-0.6957,0.3692,0.5737,-0.4275,0.5389,0.2804,-0.6158,0.4342,-0.4383,-0.5342,-0.4467,-0.7556,-0.2203,-0.3658,-0.5638,-0.3789,-0.4019,0.7184,-0.1237,0.68,0.6143,-0.07068,0.7831,0.5487,-0.517,0.3303,0.5708,-0.5302,0.3814,0.08375,-0.3808,3.66E-04,-0.6291,-0.449,-0.4088,-0.4433,-0.6621,-0.5453,-0.09528,-0.2642,-0.1732
12.03,7.105,-0.002656,2.273,12.47,2.48,1.241,-3.62,14.68,3.136,18.08,3.118,18.01,-0.3309,1.717,-43.45,-36.86,-0.2594,4.385,-3.754,6.927,51.35,36.35,22.48,13.72,4.528,-5.118,9.543,-2.721,13.66,44.06,-25.93,23.57,8.005,-2.523,-7.042,-2.834,-76.44,-18.26,0.8695,-31.87,-11.29,-10.17,-31.21,-14.85,-10.32,6.802,-5.035,-21,-113.3,-0.6851,-0.4932,-113.4,13.99,-0.5084,-166.4,3.681,-18.43,-77.77,-5.823,-1.439,-80.21,1.223,-1.478,-91.26,23.83,-1.298,-90.93,10.18,-1.338,-83.02,-15.45,-11.34,-83.39,15.09,2.86,-86.22,-28.88,4.644,-87.2,-5.165,1.821,-43.45,91.79,-109.4,-84.46,102,161.6,-187,282.7,-10.74,-59.08,438,139.2,-106.9,45.41,-73.24,74.72,359.9,-19.05,-8.297,423.8,-80.08,-95.23,21,-43.95,-57.62,68.84,-144.1,-193.8,97.18,-6.824,43.92,-197.2,-36.12,671.5,-52.79,-621.6,-88.86,82.51,25.88,-233.9,165,13.7,34.12,-35.16,0,0.4235,-0.01038,0.8925,0.177,-0.6959,0.3668,0.5769,-0.4288,0.534,0.286,-0.6157,0.4318,-0.4407,-0.5326,-0.4492,-0.7541,-0.2225,-0.3692,-0.5617,-0.3815,-0.4049,0.7185,-0.1257,0.6794,0.6156,-0.07215,0.7818,0.544,-0.5217,0.3283,0.5741,-0.5268,0.3814,0.08625,-0.3766,0.001587,-0.6299,-0.4474,-0.4091,-0.4378,-0.6654,-0.5486,-0.09406,-0.2672,-0.1748
12.04,7.217,-0.01328,2.377,12.47,2.434,1.272,-3.117,14.28,3.19,17.87,3.17,17.81,-0.3529,1.631,-43.36,-37.23,-0.4922,4.347,-3.84,6.834,51.76,36.52,22,13.6,4.323,-5.062,10.1,-2.914,13.16,45.23,-25.58,24.28,7.706,-2.665,-7.164,-2.713,-76.11,-18.15,0.791,-31.67,-11.12,-10.11,-31.1,-14.19,-10.23,6.412,-4.468,-20.57,-113.3,-0.7612,-0.4261,-113.4,13.51,-0.438,-166.3,3.513,-17.89,-77.48,-5.717,-1.468,-80.04,1.436,-1.509,-91.66,23.51,-1.716,-91.29,10.36,-1.399,-83.25,-14.92,-11.06,-83.42,15.19,2.715,-86.29,-29.95,4.681,-87.07,-5.541,1.678,-26.37,90.34,-82.52,-33.2,92.29,137.2,-139.6,289.1,-39.55,-18.05,446.8,164.1,-55.17,39.55,-93.26,101.6,341.3,-20.51,4.896,427.7,-58.59,-68.84,18.55,-113.3,-56.63,68.84,-147,-125,29.31,57.13,69.31,-124.5,82.01,550.9,-138.6,-723.2,-145.5,69.81,32.21,-218.7,109.9,125,-22.5,42.01,13.15,0.4243,-0.01215,0.8918,0.1767,-0.6959,0.3648,0.5804,-0.4298,0.529,0.2924,-0.6153,0.4295,-0.4432,-0.5308,-0.4524,-0.7529,-0.2244,-0.373,-0.5598,-0.3839,-0.4083,0.7188,-0.1277,0.6785,0.617,-0.07343,0.7805,0.5395,-0.5266,0.3261,0.5765,-0.5245,0.3817,0.08515,-0.3719,0.003113,-0.6306,-0.4455,-0.4099,-0.4327,-0.6684,-0.552,-0.09272,-0.27,-0.1763
12.05,7.327,-0.04031,2.449,12.47,2.398,1.37,-2.591,13.89,3.289,17.65,3.272,17.59,-0.34,1.535,-43.24,-37.6,-0.7481,4.281,-3.913,6.726,52.17,36.73,21.49,13.44,4.121,-5.012,10.46,-2.955,12.74,46.39,-25.18,25.01,7.23,-2.736,-7.105,-2.726,-75.75,-18.05,0.6948,-31.47,-10.95,-10,-31.01,-13.5,-10.1,6.017,-3.872,-20.08,-113.4,-0.8559,-0.3514,-113.5,13.03,-0.3604,-166.1,3.381,-17.32,-77.23,-5.616,-1.519,-79.87,1.644,-1.544,-91.86,23.16,-2.041,-91.46,10.42,-1.444,-83.49,-14.46,-10.55,-83.3,15.23,2.614,-86.18,-31.06,4.64,-86.94,-5.921,1.548,-12.21,75.68,-65.92,-18.06,79.1,136.7,-106.9,318.9,-34.67,0.4996,464.3,182.6,-28.8,42.96,-91.8,124.5,306.2,-26.37,42.98,428.2,-81.54,-83.98,25.4,-176.3,-23.45,53.22,-173.3,-65.45,36.12,127.9,90.85,-111.4,70.32,239.9,-257.8,-773,-135.3,35.65,68.85,-111.4,18.59,79.14,-39.12,-26.89,71.75,0.4249,-0.01416,0.891,0.1765,-0.6955,0.3629,0.5843,-0.4306,0.5238,0.2993,-0.6146,0.4268,-0.4458,-0.529,-0.4557,-0.7519,-0.2261,-0.3771,-0.5583,-0.3863,-0.4119,0.7191,-0.1296,0.6777,0.6182,-0.07471,0.7793,0.5357,-0.5312,0.3245,0.5777,-0.5235,0.3819,0.08198,-0.3676,0.005005,-0.6314,-0.4437,-0.4111,-0.4279,-0.6706,-0.5561,-0.0915,-0.273,-0.1778
12.06,7.382,-0.06813,2.504,12.5,2.346,1.486,-2.048,13.51,3.433,17.41,3.419,17.35,-0.2987,1.426,-43.15,-37.92,-0.9907,4.217,-3.975,6.612,52.57,36.97,20.98,13.3,3.988,-4.941,10.68,-2.953,12.43,47.52,-24.91,25.69,6.759,-2.78,-6.913,-2.783,-75.39,-17.96,0.586,-31.25,-10.75,-9.862,-30.89,-12.76,-9.935,5.666,-3.262,-19.54,-113.3,-0.9757,-0.2559,-113.4,12.54,-0.2622,-165.8,3.257,-16.73,-77,-5.506,-1.564,-79.71,1.806,-1.57,-91.91,22.78,-2.215,-91.49,10.36,-1.479,-83.72,-14.25,-10.04,-83.14,15.25,2.516,-86.02,-32.17,4.57,-86.82,-6.355,1.426,-20.52,71.78,-68.84,-20.99,99.6,147.5,-101.6,342.3,-29.78,19.05,484.9,196.8,-27.82,29.79,-75.69,143.6,279.8,-26.86,65.93,421.4,-85.45,-96.69,41.99,-153.8,-10.25,27.84,-148.4,-39.54,8.312,174.8,87.38,-159.7,81.07,142.7,-407.2,-828.7,-137.7,-75.22,41.04,49.36,2.902,8.784,-86.91,34.64,135.7,0.4256,-0.01624,0.8903,0.1762,-0.6951,0.3606,0.5884,-0.431,0.5183,0.3062,-0.6137,0.4236,-0.4483,-0.5273,-0.4593,-0.7511,-0.2276,-0.3816,-0.557,-0.3885,-0.4159,0.7195,-0.1313,0.6769,0.6192,-0.07587,0.7783,0.5322,-0.5352,0.3238,0.5777,-0.5238,0.3822,0.0785,-0.3654,0.007142,-0.6324,-0.4417,-0.4127,-0.4232,-0.6725,-0.5604,-0.09028,-0.2763,-0.1793
12.07,7.381,-0.1016,2.569,12.54,2.296,1.557,-1.541,13.13,3.614,17.11,3.605,17.07,-0.269,1.296,-43.17,-38.11,-1.206,4.168,-3.989,6.49,52.94,37.17,20.47,13.19,3.924,-4.836,10.87,-2.961,12.22,48.67,-24.86,26.3,6.476,-2.795,-6.663,-2.828,-75.07,-17.86,0.4823,-30.96,-10.49,-9.718,-30.69,-12.01,-9.77,5.44,-2.644,-18.94,-113.2,-1.109,-0.1178,-113.3,12.02,-0.1205,-165.5,3.128,-16.08,-76.78,-5.366,-1.611,-79.55,1.942,-1.593,-91.91,22.4,-2.291,-91.48,10.19,-1.526,-83.94,-14.38,-9.753,-82.99,15.27,2.384,-85.86,-33.31,4.498,-86.69,-6.887,1.337,-40.52,45.41,-52.24,-14.66,119.6,163.6,-88.88,374.5,-38.58,46.39,479.5,205.1,-27.35,12.69,-65.92,129.9,262.7,-20.51,76.65,394,-60.07,-101.6,51.75,-111.3,-2.435,25.88,-146,12.69,35.64,191.9,116.2,-230,75.17,-30.4,-460,-863.7,-116.2,-142.6,-0.4722,233.9,-147,27.32,-136.2,-81.57,144.5,0.4262,-0.01813,0.8896,0.1758,-0.6947,0.3577,0.5925,-0.4316,0.5127,0.3126,-0.613,0.4196,-0.4512,-0.5257,-0.463,-0.7504,-0.2288,-0.3866,-0.5557,-0.3907,-0.4205,0.72,-0.1331,0.6758,0.62,-0.07697,0.7775,0.5294,-0.5385,0.3241,0.5773,-0.5248,0.3827,0.07666,-0.3661,0.0094,-0.6331,-0.4397,-0.4143,-0.4184,-0.6745,-0.5647,-0.08924,-0.2805,-0.1808
12.08,7.341,-0.1326,2.644,12.57,2.23,1.594,-1.069,12.78,3.819,16.72,3.811,16.69,-0.238,1.161,-43.32,-38.17,-1.399,4.151,-3.977,6.351,53.26,37.34,20.01,13.1,3.937,-4.723,10.98,-2.946,12.15,49.85,-25.11,26.82,6.514,-2.819,-6.343,-2.912,-74.79,-17.74,0.3801,-30.58,-10.18,-9.557,-30.4,-11.23,-9.591,5.373,-2.015,-18.31,-113,-1.288,0.0624,-113,11.5,0.06338,-165.1,2.992,-15.4,-76.55,-5.212,-1.647,-79.4,2.054,-1.606,-91.84,22.06,-2.258,-91.42,9.907,-1.551,-84.17,-14.93,-9.803,-82.82,15.29,2.259,-85.67,-34.48,4.405,-86.6,-7.522,1.233,-32.22,37.11,-41.51,7.816,134.3,144.5,-77.14,383.3,-35.65,58.58,467.3,220.7,-18.06,13.67,-46.88,129.4,277.3,13.19,96.68,338.9,-24.9,-81.55,60.54,-109.9,3.417,64.94,-148.4,-38.55,63.49,225.6,125.5,-311,43.96,31.74,-396.5,-777.3,-70.78,-181.6,51.76,270.5,-109.4,-9.268,-60,-69.81,106.5,0.4271,-0.0199,0.8889,0.1752,-0.6944,0.354,0.5965,-0.4323,0.5066,0.3185,-0.6124,0.4146,-0.4541,-0.5241,-0.4672,-0.75,-0.2297,-0.392,-0.5546,-0.3927,-0.4256,0.7206,-0.1348,0.6747,0.6207,-0.07794,0.7768,0.5277,-0.5406,0.3253,0.5762,-0.5264,0.3837,0.07734,-0.3704,0.01178,-0.6339,-0.4377,-0.4159,-0.4134,-0.6763,-0.5692,-0.0879,-0.2856,-0.1821
12.09,7.269,-0.1673,2.719,12.61,2.154,1.622,-0.6292,12.45,4.049,16.3,4.043,16.27,-0.2134,1.01,-43.56,-38.14,-1.559,4.206,-3.933,6.193,53.49,37.45,19.57,13.03,3.933,-4.564,11.07,-3,12.21,51.06,-25.63,27.28,6.826,-2.907,-6.012,-2.937,-74.54,-17.59,0.2874,-30.15,-9.821,-9.378,-30.04,-10.44,-9.396,5.479,-1.389,-17.63,-112.7,-1.469,0.274,-112.7,10.98,0.2791,-164.7,2.801,-14.69,-76.33,-5.024,-1.665,-79.25,2.169,-1.598,-91.75,21.73,-2.211,-91.33,9.523,-1.537,-84.39,-15.85,-10.13,-82.73,15.32,2.092,-85.56,-35.65,4.377,-86.5,-8.241,1.118,-10.24,47.85,-60.55,-4.877,136.2,154.8,-66.88,373,-43.45,71.27,445.3,215.3,-30.27,6.835,-49.8,134.8,261.7,-3.904,133.3,279.3,-23.93,-51.74,76.66,-132.8,15.63,106,-136.2,-4.378,136.2,258.3,75.23,-395.5,31.71,238.9,-228.5,-691.4,-43.44,-139.6,90.81,215.3,20.04,-57.14,-35.14,33.74,145.5,0.4282,-0.02155,0.8881,0.1746,-0.694,0.3497,0.6002,-0.4334,0.5,0.3236,-0.612,0.4085,-0.4574,-0.5225,-0.4715,-0.7497,-0.2305,-0.3977,-0.5532,-0.3947,-0.4311,0.7215,-0.1364,0.6733,0.6214,-0.07874,0.7761,0.527,-0.5421,0.327,0.5745,-0.5285,0.3853,0.07996,-0.3778,0.01416,-0.6344,-0.4357,-0.4174,-0.4082,-0.6785,-0.5732,-0.08637,-0.2913,-0.1835
12.1,7.198,-0.1882,2.789,12.64,2.062,1.652,-0.2252,12.13,4.289,15.8,4.285,15.78,-0.1832,0.8606,-43.88,-38.03,-1.69,4.34,-3.87,6.053,53.65,37.46,19.09,12.94,3.862,-4.375,11.17,-3.113,12.36,52.31,-26.26,27.71,7.205,-2.99,-5.695,-2.919,-74.29,-17.42,0.1918,-29.64,-9.433,-9.185,-29.6,-9.655,-9.191,5.752,-0.7768,-16.94,-112.4,-1.687,0.5052,-112.3,10.45,0.5137,-164.3,2.524,-13.99,-76.13,-4.827,-1.671,-79.11,2.293,-1.593,-91.67,21.37,-2.232,-91.25,9.02,-1.529,-84.59,-16.99,-10.54,-82.71,15.36,1.875,-85.53,-36.87,4.414,-86.4,-9.033,1.055,-14.66,60.06,-74.7,-11.24,153.3,156.2,-65.44,349.6,-42.97,67.88,384.3,217.8,-38.56,-2.929,-62.01,148.9,236.3,-6.345,159.7,248,5.855,-24.41,84.96,-135.3,10.74,105,-127,-28.32,162.6,188,29.77,-422.8,9.265,341.4,-146.9,-622.1,-34.67,-139.6,8.784,219.2,-2.902,69.31,-95.29,27.41,181.6,0.4294,-0.02319,0.8873,0.1737,-0.6937,0.3448,0.6037,-0.4347,0.4929,0.3278,-0.612,0.4016,-0.4605,-0.521,-0.4761,-0.7496,-0.231,-0.4037,-0.5513,-0.3965,-0.437,0.7224,-0.1378,0.6719,0.6221,-0.07953,0.7753,0.5273,-0.5436,0.3288,0.5724,-0.5311,0.3874,0.08313,-0.3871,0.01654,-0.6352,-0.4333,-0.4194,-0.4027,-0.6811,-0.5768,-0.08521,-0.2977,-0.1849
12.11,7.153,-0.1984,2.843,12.65,1.953,1.686,0.1085,11.85,4.574,15.27,4.571,15.26,-0.1691,0.7429,-44.39,-37.84,-1.789,4.569,-3.763,5.954,53.87,37.4,18.59,12.82,3.652,-4.138,11.34,-3.148,12.55,53.6,-26.95,28.09,7.549,-2.975,-5.447,-2.97,-74.07,-17.24,0.1023,-28.98,-8.97,-8.983,-29,-8.863,-8.98,6.149,-0.2026,-16.2,-112,-1.946,0.7321,-111.8,9.9,0.743,-163.9,2.133,-13.32,-75.95,-4.643,-1.654,-78.99,2.432,-1.576,-91.67,20.97,-2.401,-91.23,8.428,-1.532,-84.76,-18.27,-10.96,-82.61,15.36,1.645,-85.37,-38.16,4.362,-86.3,-9.939,1.031,-22.46,59.08,-87.89,-18.06,151.4,139.2,-73.75,327.6,-41.01,70.81,334.5,187.5,-42.96,3.425,-59.57,139.6,222.7,-19.53,164.1,230.5,27.35,-15.15,98.62,-116.7,0.491,88.87,-150.9,-86.45,167,119.6,-27.31,-378.9,1.93,358.5,-159.1,-575.6,-63,-127.4,26.87,222.7,49.78,61.97,-71.76,-35.16,171.4,0.4307,-0.02472,0.8864,0.1727,-0.6933,0.3393,0.6069,-0.4363,0.4855,0.3314,-0.6118,0.3941,-0.4636,-0.5194,-0.4811,-0.7496,-0.2312,-0.4101,-0.5487,-0.3977,-0.4432,0.7232,-0.139,0.6706,0.623,-0.08021,0.7745,0.5288,-0.5451,0.3306,0.5704,-0.5337,0.3902,0.08619,-0.3974,0.01898,-0.6358,-0.4307,-0.4217,-0.3971,-0.6832,-0.5812,-0.0843,-0.3051,-0.1863
12.12,7.13,-0.1989,2.911,12.62,1.821,1.725,0.404,11.58,4.861,14.68,4.859,14.67,-0.1505,0.6206,-44.83,-37.55,-1.824,4.907,-3.604,5.944,53.94,37.26,18.09,12.68,3.318,-3.887,11.64,-3.132,12.84,54.89,-27.65,28.32,8.082,-2.944,-5.608,-3.109,-73.84,-17.03,4.67E-04,-28.38,-8.496,-8.749,-28.44,-8.096,-8.74,6.665,0.3092,-15.4,-111.5,-2.238,0.9684,-111.3,9.338,0.9806,-163.4,1.627,-12.74,-75.77,-4.46,-1.627,-78.87,2.592,-1.56,-91.83,20.56,-2.743,-91.33,7.732,-1.538,-84.62,-19.66,-11.72,-82.47,15.36,1.414,-85.15,-39.45,4.269,-86.25,-10.99,1.023,-43.96,44.92,-88.87,-23.45,144,134.3,-94.73,335.5,-41.01,65.91,291.5,142.1,-69.83,6.354,-42.48,123.1,235.3,21.97,183.1,225.1,86.42,-57.14,106.9,-80.07,-22.46,101.6,-162.6,-57.14,112.3,49.32,-63,-350.6,30.28,1365,2938,-231.9,-47.85,-176.3,84.95,285.6,69.37,23.93,-113.8,137.7,318.9,0.4323,-0.02637,0.8854,0.1716,-0.6929,0.3331,0.6097,-0.4381,0.4778,0.3343,-0.6115,0.3861,-0.4668,-0.5177,-0.4864,-0.7495,-0.231,-0.4167,-0.5459,-0.3979,-0.4499,0.7241,-0.1401,0.6692,0.624,-0.08081,0.7735,0.5315,-0.5469,0.332,0.5686,-0.5362,0.394,0.09101,-0.4089,0.01886,-0.6366,-0.4279,-0.4242,-0.3915,-0.685,-0.5857,-0.0832,-0.3136,-0.1873
12.13,7.058,-0.1857,2.989,12.65,1.664,1.745,0.6553,11.31,5.202,14.05,5.201,14.04,-0.0933,0.4978,-45.38,-37.18,-1.815,5.331,-3.409,6.112,54.04,37.08,17.6,12.54,3.043,-3.582,12.1,-3.096,13.28,56.25,-28.17,28.41,6.743,-2.733,-6.563,-3.288,-73.63,-16.82,-0.1162,-27.69,-7.986,-8.466,-27.79,-7.337,-8.453,7.273,0.7393,-14.54,-110.9,-2.571,1.21,-110.7,8.738,1.223,-162.9,1.016,-12.31,-75.59,-4.218,-1.594,-78.76,2.76,-1.553,-92.16,20.17,-3.096,-91.61,6.9,-1.552,-83.8,-20.93,-10.93,-82.32,15.38,1.125,-84.85,-40.8,4.119,-86.2,-12.24,1.176,-44.44,24.9,-80.07,-37.11,130.9,136.7,-125.5,351.6,-42.49,50.79,265.1,106,-89.36,0,-37.11,81.06,208.5,-26.86,202.6,230.5,74.71,-77.16,113.3,-58.6,-21.48,95.21,-87.41,-5.361,68.35,-95.22,-48.31,-474.6,167.5,3822,1294,795.9,-45.42,-253.4,-51.28,508.3,-102,71.8,-190.9,46.93,410.7,0.4338,-0.02808,0.8844,0.1703,-0.6923,0.3265,0.6122,-0.4403,0.4697,0.3366,-0.6108,0.3777,-0.4699,-0.5158,-0.4922,-0.7492,-0.2308,-0.4236,-0.5429,-0.3967,-0.4569,0.7253,-0.1412,0.6675,0.625,-0.08149,0.7725,0.5344,-0.548,0.3338,0.5672,-0.5385,0.3991,0.08002,-0.419,0.01422,-0.6372,-0.4247,-0.427,-0.3858,-0.6865,-0.5906,-0.08326,-0.3239,-0.1881
12.14,6.963,-0.1689,3.113,12.71,1.533,1.7,0.8629,11.03,5.586,13.36,5.586,13.36,-0.04446,0.3881,-46.01,-36.65,-1.744,5.88,-3.18,6.506,54.12,36.79,17.09,12.39,2.853,-3.244,12.33,-3.011,13.94,57.66,-26.27,28.31,4.457,-2.393,-7.872,-3.55,-73.45,-16.6,-0.2055,-26.95,-7.453,-8.141,-27.08,-6.599,-8.126,7.979,1.075,-13.62,-110.3,-2.946,1.481,-110,8.079,1.494,-162.3,0.2681,-12.04,-75.37,-3.939,-1.565,-78.67,2.941,-1.558,-92.26,19.79,-3.284,-91.66,5.874,-1.573,-82.54,-19.95,-9.019,-82.13,15.39,0.8044,-84.46,-42.21,3.882,-86.21,-13.73,1.442,-5.375,19.53,-68.37,-53.71,129.9,145.5,-138.2,383.8,-25.88,16.59,241.2,104,-95.71,-22.46,-39.07,78.62,152.3,-63.48,160.1,232.4,56.64,-82.52,73.74,-46.38,-22.96,63.96,-74.7,-34.67,-126.4,-112.3,-174.3,-330.6,-117.7,5249,-1819,-836.5,-98.17,-337.9,1.464,693.8,-158.7,-11.2,-240.3,0.5171,428.2,0.4354,-0.02948,0.8835,0.1688,-0.6915,0.3195,0.6141,-0.4432,0.4613,0.3382,-0.6096,0.369,-0.4731,-0.514,-0.4983,-0.7486,-0.2307,-0.4309,-0.5398,-0.3939,-0.4642,0.7267,-0.1426,0.6655,0.6262,-0.08216,0.7715,0.5373,-0.5486,0.3363,0.564,-0.5427,0.4041,0.06,-0.4107,0.004273,-0.6379,-0.4212,-0.4301,-0.3798,-0.6875,-0.5959,-0.08386,-0.3363,-0.1886
12.15,6.896,-0.1613,3.316,12.71,1.406,1.59,1.015,10.74,5.998,12.59,5.997,12.59,-0.001588,0.2908,-46.67,-35.98,-1.623,6.505,-2.947,7.088,54.12,36.43,16.6,12.3,2.719,-2.864,11.91,-2.911,15.04,59.17,-20.45,27.93,3.032,-1.953,-7.298,-3.857,-73.31,-16.37,-0.2739,-26.22,-6.899,-7.762,-26.36,-5.894,-7.746,8.784,1.319,-12.67,-109.5,-3.376,1.781,-109.1,7.36,1.793,-161.7,-0.5657,-11.91,-75.12,-3.701,-1.523,-78.61,3.11,-1.544,-91.72,19.48,-3.173,-91.07,4.462,-1.755,-82.85,-15.61,-6.916,-81.97,15.45,0.4618,-84.03,-43.65,3.585,-86.29,-15.55,1.821,30.28,16.6,-80.07,-14.66,143.6,164.1,-121.6,398.4,-41.99,21.98,230.5,75.2,-65.44,-22.46,-56.15,105.5,134.3,-41.99,131.9,251.9,103.5,-88.37,11.24,-49.32,-26.37,62.99,-40.04,-26.36,-149.4,-115.7,67.85,-34.19,-498.5,-1243,-2199,-688,-72.76,-444.3,62.52,829.5,-70.82,-119.6,-277.8,62.05,553.7,0.4372,-0.03064,0.8825,0.1675,-0.6903,0.3124,0.6153,-0.4471,0.4522,0.3389,-0.6083,0.3601,-0.4763,-0.5123,-0.5047,-0.7476,-0.2304,-0.4386,-0.5365,-0.3899,-0.4718,0.7278,-0.1442,0.6638,0.6273,-0.08246,0.7705,0.5402,-0.5486,0.3393,0.557,-0.5522,0.4075,0.04755,-0.3743,0.004395,-0.6387,-0.4173,-0.433,-0.3734,-0.6885,-0.6015,-0.08485,-0.3514,-0.1886
12.16,6.844,-0.1729,3.478,12.67,1.286,1.542,1.112,10.45,6.433,11.76,6.433,11.75,0.06114,0.174,-47.35,-35.18,-1.506,7.137,-2.711,7.769,54.02,36.04,16.16,12.3,2.656,-2.45,11.71,-2.842,16.85,60.82,-14.96,27.23,3.468,-1.421,-6.529,-4.143,-73.2,-16.11,-0.3398,-25.5,-6.343,-7.331,-25.65,-5.239,-7.317,9.697,1.51,-11.71,-108.6,-3.846,2.109,-108.2,6.599,2.118,-161,-1.402,-11.82,-74.96,-3.48,-1.48,-78.61,3.276,-1.509,-91.47,19.23,-3.065,-90.71,2.4,-1.981,-83.51,-12.24,-6.93,-81.89,15.59,0.09338,-83.68,-45.17,3.317,-86.43,-17.75,2.371,-4.898,8.302,-68.37,56.65,161.6,149.4,-62.5,389.6,-62.99,66.41,203.6,65.92,-48.83,-21.98,-66.89,143.6,168.5,-18.07,128.9,256.4,138.7,-70.79,7.314,-60.54,-35.64,14.17,-5.867,116.2,-15.12,-249.5,563.5,353.5,-53.22,-777.7,205.5,1317,-65.92,-602.5,16.1,1145,-99.65,-95.74,-391.6,63.99,733.4,0.439,-0.03168,0.8815,0.1663,-0.6888,0.3053,0.6155,-0.4519,0.4423,0.3389,-0.607,0.3507,-0.4795,-0.5107,-0.5113,-0.7463,-0.2298,-0.4465,-0.5337,-0.385,-0.4796,0.7289,-0.1451,0.6622,0.6284,-0.08234,0.7696,0.542,-0.5484,0.3419,0.5489,-0.5632,0.4147,0.05316,-0.3468,0.007019,-0.6396,-0.4131,-0.4355,-0.3663,-0.6899,-0.6068,-0.08662,-0.3697,-0.1882
12.17,6.708,-0.1786,3.523,12.68,1.178,1.587,1.182,10.18,6.949,10.9,6.946,10.9,0.1925,0.01524,-48.05,-34.21,-1.418,7.817,-2.589,8.438,53.81,35.63,15.9,12.46,2.776,-2.021,11.82,-2.733,18.87,62.63,-10.23,26.15,3.897,-0.6617,-6.549,-4.493,-73.12,-15.87,-0.4029,-24.78,-5.801,-6.794,-24.92,-4.627,-6.781,10.71,1.644,-10.79,-107.5,-4.336,2.467,-107.1,5.839,2.473,-160.1,-2.252,-11.72,-74.93,-3.233,-1.441,-78.61,3.388,-1.474,-91.56,19.1,-2.913,-90.75,0.2493,-1.975,-83.75,-9.681,-7.036,-81.78,15.84,-0.2843,-83.21,-46.73,2.94,-86.62,-20.38,3.168,-59.58,-17.09,-43.46,103,154.3,133.3,25.4,339.4,-94.73,128.9,172.4,53.71,-48.35,-51.27,-59.57,148.4,141.6,-5.862,85.92,227.5,122.1,-16.12,37.59,-24.91,-53.22,-38.58,74.22,-90.33,-80.07,-111.8,338.4,602.1,542,-617,474.1,969.3,-18.08,-806.2,-32.73,1597,-211.5,-100.1,-524.4,-73.68,865.7,0.4409,-0.03259,0.8805,0.165,-0.6867,0.2984,0.6148,-0.4575,0.4317,0.3379,-0.606,0.3411,-0.4829,-0.509,-0.518,-0.7452,-0.2283,-0.4547,-0.531,-0.3798,-0.4882,0.7303,-0.1453,0.6606,0.6292,-0.08215,0.7689,0.544,-0.5466,0.3451,0.5412,-0.5716,0.4249,0.05725,-0.3259,0.006775,-0.6407,-0.4084,-0.4375,-0.3589,-0.6908,-0.6125,-0.08979,-0.3914,-0.1878
12.18,6.502,-0.1711,3.59,12.63,1.05,1.615,1.23,9.926,7.498,9.974,7.489,9.972,0.3879,-0.1902,-48.77,-33.14,-1.386,8.497,-2.579,9.054,53.58,35.24,15.72,12.89,2.595,-1.562,11.37,-2.503,19.94,64.64,-6.251,24.58,3.964,0.2085,-5.899,-4.996,-73.06,-15.59,-0.4651,-24.05,-5.278,-6.16,-24.18,-4.056,-6.149,11.76,1.739,-9.935,-106.4,-4.85,2.859,-105.9,5.064,2.86,-159.2,-3.075,-11.52,-74.89,-3.004,-1.383,-78.64,3.414,-1.43,-91.07,18.95,-2.853,-90.26,-0.9707,-1.769,-84.13,-6.997,-6.483,-81.58,16.28,-0.6564,-82.53,-48.31,2.378,-86.9,-23.5,4.12,-53.22,-18.56,-19.54,114.3,127.4,131.8,93.26,263.7,-111.8,184.6,126.5,0.9815,-29.3,-49.8,-58.59,135.7,110.3,7.324,34.68,230.9,127.4,45.4,50.28,38.58,-59.58,-36.62,199.2,-36.63,-81.53,571.8,165.1,825.2,264.7,-1471,336.5,177.2,3.418,-817.4,-66.4,2043,-439.4,-206.5,-676.3,-203.6,966.8,0.443,-0.03345,0.8794,0.1636,-0.6839,0.2916,0.6134,-0.4636,0.4206,0.3364,-0.6052,0.3317,-0.4864,-0.5074,-0.5247,-0.7442,-0.2257,-0.4636,-0.5285,-0.3748,-0.4975,0.7316,-0.1453,0.659,0.6294,-0.08173,0.7688,0.5479,-0.5454,0.3475,0.5335,-0.5779,0.4298,0.05609,-0.3032,0.008606,-0.6415,-0.4035,-0.4381,-0.3516,-0.6908,-0.6189,-0.09327,-0.4169,-0.1871
12.19,6.309,-0.1438,3.856,12.47,0.9132,1.478,1.278,9.706,8.033,9.018,8.014,9.008,0.5566,-0.4188,-49.62,-31.99,-1.317,9.145,-2.618,9.557,53.49,34.94,15.51,13.61,2.194,-1.102,10.17,-2.141,20.18,66.85,-3.952,22.48,4.261,1.216,-4.189,-5.597,-73.03,-15.3,-0.5215,-23.21,-4.745,-5.541,-23.33,-3.474,-5.532,12.77,1.79,-9.133,-105.2,-5.387,3.264,-104.7,4.303,3.259,-158.2,-3.84,-11.21,-74.72,-2.874,-1.317,-78.71,3.347,-1.402,-89.86,18.67,-2.75,-89.09,-1.492,-1.561,-84.78,-5.313,-6.222,-81.3,16.92,-1.014,-81.62,-49.89,1.579,-87.23,-27.17,5.25,59.58,-26.37,44.92,135.3,108.9,120.6,146.5,176.7,-146,262.7,82.52,-56.16,3.422,-43.46,-70.8,130.9,78.12,36.14,8.783,260.3,133.8,104,-17.57,147.9,19.54,-90.32,451.2,307.6,58.1,157.2,-106.9,1213,-1099,550.2,1903,684,58.59,-761.8,-44.44,1989,-610.3,-286.2,-730.5,-427.2,965.8,0.4452,-0.03418,0.8784,0.1618,-0.6813,0.2841,0.6117,-0.4701,0.4091,0.3346,-0.6044,0.3227,-0.4899,-0.506,-0.5314,-0.7437,-0.2216,-0.4731,-0.5265,-0.3701,-0.5075,0.7322,-0.1462,0.658,0.6291,-0.08106,0.7692,0.5503,-0.5469,0.3487,0.5248,-0.5846,0.4287,0.05707,-0.2888,0.01318,-0.6425,-0.3978,-0.4376,-0.3443,-0.69,-0.626,-0.09717,-0.4464,-0.1867
12.2,6.224,-0.1582,4.462,12.15,0.7906,1.094,1.32,9.516,8.555,8.109,8.535,8.086,0.6066,-0.6247,-50.77,-30.8,-1.15,9.689,-2.632,9.939,53.75,34.86,15.36,14.68,1.641,-0.5206,9.513,-1.658,20.72,69.37,-1.378,19.87,2.073,2.054,-3.12,-6.313,-73.05,-15.06,-0.5321,-22.12,-4.183,-5.016,-22.24,-2.868,-5.009,13.69,1.781,-8.37,-104.1,-5.939,3.667,-103.5,3.557,3.654,-156.9,-4.49,-10.77,-74.34,-2.934,-1.227,-78.93,3.196,-1.323,-89.33,18.33,-2.932,-88.36,-2.37,-2.405,-85.18,-3.611,-4.681,-81.02,17.83,-1.401,-80.57,-51.51,0.6407,-87.71,-31.37,6.394,308.6,-1.951,106.9,216.8,136.2,37.6,179.2,97.65,-177.7,303.2,41.02,-94.73,88.86,-17.58,-64.46,144.5,-3.912,3.904,30.76,281.3,117.7,183.6,-202.2,247.6,159.7,-220.2,550.3,945.8,596.2,-267.1,679.7,1570,-1807,-1239,140.6,1373,112.3,-569.3,-91.8,1652,-754.4,-356.9,-696.3,-766.6,1097,0.447,-0.03436,0.8775,0.1586,-0.6796,0.2749,0.6099,-0.4763,0.3976,0.3329,-0.6032,0.3146,-0.4933,-0.5045,-0.5379,-0.7436,-0.2161,-0.4831,-0.5254,-0.3657,-0.518,0.7314,-0.1481,0.658,0.6282,-0.07923,0.7702,0.5521,-0.5489,0.3494,0.521,-0.5943,0.4258,0.04645,-0.2731,0.01807,-0.6438,-0.3912,-0.4356,-0.3366,-0.6888,-0.6334,-0.09962,-0.4795,-0.186
12.21,6.238,-0.25,5.297,11.69,0.6794,0.6374,1.415,9.33,9.081,7.248,9.064,7.206,0.5582,-0.7922,-52.17,-29.57,-0.9346,10.06,-2.685,10.2,54.35,35.01,15.46,16.06,0.7657,0.1826,8.674,-1.06,21.68,72.17,0.5843,16.8,0.2634,2.593,-2.082,-7.014,-73.11,-14.85,-0.4782,-20.82,-3.609,-4.525,-20.94,-2.198,-4.519,14.47,1.77,-7.641,-102.9,-6.488,4.06,-102.2,2.818,4.039,-155.6,-4.982,-10.2,-73.91,-3.172,-1.089,-79.32,2.974,-1.12,-88.77,18.15,-3.285,-87.61,-3.493,-2.816,-85.56,-2.805,-3.182,-80.77,19,-1.73,-79.5,-53.14,-0.3415,-88.31,-36.06,7.475,571.3,29.3,96.2,341.8,166.5,-40.53,258.8,64.94,-206.5,366.2,20.51,-95.71,258.8,5.859,-24.41,224.1,-126,-35.16,128.9,313.5,94.73,410.2,-445.3,292,260.3,-471.2,575.7,1303,1376,-836.9,2483,1044,-292.5,-417.9,-1105,1354,308.6,-358.9,-151.4,1256,-644.5,-356.4,171.9,-823.7,1026,0.4488,-0.03394,0.8767,0.1544,-0.6784,0.2641,0.6086,-0.4818,0.3861,0.3318,-0.6018,0.3073,-0.4966,-0.503,-0.5443,-0.7436,-0.2098,-0.4934,-0.5256,-0.3616,-0.5291,0.7296,-0.1498,0.6591,0.6272,-0.0755,0.7716,0.5557,-0.5506,0.3488,0.5144,-0.6033,0.4262,0.03534,-0.265,0.02362,-0.6456,-0.3839,-0.4318,-0.3286,-0.6877,-0.6405,-0.09992,-0.5153,-0.1856
12.22,6.489,-0.3505,6.03,11.09,0.4763,0.4895,1.56,9.106,9.673,6.498,9.659,6.425,0.527,-0.9855,-53.66,-28.3,-0.7384,10.23,-2.791,10.36,55.19,35.38,15.79,17.56,-0.08306,0.9867,7.211,-0.4204,23.09,75.07,1.997,13.75,-0.1735,2.645,-0.8974,-7.568,-73.16,-14.69,-0.4314,-19.42,-3.055,-3.998,-19.53,-1.5,-3.993,15.11,1.779,-6.928,-101.7,-7.011,4.421,-101,2.069,4.391,-154,-5.312,-9.515,-73.78,-3.61,-0.8519,-79.89,2.811,-0.8019,-87.72,18.33,-3.338,-86.53,-4.724,-2.556,-85.73,-2.69,-2.419,-80.6,20.35,-1.997,-78.51,-54.69,-1.276,-88.91,-40.64,8.206,592.3,31.25,57.14,427.7,159.2,-71.29,371.6,89.84,-213.9,436,20.99,-85.93,455.6,82.52,40.53,348.6,-272.5,-127.9,284.2,332.5,82.03,825.2,-612.3,316.9,177.7,-651.4,417,226.1,1247,-433.1,2380,-253,1281,-68.82,-1069,147.4,630.4,-276.8,-134.3,814.4,-362.3,-424.3,73.67,-582.5,781.8,0.45,-0.03357,0.8761,0.1494,-0.677,0.2528,0.6076,-0.4868,0.3746,0.3315,-0.6001,0.3008,-0.5004,-0.5008,-0.5509,-0.7436,-0.2031,-0.5039,-0.5272,-0.3576,-0.5406,0.727,-0.1491,0.6617,0.6266,-0.07007,0.7727,0.5594,-0.5504,0.3472,0.5028,-0.6116,0.4292,0.02936,-0.2634,0.02637,-0.6475,-0.3766,-0.4263,-0.3207,-0.687,-0.6467,-0.09675,-0.5492,-0.1853
12.23,7.097,-0.3506,6.305,10.38,0.1019,0.911,1.706,8.705,10.37,5.988,10.36,5.857,0.5651,-1.248,-55.12,-27.05,-0.6003,10.12,-2.916,10.42,56.13,36,16.34,18.92,-0.771,1.758,5.982,0.04039,24.84,77.88,3.138,10.66,-0.06336,2.439,-0.1556,-7.86,-73.16,-14.61,-0.4578,-17.99,-2.522,-3.434,-18.09,-0.8189,-3.431,15.65,1.827,-6.224,-100.4,-7.439,4.702,-99.72,1.237,4.663,-152.2,-5.506,-8.695,-74.16,-4.24,-0.4763,-80.51,2.826,-0.44,-86.97,18.93,-3.302,-85.76,-5.88,-2.302,-85.73,-2.738,-2.237,-80.62,21.74,-2.214,-77.86,-56.1,-1.988,-89.55,-45.11,8.806,336.4,-43.45,43.46,482.9,144,-90.33,480.9,131.3,-248.5,469.7,38.08,-83.5,581,127,149.9,464.8,-400.9,-189,422.4,297.9,55.18,894,-586.9,321.3,233.9,-511.2,34.68,-296.9,96.69,552.7,803.2,-125,1057,-232.9,-725,253.9,1061,-212.9,-101.1,414.6,-134.3,-417.4,716.9,-277.8,596.2,0.4506,-0.03382,0.8758,0.1443,-0.6754,0.2414,0.6069,-0.4913,0.3633,0.3319,-0.5984,0.2946,-0.5049,-0.4972,-0.5576,-0.7431,-0.1965,-0.5148,-0.5301,-0.3538,-0.5526,0.7241,-0.1442,0.6659,0.6273,-0.06415,0.7729,0.5588,-0.5506,0.3416,0.493,-0.6182,0.4328,0.02777,-0.2636,0.02673,-0.649,-0.3703,-0.4195,-0.3128,-0.6872,-0.6515,-0.09186,-0.5813,-0.1848
12.24,7.404,-0.3061,6.007,10.06,-0.2783,1.763,1.764,8.037,11.19,5.743,11.17,5.524,0.6527,-1.58,-56.6,-25.77,-0.5963,9.774,-3.007,10.42,57.15,36.82,17.42,20.21,-1.313,2.337,5.62,0.1808,27.36,80.47,4.346,7.95,0.2631,2.048,-0.1996,-7.904,-73.14,-14.63,-0.5445,-16.53,-1.994,-2.829,-16.62,-0.2321,-2.827,16.14,1.931,-5.51,-99.14,-7.75,4.906,-98.45,0.2578,4.861,-150.2,-5.642,-7.729,-74.98,-4.571,-0.1155,-80.99,2.837,-0.1084,-87.01,20.02,-3.489,-85.67,-7.303,-2.148,-85.63,-2.953,-2.407,-80.84,23.06,-2.378,-77.58,-57.36,-2.437,-90.21,-49.06,9.213,50.29,-136.7,132.3,487.3,127.4,-133.3,528.8,143.5,-279.8,481.5,55.66,-55.17,593.8,61.53,211.4,505.9,-476.1,-200.2,520,243.7,12.7,435.1,-324.2,264.7,243.2,-179.2,-64.95,-69.83,-396,504.9,-275.8,-46.36,29.78,-193.4,-339.4,-34.12,1310,-9.79,-168.4,99.07,-149.9,-395,-217.3,-407.7,357.9,0.4504,-0.03443,0.876,0.139,-0.6735,0.2298,0.6056,-0.4955,0.3524,0.3328,-0.5966,0.2885,-0.5102,-0.4923,-0.5645,-0.7416,-0.1905,-0.5263,-0.5335,-0.3503,-0.5651,0.7234,-0.1369,0.6685,0.6278,-0.05921,0.773,0.5576,-0.5495,0.3323,0.4861,-0.6229,0.4399,0.02881,-0.2656,0.0257,-0.6501,-0.3653,-0.4121,-0.3048,-0.6884,-0.6547,-0.08558,-0.6089,-0.184
12.25,7.093,-0.3385,5.405,10.37,-0.4218,2.668,1.733,7.112,12.03,5.667,12.01,5.348,0.7047,-1.887,-58.12,-24.54,-0.7251,9.276,-3.035,10.34,58.18,37.85,18.57,21.47,-1.624,2.768,4.758,-0.06924,29.89,82.79,5.445,5.352,0.6164,1.548,0.4427,-7.86,-73.13,-14.67,-0.5994,-15.03,-1.494,-2.203,-15.1,0.2383,-2.202,16.64,2.085,-4.783,-97.88,-7.95,5.057,-97.25,-0.8651,5.009,-148.2,-5.795,-6.596,-75.88,-4.305,0.03132,-81.26,2.81,0.1037,-86.33,21.18,-3.365,-84.88,-8.674,-2.233,-85.53,-3.251,-2.802,-81.3,24.28,-2.685,-77.5,-58.44,-2.806,-90.97,-52.71,9.514,-3.404,-144,226.6,456.1,101.1,-182.6,503.9,107.9,-276.9,461.4,78.12,-19.53,510.7,-119.1,219.2,451.2,-443.8,-163.1,566.9,153.8,-35.15,161.1,25.89,92.29,257.3,182.6,39.06,189.5,-551.8,175.8,-629.9,-325.2,-110.9,85.52,283.7,43.04,970.2,331,-201.2,-141.2,-311,-214.4,-980.5,-258.8,-27.82,0.45,-0.03479,0.8762,0.1334,-0.6715,0.2178,0.6039,-0.4992,0.3421,0.3341,-0.5951,0.2819,-0.516,-0.4866,-0.5708,-0.7392,-0.1853,-0.5384,-0.5368,-0.3471,-0.5784,0.726,-0.1306,0.6676,0.6278,-0.05622,0.7733,0.5588,-0.5465,0.3245,0.4764,-0.6311,0.4429,0.03168,-0.2684,0.02429,-0.6508,-0.3604,-0.4053,-0.2972,-0.6899,-0.6572,-0.07788,-0.6336,-0.1823
12.26,6.627,-0.4261,4.922,10.89,-0.3369,3.343,1.647,6.042,12.87,5.661,12.86,5.243,0.711,-2.146,-59.65,-23.5,-0.9421,8.761,-3.015,10.14,59.18,39.14,19.41,22.8,-1.664,3.108,3.827,-0.447,32.09,84.87,6.561,2.512,0.7039,1.195,1.234,-8.011,-73.08,-14.73,-0.6135,-13.47,-1.033,-1.573,-13.52,0.6135,-1.572,17.23,2.272,-4.053,-96.78,-8.095,5.201,-96.24,-2.078,5.152,-146.1,-6.046,-5.293,-76.52,-3.856,-0.04079,-81.42,2.794,0.1443,-85.5,22.05,-3.064,-83.98,-10.01,-2.402,-85.49,-3.501,-2.999,-81.86,25.57,-3.162,-77.11,-59.2,-3.576,-91.92,-56.3,9.991,117.7,-45.41,276.4,408.2,61.03,-231.4,439.5,32.22,-259.8,446.8,122.6,-23.43,428.2,-327.2,125,352.5,-355,-89.35,544.9,36.63,-110.8,52.26,132.8,-87.9,270.5,410.7,77.14,107,-854.5,-85.45,-995.6,-515.1,-187,38.42,470.2,6.302,584.9,498,-113.3,-447.2,-433.1,42.47,-686.6,-182.1,-320.3,0.4495,-0.03504,0.8764,0.1273,-0.6694,0.2056,0.6017,-0.5025,0.3319,0.335,-0.5939,0.2747,-0.5212,-0.4814,-0.5763,-0.7361,-0.1807,-0.5509,-0.5395,-0.3444,-0.5924,0.7293,-0.1272,0.6653,0.6278,-0.05506,0.7735,0.561,-0.5431,0.32,0.4665,-0.6398,0.445,0.03302,-0.2707,0.02368,-0.6522,-0.3537,-0.3991,-0.2907,-0.6897,-0.6605,-0.07026,-0.6574,-0.1799
12.27,6.379,-0.5022,4.65,11.29,-0.1437,3.8,1.503,5.031,13.69,5.588,13.68,5.07,0.6987,-2.361,-61.19,-22.83,-1.185,8.322,-2.941,9.796,60.1,40.77,19.81,24.04,-1.524,3.228,3.481,-0.5397,33.84,86.68,7.605,0.1722,0.5234,1.057,1.411,-8.524,-72.99,-14.78,-0.6416,-11.87,-0.5829,-0.9419,-11.89,0.9203,-0.9422,17.94,2.451,-3.302,-96.02,-8.287,5.364,-95.55,-3.278,5.316,-144,-6.429,-3.863,-76.91,-3.517,-0.2486,-81.57,2.873,0.01881,-85.33,22.55,-2.953,-83.72,-11.25,-2.566,-85.47,-3.715,-2.954,-82.16,26.88,-3.48,-76.09,-59.66,-5.012,-92.85,-59.15,10.49,205.6,25.88,266.6,332.5,-17.57,-262.7,372.1,-53.23,-248.5,410.7,130.9,96.68,313.5,-430.7,11.71,282.2,-291,-29.78,483.9,-63.97,-131.4,-51.25,172.4,-114.3,297.4,447.8,54.2,149.9,-1190,-328.1,-1004,-1072,-258.8,189.1,26.32,-106.5,365.2,387.7,-30.74,-827.6,-545.4,162.6,-1790,254.4,845.2,0.4491,-0.03552,0.8765,0.1208,-0.6673,0.193,0.5995,-0.5052,0.3219,0.3354,-0.5929,0.2667,-0.5246,-0.4782,-0.5804,-0.7328,-0.1761,-0.5631,-0.5411,-0.3422,-0.6069,0.7317,-0.126,0.6635,0.6284,-0.05518,0.7731,0.5632,-0.5402,0.318,0.4604,-0.6454,0.4491,0.03241,-0.2725,0.02368,-0.6546,-0.3464,-0.393,-0.2855,-0.6871,-0.6656,-0.06372,-0.6759,-0.1775
12.28,6.149,-0.5302,4.475,11.68,0.06075,4.186,1.322,4.146,14.5,5.456,14.49,4.832,0.6948,-2.547,-62.75,-22.65,-1.3,7.978,-2.855,9.252,60.98,42.82,20.03,25.21,-1.166,3.183,3.195,-0.4093,35.2,88.26,8.589,-1.616,0.3394,1.363,1.458,-8.864,-72.87,-14.84,-0.7176,-10.22,-0.1428,-0.3243,-10.22,1.18,-0.3243,18.75,2.487,-2.568,-95.73,-8.539,5.556,-95.33,-4.411,5.511,-141.9,-6.944,-2.288,-77.21,-3.207,-0.5208,-81.72,2.933,-0.2219,-85.27,22.85,-2.756,-83.62,-12.32,-2.686,-85.48,-3.805,-2.873,-82.29,28.12,-3.653,-74.94,-59.93,-6.505,-93.15,-61.33,10.88,211,57.62,263.7,285.7,-68.36,-257.8,320.8,-119.1,-232.4,468.3,76.17,-56.16,216.3,-380.9,-3.905,211.9,-292.5,0.4838,405.3,-171.9,-137.7,-63.96,229,-94.23,316.4,353.5,-25.89,-85.46,-1060,-237.8,-663.1,-1294,110.9,54.79,-138.2,-56.57,202.1,383.8,-32.73,-1218,-571.3,268.5,-1725,144,656.7,0.4486,-0.03644,0.8766,0.1141,-0.6653,0.18,0.5974,-0.5072,0.312,0.3346,-0.5916,0.2587,-0.5257,-0.4776,-0.5828,-0.7295,-0.1714,-0.5751,-0.5416,-0.3407,-0.6217,0.7337,-0.1257,0.6618,0.6287,-0.05603,0.773,0.5667,-0.5365,0.3189,0.4558,-0.6495,0.4532,0.03168,-0.2731,0.02399,-0.6574,-0.3396,-0.3869,-0.2817,-0.6838,-0.6706,-0.0611,-0.6895,-0.1785
12.29,5.798,-0.5688,4.329,12.1,0.2791,4.536,1.17,3.395,15.3,5.242,15.29,4.517,0.6703,-2.672,-64.29,-22.86,-1.421,7.671,-2.75,8.52,61.62,45.18,20.13,26.34,-0.797,3.097,3.111,-0.1173,36.3,89.51,9.574,-2.8,0.2525,1.77,1.289,-8.901,-72.76,-14.91,-0.7976,-8.589,0.2754,0.2877,-8.583,1.445,0.2877,19.76,2.555,-1.812,-95.85,-8.851,5.78,-95.51,-5.474,5.738,-140,-7.528,-0.6022,-77.49,-2.887,-0.8173,-81.88,2.884,-0.4693,-85.43,22.9,-2.624,-83.75,-13.35,-2.768,-85.5,-3.851,-2.865,-82.25,29.22,-3.699,-73.88,-60.02,-7.771,-92.59,-62.76,10.68,173.8,45.41,229.5,264.7,-128.4,-255.4,301.3,-143.5,-219.2,362.8,14.16,-78.61,164.1,-240.7,-10.74,165.5,-339.4,20.02,340.8,-272.5,-118.7,45.4,290,-83.02,239.7,110.3,47.37,-9.292,-641.1,-264.2,-202.6,-982.9,-47.87,-22.38,-129.9,-25.36,135.8,471.2,-50.29,-1483,-510.8,227,1267,-205,1286,0.4479,-0.03735,0.8768,0.1075,-0.6631,0.1672,0.5959,-0.5087,0.3022,0.3329,-0.591,0.2492,-0.5247,-0.4795,-0.5838,-0.7261,-0.1667,-0.5865,-0.5412,-0.3402,-0.6361,0.7357,-0.1257,0.6601,0.6284,-0.05689,0.7734,0.5699,-0.5334,0.3214,0.4524,-0.6524,0.458,0.03162,-0.2735,0.02417,-0.6606,-0.3331,-0.3817,-0.2797,-0.6806,-0.6747,-0.06012,-0.6977,-0.1826
12.3,5.439,-0.6363,4.268,12.47,0.4755,4.811,1.028,2.726,16.12,4.991,16.11,4.182,0.6293,-2.734,-65.72,-23.29,-1.493,7.34,-2.587,7.593,62.1,47.58,20.03,27.36,-0.5484,3.077,3.208,0.1112,37.1,90.24,10.5,-2.626,0.3331,2.118,0.949,-8.767,-72.64,-14.98,-0.8721,-7.068,0.6796,0.932,-7.051,1.708,0.932,20.82,2.566,-0.9654,-96.2,-9.186,6.003,-95.92,-6.476,5.964,-138.2,-8.118,1.18,-77.7,-2.617,-1.09,-82.04,2.78,-0.6636,-85.77,22.7,-2.613,-84.07,-14.37,-2.723,-85.51,-3.919,-2.912,-82.27,30.15,-3.779,-73.4,-59.78,-8.338,-91.58,-62.48,9.943,129.9,-7.811,151.9,251,-174.3,-244.1,302.2,-180.7,-209.5,383.8,49.8,-95.21,136.2,-86.42,37.11,130.9,-419.4,36.62,294.9,-358.9,-102,232.4,282.2,-59.09,202.1,-76.65,132.3,189.5,-258.8,-190.9,60.54,-479.5,-237.3,-72.16,-8.722,54.26,17.09,404.8,-100.1,-1383,-420.9,49.32,429.7,-566.5,442.4,0.4473,-0.03821,0.877,0.1016,-0.6606,0.155,0.5951,-0.5093,0.2927,0.3311,-0.5899,0.2391,-0.5225,-0.4826,-0.584,-0.7224,-0.1624,-0.5974,-0.5401,-0.3411,-0.6495,0.7374,-0.126,0.6586,0.6277,-0.05732,0.7741,0.5727,-0.5316,0.3251,0.4496,-0.6541,0.4638,0.03198,-0.2741,0.02423,-0.6638,-0.3271,-0.3775,-0.2804,-0.6785,-0.6763,-0.06079,-0.6952,-0.1865
12.31,5.277,-0.6603,4.338,12.62,0.5998,4.945,0.8539,2.08,16.98,4.706,16.98,3.817,0.5524,-2.762,-67.03,-23.75,-1.514,6.936,-2.375,6.527,62.48,49.8,19.74,28.24,-0.4656,3.14,3.484,0.1642,37.64,90.41,11.31,-1.461,0.5123,1.973,0.4583,-8.469,-72.57,-15.04,-0.9315,-5.719,1.096,1.641,-5.695,1.949,1.641,21.82,2.485,-0.01818,-96.63,-9.533,6.223,-96.4,-7.465,6.189,-136.7,-8.658,3.038,-77.79,-2.539,-1.269,-82.22,2.684,-0.8157,-86.28,22.29,-2.78,-84.56,-15.31,-2.57,-85.52,-4.032,-2.966,-82.48,30.93,-3.992,-73.56,-59.17,-8.209,-90.48,-60.76,8.549,135.8,-55.17,86.92,232.9,-229.5,-229,312.5,-191.9,-238.3,401.4,-108.9,-38.57,126,24.91,52.73,120.6,-489.7,20.02,281.8,-435,-81.05,392.6,138.2,-57.62,193.9,-210.9,170.9,593.2,277.3,-275.9,294.9,-68.38,-263.7,-41.43,106.5,85.46,-111.3,288.6,-67.39,-978,-343.3,-49.8,-1423,-481.9,752,0.4468,-0.03882,0.8772,0.09693,-0.6574,0.1439,0.5948,-0.5092,0.2838,0.3297,-0.5876,0.2293,-0.5198,-0.4861,-0.584,-0.7184,-0.1592,-0.6075,-0.5385,-0.3437,-0.6613,0.7378,-0.1264,0.6582,0.627,-0.05738,0.7748,0.5757,-0.5308,0.3294,0.4475,-0.6545,0.4704,0.03235,-0.2751,0.02423,-0.6665,-0.3216,-0.3742,-0.2836,-0.6777,-0.6755,-0.05902,-0.6837,-0.1887
12.32,5.366,-0.5943,4.499,12.51,0.6097,4.973,0.635,1.371,17.89,4.461,17.88,3.472,0.4383,-2.809,-68.18,-24.11,-1.451,6.411,-2.092,5.415,62.7,51.65,19.47,28.99,-0.4209,3.224,3.803,0.2116,38.11,90.1,11.99,-0.3974,0.6809,1.742,-0.06879,-8.004,-72.56,-15.08,-0.9868,-4.579,1.535,2.4,-4.552,2.169,2.401,22.75,2.278,1.036,-97.01,-9.853,6.441,-96.86,-8.49,6.416,-135.5,-9.094,4.923,-77.82,-2.705,-1.316,-82.42,2.596,-0.93,-86.85,21.91,-2.958,-85.11,-16.15,-2.37,-85.53,-4.176,-2.969,-82.7,31.6,-4.185,-74.05,-58.21,-7.722,-89.38,-58.78,7.142,151.9,-86.43,44.92,236.8,-270.5,-232.9,310,-172.8,-230.5,426.3,-93.74,-152.3,136.2,121.1,84.97,115.7,-525.4,-15.13,310.5,-486.8,-50.3,445.8,-33.69,-14.16,158.2,-299.8,141.1,593.2,455.6,-202.2,444.8,196.8,-164.6,-38.42,140.6,37.04,-134.3,123,-53.22,-598.6,-405.2,-115.7,-1454,-364.8,185.6,0.4464,-0.03919,0.8774,0.09382,-0.6537,0.1339,0.5947,-0.5088,0.2753,0.3286,-0.5841,0.2197,-0.5173,-0.4895,-0.5838,-0.7136,-0.158,-0.6167,-0.5367,-0.3479,-0.671,0.7369,-0.1264,0.6593,0.6265,-0.05707,0.7754,0.5782,-0.5301,0.3333,0.4461,-0.6542,0.4768,0.03229,-0.2763,0.02441,-0.6689,-0.317,-0.3712,-0.289,-0.6771,-0.6731,-0.05725,-0.6703,-0.1912
12.33,5.625,-0.4682,4.7,12.21,0.537,4.913,0.3824,0.5792,18.82,4.262,18.81,3.163,0.2735,-2.862,-69.13,-24.32,-1.347,5.744,-1.824,4.3,62.74,53.04,19.26,29.65,-0.3501,3.254,3.943,0.3593,38.52,89.43,12.53,0.4959,0.7494,1.391,-0.4107,-7.565,-72.6,-15.12,-1.035,-3.689,2.004,3.185,-3.668,2.386,3.186,23.6,2.009,2.101,-97.3,-10.14,6.631,-97.23,-9.566,6.62,-134.7,-9.399,6.797,-77.8,-3.035,-1.267,-82.6,2.515,-1.009,-87.2,21.62,-3.004,-85.48,-16.86,-2.217,-85.55,-4.33,-2.908,-82.77,32.19,-4.221,-74.54,-56.96,-7.208,-88.4,-56.65,5.766,156.2,-95.21,46.87,232.9,-308.1,-226.6,308.1,-177.2,-210,394.5,-138.7,-135.2,149.9,143.1,103.5,120.6,-475.6,-45.41,340.3,-556.6,-62.01,376.9,-153.3,19.04,115.7,-352.1,99.12,101.5,305.6,-74.21,419.9,297.9,-182.1,31.4,61.97,-22.44,-7.827,11.75,-57.61,-340.8,-599.1,-141.6,-1578,-206.6,189.5,0.4461,-0.03931,0.8777,0.09247,-0.6495,0.1252,0.5952,-0.5079,0.2674,0.3275,-0.58,0.2107,-0.5152,-0.4923,-0.5838,-0.7081,-0.1589,-0.6251,-0.5347,-0.3538,-0.6785,0.735,-0.1261,0.6614,0.626,-0.05658,0.7759,0.5787,-0.53,0.3361,0.4444,-0.6544,0.4817,0.03168,-0.2775,0.02472,-0.6706,-0.3137,-0.368,-0.296,-0.676,-0.6702,-0.05481,-0.6558,-0.1934
12.34,5.924,-0.3162,4.916,11.9,0.4349,4.795,0.1211,-0.3004,19.75,4.09,19.75,2.885,0.0399,-2.905,-69.85,-24.38,-1.223,4.966,-1.561,3.234,62.61,53.9,19.14,30.25,-0.4066,3.215,3.829,0.5866,39.03,88.48,13.07,1.016,0.7241,1.215,-0.4319,-7.252,-72.69,-15.15,-1.063,-3.061,2.51,3.978,-3.052,2.631,3.978,24.33,1.729,3.182,-97.47,-10.41,6.787,-97.51,-10.71,6.794,-134.2,-9.592,8.633,-77.75,-3.368,-1.173,-82.78,2.472,-1.073,-87.27,21.46,-3.069,-85.53,-17.53,-2.155,-85.58,-4.459,-2.819,-82.73,32.76,-4.112,-74.8,-55.45,-7.037,-87.53,-54.67,4.563,123,-74.71,78.61,214.9,-302.7,-210.9,316.9,-192.9,-184.6,383.3,-155.8,-149.9,155.8,129.9,109.4,103.5,-377.9,-71.28,367.7,-605,-77.63,244.6,-242.2,14.65,131.8,-332.5,65.43,72.78,59.07,-63.48,218.8,208,86.92,-86.53,3.367,60.1,141.1,-56.18,-62,-226.1,-748.5,22.97,-1414,-186,98.15,0.4458,-0.03913,0.8779,0.0929,-0.6452,0.118,0.5963,-0.5063,0.2598,0.3272,-0.5754,0.2023,-0.5136,-0.4945,-0.5841,-0.7021,-0.1619,-0.6327,-0.5323,-0.3614,-0.6838,0.733,-0.1257,0.6635,0.6258,-0.05603,0.7762,0.5784,-0.5308,0.3367,0.4414,-0.656,0.485,0.03089,-0.2785,0.02521,-0.6716,-0.3117,-0.3642,-0.3038,-0.6734,-0.6681,-0.05268,-0.6421,-0.196
12.35,6.059,-0.2271,5.097,11.72,0.3808,4.692,-0.159,-1.192,20.7,3.918,20.7,2.61,-0.2581,-2.926,-70.4,-24.3,-1.084,4.161,-1.328,2.259,62.39,54.19,19.24,30.89,-0.5503,3.187,3.345,0.9205,39.74,87.42,13.55,1.311,0.5237,1.286,-0.05479,-7.149,-72.8,-15.18,-1.074,-2.629,3.054,4.767,-2.643,2.896,4.767,24.95,1.441,4.237,-97.52,-10.69,6.911,-97.66,-11.87,6.939,-134.1,-9.698,10.39,-77.75,-3.565,-1.121,-82.96,2.404,-1.111,-86.95,21.5,-3.067,-85.12,-18.19,-2.302,-85.61,-4.651,-2.723,-82.54,33.36,-3.912,-74.61,-53.78,-7.403,-86.66,-52.79,3.481,99.11,-39.55,82.03,193.9,-290.5,-202.2,322.3,-223.1,-162.1,396.5,-183.6,-176.3,151.4,92.28,104,87.88,-273.4,-87.89,406.7,-614.7,-108.4,126,-306.2,19.53,182.1,-234.4,60.54,238.3,-1.459,-142.6,135.8,65.94,81.07,-78.51,-56.62,123.1,271.5,-24.91,-30.27,-215.8,-784.7,186.6,-1260,-213.8,87.86,0.4456,-0.03876,0.8782,0.09504,-0.6406,0.1122,0.5978,-0.5042,0.2523,0.3272,-0.5706,0.1946,-0.5123,-0.4961,-0.585,-0.6957,-0.1663,-0.6395,-0.5293,-0.3705,-0.6871,0.7319,-0.1253,0.6648,0.6254,-0.0553,0.7767,0.5779,-0.5318,0.3355,0.4367,-0.6599,0.4859,0.02997,-0.28,0.0257,-0.6716,-0.3104,-0.3598,-0.3117,-0.6687,-0.6676,-0.05103,-0.6288,-0.1992
12.36,6.01,-0.1905,5.21,11.69,0.3483,4.671,-0.4351,-2.046,21.61,3.744,21.6,2.323,-0.6243,-2.939,-70.69,-24.1,-0.8896,3.424,-1.073,1.404,62.04,53.94,19.4,31.6,-0.7064,3.218,2.681,1.321,40.5,86.28,13.98,1.403,0.3285,1.442,0.4615,-7.12,-72.9,-15.2,-1.081,-2.447,3.651,5.497,-2.489,3.218,5.495,25.42,1.158,5.288,-97.44,-10.99,7.009,-97.7,-13.02,7.062,-134.4,-9.756,12.05,-77.83,-3.614,-1.093,-83.15,2.304,-1.116,-86.43,21.59,-2.97,-84.53,-18.86,-2.501,-85.61,-4.915,-2.665,-82.26,33.99,-3.674,-74.25,-51.97,-7.921,-85.81,-51,2.491,68.36,-25.88,60.06,185.6,-239.8,-183.1,320.3,-255.4,-158.2,389.6,-230,-190.4,150.4,51.27,69.82,73.73,-188,-80.57,438.5,-620.1,-132.3,73.26,-326.2,25.4,182.1,-120.6,80.09,198.7,-4.377,-52.24,78.15,48.37,48.37,-137.6,-130.8,122,283.7,84.94,-13.18,-237.3,-753.4,256.4,-1039,-232.4,128.9,0.4455,-0.03839,0.8784,0.0987,-0.6363,0.1075,0.5999,-0.5017,0.2453,0.328,-0.5653,0.1878,-0.5113,-0.497,-0.5864,-0.6893,-0.1712,-0.6457,-0.5253,-0.3807,-0.6888,0.7317,-0.1246,0.6651,0.6248,-0.05426,0.7773,0.5771,-0.5327,0.334,0.4312,-0.6646,0.4861,0.02924,-0.2822,0.02588,-0.6705,-0.3096,-0.355,-0.3203,-0.6627,-0.6675,-0.04975,-0.616,-0.2029
12.37,5.958,-0.1879,5.275,11.65,0.3013,4.713,-0.671,-2.821,22.48,3.585,22.46,2.012,-0.9814,-2.97,-70.77,-23.84,-0.6868,2.845,-0.8222,0.6776,61.65,53.25,19.52,32.3,-0.9049,3.273,2.063,1.727,41.18,85.01,14.28,1.344,0.2573,1.581,0.929,-7.068,-72.97,-15.2,-1.107,-2.449,4.265,6.203,-2.521,3.598,6.198,25.73,0.9157,6.338,-97.29,-11.3,7.095,-97.65,-14.1,7.174,-135.1,-9.817,13.58,-77.95,-3.659,-1.066,-83.33,2.208,-1.086,-85.93,21.64,-2.892,-83.98,-19.5,-2.651,-85.57,-5.278,-2.681,-81.94,34.62,-3.403,-73.99,-50.05,-8.269,-85.03,-49.21,1.652,69.34,-23.44,40.05,160.7,-211.4,-183.1,303.7,-300.8,-136.2,356.4,-261.2,-198.7,123.5,13.19,66.89,71.28,-115.2,-81.55,441.4,-607.4,-183.6,56.16,-304.7,29.3,146.5,-3.428,109.4,65.45,-26.35,-46.37,107.9,-5.395,27.85,-114.3,-56.16,114.8,234.4,256.8,-4.392,-266.6,-639.2,224.6,-871.6,-290.5,159.7,0.4455,-0.03827,0.8786,0.1035,-0.632,0.1039,0.6027,-0.4988,0.2387,0.3298,-0.5598,0.1817,-0.5105,-0.4975,-0.5882,-0.6833,-0.176,-0.6513,-0.5203,-0.3918,-0.6893,0.7316,-0.1237,0.6655,0.6242,-0.05304,0.7779,0.5764,-0.5336,0.3328,0.4258,-0.6689,0.4865,0.02899,-0.2852,0.02576,-0.6688,-0.3092,-0.35,-0.3299,-0.6566,-0.6667,-0.04901,-0.6031,-0.2066
12.38,5.996,-0.1873,5.31,11.56,0.217,4.788,-0.8859,-3.502,23.37,3.468,23.33,1.735,-1.348,-3.005,-70.68,-23.56,-0.4817,2.472,-0.5506,0.09067,61.24,52.25,19.57,32.92,-1.091,3.334,1.563,2.106,41.8,83.57,14.48,1.186,0.2902,1.662,1.256,-6.996,-73.03,-15.23,-1.147,-2.605,4.909,6.872,-2.712,4.03,6.863,25.88,0.7214,7.4,-97.09,-11.61,7.161,-97.55,-15.09,7.265,-136,-9.918,14.97,-78.08,-3.76,-1.01,-83.49,2.15,-1.025,-85.54,21.64,-2.815,-83.57,-20.11,-2.724,-85.51,-5.703,-2.737,-81.6,35.2,-3.107,-73.89,-48.01,-8.416,-84.4,-47.38,0.9548,74.21,-50.78,29.29,125,-190.4,-163.1,277.8,-324.2,-108.4,283.7,-289.5,-216.3,101.6,3.425,74.71,40.04,-103,-87.41,382.3,-589.8,-169.9,38.58,-235.8,11.24,111.3,109.9,92.28,-23.95,-3.891,-48.82,77.15,-115.7,33.7,-21.38,-57.08,40.58,183.6,417.9,-5.383,-339.4,-538.6,160.1,-813,-292.9,196.3,0.4453,-0.03827,0.8788,0.1094,-0.6277,0.1013,0.6063,-0.4953,0.2327,0.3326,-0.5539,0.1764,-0.5099,-0.4978,-0.5902,-0.6779,-0.1801,-0.6565,-0.5141,-0.403,-0.6891,0.7312,-0.1225,0.6662,0.6239,-0.0517,0.7783,0.5758,-0.5344,0.3321,0.4209,-0.6723,0.4875,0.02893,-0.2888,0.02533,-0.6667,-0.3092,-0.3451,-0.3403,-0.6506,-0.6648,-0.04859,-0.5899,-0.2099
12.39,6.056,-0.1886,5.262,11.47,0.1426,4.916,-1.034,-4.072,24.21,3.375,24.16,1.435,-1.704,-3.056,-70.41,-23.3,-0.2885,2.294,-0.2731,-0.3595,60.85,51.04,19.53,33.44,-1.244,3.372,1.137,2.404,42.33,81.93,14.66,0.9366,0.3669,1.712,1.542,-6.905,-73.08,-15.24,-1.189,-2.919,5.556,7.493,-3.054,4.531,7.481,25.87,0.6161,8.461,-96.9,-11.93,7.246,-97.43,-15.97,7.375,-137.1,-10.04,16.21,-78.26,-3.868,-0.9597,-83.62,2.108,-0.9677,-85.19,21.58,-2.734,-83.2,-20.7,-2.782,-85.45,-6.126,-2.819,-81.32,35.7,-2.842,-73.95,-45.86,-8.38,-83.92,-45.51,0.4169,73.25,-78.12,19.05,76.65,-186,-165.5,222.6,-361.3,-70.8,242.7,-300.8,-231,83.49,-11.72,89.85,16.6,-116.2,-116.2,304.2,-568.4,-138.7,31.27,-119.6,20.02,75.68,152.8,21.96,-42.49,-24.89,85.45,-21,-238.8,23.44,-4.343,-24.48,-14.14,114.3,535.2,37.59,-401.4,-461.5,129.4,-745.5,-266.2,224.6,0.4452,-0.03833,0.879,0.1161,-0.6236,0.0998,0.6106,-0.4914,0.2274,0.3366,-0.5479,0.1719,-0.5093,-0.4981,-0.5921,-0.6731,-0.1834,-0.6613,-0.5071,-0.4142,-0.6883,0.7308,-0.121,0.667,0.6237,-0.0506,0.7786,0.5751,-0.5353,0.3319,0.4163,-0.6754,0.4886,0.02911,-0.2924,0.0249,-0.6646,-0.3094,-0.3408,-0.3514,-0.6448,-0.6617,-0.04859,-0.5764,-0.2126
12.4,6.049,-0.2122,5.165,11.42,0.09147,5.065,-1.068,-4.545,24.99,3.334,24.93,1.13,-2.041,-3.138,-70.02,-23.03,-0.09218,2.266,0.01806,-0.7104,60.49,49.74,19.45,33.89,-1.405,3.403,0.781,2.662,42.81,80.08,14.85,0.6064,0.4498,1.752,1.802,-6.807,-73.14,-15.24,-1.232,-3.361,6.192,8.054,-3.511,5.133,8.039,25.7,0.6218,9.533,-96.71,-12.23,7.352,-97.32,-16.74,7.504,-138.3,-10.15,17.33,-78.47,-3.92,-0.9372,-83.72,2.055,-0.9131,-84.89,21.47,-2.693,-82.86,-21.3,-2.85,-85.41,-6.543,-2.917,-81.07,36.11,-2.598,-74.12,-43.61,-8.203,-83.56,-43.6,0.03398,44.44,-107.4,8.783,39.05,-168.5,-163.1,174.3,-375,-37.11,206.6,-320.8,-237.3,59.09,-8.788,93.75,-26.85,-168.5,-117.2,255.9,-521.5,-114.7,26.36,-18.55,9.276,50.78,145.5,-1.963,20.51,-65.92,115.2,-132.3,-308.1,54.21,46.77,-12.7,-0.9223,21,596.2,33.67,-435.1,-412.1,131.4,-705.5,-252,242.2,0.4452,-0.03839,0.8791,0.1234,-0.6196,0.09925,0.616,-0.4871,0.2226,0.342,-0.5418,0.168,-0.5088,-0.4986,-0.5939,-0.669,-0.1858,-0.6656,-0.4998,-0.4251,-0.687,0.7307,-0.1196,0.6675,0.6234,-0.04962,0.7789,0.574,-0.5367,0.3318,0.4119,-0.6784,0.4898,0.02948,-0.296,0.0246,-0.6628,-0.3097,-0.3371,-0.3631,-0.639,-0.6576,-0.0492,-0.5625,-0.2148
12.41,5.928,-0.2661,4.995,11.45,0.07144,5.24,-0.9755,-4.925,25.71,3.333,25.63,0.8158,-2.328,-3.232,-69.53,-22.8,0.08998,2.337,0.307,-0.948,60.2,48.48,19.39,34.28,-1.539,3.428,0.4677,2.866,43.26,78.01,15.06,0.1852,0.4836,1.847,2.068,-6.718,-73.2,-15.24,-1.278,-3.899,6.786,8.559,-4.044,5.822,8.543,25.38,0.7458,10.6,-96.57,-12.53,7.475,-97.24,-17.41,7.648,-139.5,-10.26,18.3,-78.71,-3.901,-0.9522,-83.79,1.958,-0.8592,-84.6,21.32,-2.644,-82.54,-21.89,-2.962,-85.39,-6.947,-3.001,-80.84,36.41,-2.389,-74.34,-41.24,-7.951,-83.3,-41.64,-0.181,-0.9855,-109.9,-5.368,-2.939,-137.7,-153.3,134.8,-368.2,-22.94,160.2,-339.8,-234.9,23.93,-59.56,104,-71.78,-211.9,-140.1,194.8,-485.8,-102,13.2,29.3,-12.69,2.926,98.63,-11.23,43.96,-81.04,70.81,-172.4,-277.4,32.7,-5.011,-9.335,14.14,-52.75,589.4,28.33,-438,-370.6,126.9,-660.7,-191.5,247.6,0.4452,-0.03845,0.8793,0.1308,-0.6158,0.09961,0.6221,-0.4824,0.218,0.3486,-0.5357,0.1647,-0.5082,-0.4993,-0.5955,-0.6653,-0.1878,-0.6695,-0.4926,-0.4351,-0.6855,0.731,-0.1181,0.6676,0.6228,-0.04883,0.7794,0.5726,-0.5382,0.3319,0.4077,-0.6814,0.4909,0.02979,-0.2994,0.02448,-0.6611,-0.31,-0.3343,-0.3754,-0.633,-0.6526,-0.05072,-0.5483,-0.2166
12.42,5.785,-0.3282,4.816,11.44,0.04222,5.424,-0.7346,-5.211,26.34,3.402,26.25,0.474,-2.541,-3.369,-68.99,-22.64,0.2611,2.487,0.6298,-1.09,59.99,47.36,19.35,34.6,-1.66,3.452,0.2293,3.082,43.7,75.69,15.25,-0.3422,0.5165,2.04,2.244,-6.649,-73.26,-15.22,-1.341,-4.48,7.321,8.997,-4.596,6.596,8.983,24.97,0.9982,11.69,-96.49,-12.82,7.636,-97.22,-17.98,7.829,-140.7,-10.36,19.13,-78.97,-3.897,-0.9737,-83.87,1.826,-0.8011,-84.4,21.16,-2.607,-82.29,-22.49,-3.063,-85.36,-7.36,-3.082,-80.6,36.6,-2.169,-74.58,-38.75,-7.667,-83.1,-39.66,-0.2196,-58.11,-110.8,-29.78,-31.75,-105.5,-151.9,109.4,-355,0.4827,116.2,-336.4,-233.4,-12.21,-74.22,92.28,-133.3,-250,-135.7,137.7,-451.7,-99.12,6.824,77.64,-21.49,-65.43,28.81,-7.328,20.01,-105.4,78.11,-123.5,-100.1,44.45,-45.77,18.52,36.12,-111.8,582.5,21.49,-403.3,-315.5,151.8,-589.4,-162.6,274.4,0.4453,-0.03864,0.8794,0.138,-0.6123,0.1007,0.6289,-0.4776,0.2137,0.3564,-0.5296,0.1616,-0.5075,-0.5004,-0.5967,-0.6621,-0.1896,-0.6727,-0.4858,-0.444,-0.6839,0.7313,-0.1166,0.6677,0.622,-0.04798,0.7802,0.5711,-0.5396,0.332,0.4039,-0.6841,0.4923,0.03003,-0.3029,0.02429,-0.6598,-0.3106,-0.3322,-0.3883,-0.6266,-0.6468,-0.05341,-0.5339,-0.2182
12.43,5.683,-0.369,4.657,11.35,-0.006765,5.571,-0.3806,-5.425,26.87,3.523,26.77,0.112,-2.685,-3.521,-68.45,-22.52,0.3939,2.671,0.9656,-1.16,59.87,46.45,19.35,34.83,-1.746,3.447,0.2326,3.343,44.16,73.12,15.45,-0.9962,0.5992,2.373,2.194,-6.649,-73.33,-15.19,-1.415,-5.079,7.792,9.38,-5.142,7.417,9.371,24.48,1.368,12.77,-96.47,-13.1,7.812,-97.25,-18.47,8.024,-141.7,-10.47,19.81,-79.19,-3.958,-0.9821,-83.93,1.669,-0.7504,-84.44,21.01,-2.638,-82.3,-23.11,-3.074,-85.33,-7.778,-3.155,-80.3,36.68,-1.901,-74.76,-36.11,-7.425,-82.94,-37.67,-0.07973,-104,-115.7,-70.32,-53.23,-58.11,-141.6,93.75,-336.9,20.02,78.6,-335.5,-225.6,-52.72,-103,93.26,-190.9,-267.6,-127.4,70.3,-432.1,-89.36,-41.99,107.9,1.962,-143.5,-38.58,-4.885,-29.8,-159.7,-22.95,-55.15,122.6,20.02,-68.49,38.1,6.763,-196.3,560.1,-2.928,-372.1,-311,161.1,-474.1,-128.9,238.8,0.4455,-0.03888,0.8794,0.1448,-0.6091,0.1022,0.6362,-0.4727,0.2097,0.3651,-0.5236,0.1588,-0.5066,-0.5018,-0.5976,-0.6594,-0.1917,-0.6752,-0.4798,-0.4513,-0.6827,0.7312,-0.1152,0.6682,0.621,-0.04724,0.7811,0.5697,-0.5409,0.3323,0.4011,-0.6857,0.495,0.03021,-0.3064,0.02417,-0.6585,-0.3118,-0.3308,-0.4018,-0.6192,-0.6406,-0.05738,-0.5193,-0.2196
12.44,5.71,-0.399,4.566,11.16,-0.08092,5.652,0.07656,-5.559,27.32,3.678,27.22,-0.2449,-2.79,-3.67,-67.45,-22.46,0.5183,2.876,1.313,-1.154,59.36,45.82,19.32,34.9,-1.803,3.45,0.3884,3.643,44.65,70.33,15.66,-1.713,0.7072,2.842,1.982,-6.739,-73.4,-15.15,-1.49,-6.133,8.285,9.632,-6.119,8.361,9.634,23.94,1.831,13.83,-96.51,-13.38,7.998,-97.33,-18.88,8.225,-142.5,-10.61,20.32,-79.34,-4.107,-0.962,-83.99,1.553,-0.6882,-84.65,20.85,-2.687,-82.49,-23.74,-3.002,-85.3,-8.189,-3.199,-79.95,36.64,-1.607,-74.86,-33.37,-7.24,-82.84,-35.66,0.2248,-118.6,-108.4,-73.24,-93.25,-27.83,-125,54.2,-336.4,39.55,42,-333,-207,-108.4,-114.7,95.21,-241.7,-248,-126,-5.868,-434.6,-80.08,-121.1,94.72,27.34,-156.7,-70.32,-6.826,-109.9,-207,85.95,-28.85,322.3,84.99,-53.12,77.58,-48.26,-245.1,609.8,-23.42,-409.1,-275.4,133.8,-433.6,-147.5,219.2,0.4458,-0.03913,0.8795,0.1508,-0.6063,0.1037,0.6436,-0.4678,0.2058,0.3743,-0.5179,0.1561,-0.5056,-0.5035,-0.5982,-0.657,-0.1943,-0.6769,-0.4747,-0.4566,-0.6821,0.7305,-0.114,0.6693,0.6202,-0.04645,0.7817,0.5686,-0.5417,0.3329,0.3989,-0.6863,0.4985,0.03015,-0.3098,0.02405,-0.6572,-0.3134,-0.33,-0.4157,-0.6109,-0.6341,-0.0625,-0.5044,-0.2207
12.45,5.788,-0.3995,4.569,10.98,-0.1755,5.634,0.5873,-5.61,27.72,3.866,27.61,-0.5939,-2.896,-3.821,-67,-22.46,0.6166,3.069,1.671,-1.073,59.41,45.48,19.26,34.83,-1.841,3.465,0.5068,3.97,45.11,67.35,15.9,-2.55,0.779,3.361,1.791,-6.817,-73.49,-15.13,-1.559,-6.654,8.663,9.888,-6.552,9.241,9.904,23.42,2.376,14.85,-96.62,-13.65,8.203,-97.46,-19.2,8.442,-143,-10.76,20.68,-79.42,-4.265,-0.9234,-84.06,1.476,-0.6428,-84.83,20.71,-2.719,-82.65,-24.36,-2.946,-85.28,-8.556,-3.223,-79.59,36.5,-1.338,-74.97,-30.54,-7.001,-82.73,-33.66,0.645,-96.67,-105,-47.86,-124,2.926,-103,20.99,-328.1,61.04,9.292,-335,-180.7,-154.8,-127.4,80.07,-303.2,-236.3,-102.5,-72.77,-444.8,-85.45,-196.8,28.81,10.75,-131.8,-112.3,-58.6,-61.03,-176.8,-23.42,-139.6,196.3,48.37,89.87,13.16,-93.76,-290.5,614.8,-24.89,-438.5,-236.8,143,-402.8,-182.7,222.7,0.4459,-0.03925,0.8796,0.1558,-0.6039,0.1048,0.6512,-0.463,0.2018,0.3838,-0.5125,0.1533,-0.5043,-0.5056,-0.5986,-0.655,-0.1974,-0.6779,-0.471,-0.4601,-0.682,0.7296,-0.1133,0.6704,0.6197,-0.04572,0.7821,0.5677,-0.5424,0.3336,0.3967,-0.6871,0.5019,0.02997,-0.3129,0.02399,-0.6561,-0.3151,-0.3302,-0.43,-0.6021,-0.6267,-0.06855,-0.4897,-0.2216
12.46,5.811,-0.3941,4.606,10.84,-0.2724,5.571,1.174,-5.557,28.04,4.074,27.92,-0.9695,-2.987,-3.958,-66.69,-22.46,0.6788,3.246,2.036,-0.9369,59.55,45.39,19.18,34.63,-1.836,3.519,0.2627,4.323,45.55,64.15,16.18,-3.531,0.6861,3.915,1.931,-6.906,-73.61,-15.1,-1.609,-7.08,8.965,10.11,-6.87,10.12,10.14,22.93,2.996,15.85,-96.77,-13.93,8.423,-97.63,-19.43,8.671,-143.3,-10.91,20.88,-79.47,-4.369,-0.8712,-84.15,1.399,-0.5907,-84.63,20.57,-2.565,-82.45,-24.92,-3.083,-85.27,-8.851,-3.216,-79.22,36.23,-1.094,-75.07,-27.62,-6.716,-82.65,-31.71,1.172,-62.03,-98.15,-28.82,-143.6,24.41,-93.26,4.379,-308.1,65.43,-7.827,-347.2,-167.5,-185.1,-132.3,77.15,-329.1,-218.3,-92.77,-123,-471.7,-75.2,-238.3,-52.24,-43.46,-94.24,-135.7,-71.78,-21.49,-79.58,34.18,-184.1,18.57,86.42,17.04,15.61,-36.58,-316.4,604.5,26.87,-426.3,-202.1,99.61,-345.7,-175.3,192.4,0.4461,-0.03913,0.8797,0.1595,-0.6018,0.1054,0.6587,-0.4583,0.1978,0.3934,-0.5076,0.1502,-0.5028,-0.5079,-0.5989,-0.6535,-0.2006,-0.6781,-0.4685,-0.4619,-0.6822,0.7291,-0.1126,0.671,0.6192,-0.04486,0.7826,0.5666,-0.5428,0.3347,0.3935,-0.6896,0.5031,0.0296,-0.3153,0.02405,-0.6556,-0.3169,-0.3314,-0.4447,-0.5928,-0.6184,-0.07538,-0.4751,-0.2222
12.47,5.784,-0.3875,4.631,10.73,-0.3894,5.531,1.824,-5.414,28.27,4.316,28.15,-1.354,-3.047,-4.099,-66.47,-22.5,0.7216,3.383,2.421,-0.7514,59.77,45.51,19.07,34.31,-1.866,3.534,-0.2365,4.705,45.92,60.68,16.49,-4.728,0.4477,4.467,2.336,-6.936,-73.73,-15.07,-1.661,-7.411,9.198,10.28,-7.079,10.99,10.34,22.5,3.672,16.82,-96.97,-14.21,8.658,-97.84,-19.56,8.908,-143.4,-11.01,20.95,-79.55,-4.439,-0.8033,-84.25,1.307,-0.5224,-84.18,20.39,-2.336,-81.94,-25.48,-3.402,-85.28,-9.129,-3.185,-78.82,35.82,-0.7946,-75.21,-24.6,-6.332,-82.57,-29.86,1.795,-56.65,-101.1,-42.97,-133.3,19.04,-98.63,3.889,-279.8,64.45,0,-362.3,-153.8,-194.3,-134.3,76.17,-322.3,-210.9,-85.45,-133.8,-514.2,-75.69,-227.5,-122.6,-48.83,-57.12,-139.2,-60.06,-2.949,1.459,-26.85,-125,-37.14,-5.846,-17.04,18.98,21.98,-306.1,569.3,77.16,-379.5,-88.86,54.72,-234.8,-159.7,220.7,0.4464,-0.039,0.8798,0.1617,-0.6002,0.1052,0.6661,-0.4538,0.1936,0.4029,-0.503,0.1469,-0.5012,-0.5105,-0.5989,-0.6526,-0.2039,-0.6777,-0.4673,-0.4623,-0.6827,0.7288,-0.1117,0.6715,0.6187,-0.04382,0.7831,0.5655,-0.5435,0.336,0.3892,-0.6935,0.5027,0.02911,-0.3176,0.02429,-0.6562,-0.3188,-0.3335,-0.4599,-0.5832,-0.6089,-0.08289,-0.4613,-0.2227
12.48,5.768,-0.3983,4.691,10.58,-0.531,5.505,2.511,-5.177,28.42,4.583,28.31,-1.759,-3.055,-4.235,-66.35,-22.59,0.7498,3.482,2.814,-0.5596,60.01,45.76,18.9,33.85,-1.942,3.528,-0.6883,5.119,46.26,57.01,16.8,-6.167,0.2296,4.959,2.672,-6.904,-73.86,-15.01,-1.719,-7.65,9.36,10.43,-7.186,11.83,10.52,22.14,4.35,17.76,-97.22,-14.49,8.891,-98.07,-19.6,9.14,-143.4,-11.07,20.91,-79.65,-4.519,-0.7164,-84.39,1.218,-0.4188,-83.8,20.14,-2.136,-81.51,-26.05,-3.687,-85.3,-9.431,-3.146,-78.42,35.27,-0.4328,-75.41,-21.51,-5.836,-82.5,-28.17,2.48,-54.68,-94.73,-75.2,-115.7,0,-120.6,17.59,-243.2,64.94,12.22,-385.3,-152.3,-189,-136.7,62.5,-307.1,-210,-107.4,-124.5,-554.2,-86.91,-179.7,-169,-58.6,-45.4,-125.5,-65.43,-28.82,70.3,-7.808,-53.69,-43.48,-58.57,-53.79,30.3,73.78,-282.7,549.8,118.7,-288.6,28.29,19.02,-127.9,-174.8,244.2,0.4469,-0.03894,0.8798,0.1625,-0.5989,0.1046,0.673,-0.4497,0.1893,0.4119,-0.4988,0.1431,-0.4994,-0.5133,-0.5988,-0.6521,-0.207,-0.6767,-0.4672,-0.4618,-0.683,0.7284,-0.1106,0.6721,0.6182,-0.0423,0.7836,0.5644,-0.5442,0.3378,0.3853,-0.6971,0.5028,0.02856,-0.32,0.02466,-0.6577,-0.3211,-0.3363,-0.4754,-0.5737,-0.5979,-0.0907,-0.4485,-0.2229
12.49,5.769,-0.3901,4.71,10.4,-0.6972,5.549,3.196,-4.874,28.53,4.851,28.41,-2.154,-3.048,-4.35,-66.31,-22.7,0.7432,3.562,3.229,-0.3684,60.25,46.06,18.74,33.3,-2.052,3.523,-1.056,5.506,46.59,53.14,17.06,-7.892,0.02414,5.364,2.908,-6.73,-73.99,-14.95,-1.765,-7.821,9.467,10.57,-7.221,12.61,10.68,21.88,5.022,18.67,-97.5,-14.75,9.12,-98.32,-19.56,9.361,-143.3,-11.07,20.81,-79.82,-4.629,-0.5839,-84.57,1.12,-0.2865,-83.54,19.9,-1.975,-81.21,-26.62,-3.917,-85.32,-9.758,-3.079,-78.08,34.61,-0.08308,-75.69,-18.35,-5.206,-82.4,-26.66,3.198,-75.19,-97.17,-107.9,-93.76,-32.72,-133.3,42.01,-202.6,68.36,28.31,-401.4,-132.8,-177.7,-107.9,65.43,-284.2,-213.9,-109.9,-111.8,-574.2,-100.1,-125.5,-170.4,-62.01,-51.27,-93.25,-88.37,-114.7,102.5,-5.872,48.31,-32.69,-55.65,-69.49,36.11,104.5,-199.7,510.7,172.8,-171.4,162.6,34.65,-50.73,-90.36,309.6,0.4473,-0.03876,0.8798,0.1624,-0.5978,0.1035,0.6791,-0.4461,0.1849,0.4204,-0.4949,0.139,-0.4975,-0.5161,-0.5985,-0.6521,-0.2098,-0.6754,-0.4676,-0.461,-0.6831,0.728,-0.1088,0.6729,0.6176,-0.04041,0.7842,0.5633,-0.545,0.3395,0.3818,-0.7,0.5035,0.02777,-0.3226,0.02509,-0.6588,-0.3244,-0.3393,-0.4911,-0.5643,-0.5853,-0.0987,-0.4371,-0.2232
12.5,5.751,-0.37,4.681,10.2,-0.8535,5.665,3.87,-4.544,28.61,5.084,28.5,-2.508,-3.03,-4.428,-66.32,-22.78,0.7185,3.615,3.661,-0.1852,60.45,46.27,18.65,32.69,-2.203,3.548,-1.331,5.962,46.96,49.13,17.29,-9.893,-0.1439,5.746,3.034,-6.48,-74.14,-14.89,-1.782,-7.952,9.521,10.7,-7.214,13.32,10.85,21.72,5.646,19.58,-97.77,-14.98,9.32,-98.55,-19.47,9.551,-143.3,-11.01,20.66,-80.07,-4.756,-0.4252,-84.77,0.9863,-0.1362,-83.41,19.69,-1.873,-81.03,-27.2,-4.084,-85.34,-10.14,-3.006,-77.69,33.85,0.2776,-75.92,-15.13,-4.501,-82.21,-25.36,3.996,-126.5,-110.3,-123.5,-80.07,-59.09,-128.4,57.14,-180.2,83.01,26.84,-418.5,-127.9,-161.1,-112.8,71.78,-280.8,-225.1,-111.8,-125,-580.1,-106,-91.29,-136.2,-54.7,-93.26,-73.73,-91.32,-157.7,86.44,-8.792,155.3,42.97,-35.63,-59.13,18.06,57.18,-144,491.7,219.3,-1.934,293.4,18.05,118.7,4.395,404.8,0.4478,-0.03833,0.8798,0.1614,-0.5968,0.1022,0.6842,-0.4433,0.1804,0.4282,-0.4911,0.1345,-0.4956,-0.5187,-0.5982,-0.6524,-0.2121,-0.6739,-0.4684,-0.4604,-0.6826,0.7275,-0.1063,0.6738,0.6168,-0.03821,0.785,0.5624,-0.5456,0.341,0.3787,-0.7023,0.5049,0.02686,-0.3257,0.02551,-0.6589,-0.3286,-0.3425,-0.5072,-0.5545,-0.5716,-0.1075,-0.4272,-0.2239
12.51,5.688,-0.3403,4.62,10.01,-1.006,5.821,4.499,-4.194,28.65,5.298,28.54,-2.838,-3.017,-4.481,-66.32,-22.85,0.689,3.639,4.108,-0.0299,60.51,46.4,18.66,32.04,-2.346,3.567,-1.553,6.567,47.46,44.95,17.53,-12.14,-0.3008,6.265,3.092,-6.219,-74.31,-14.81,-1.786,-8.101,9.562,10.81,-7.232,13.98,10.99,21.65,6.2,20.46,-98.03,-15.18,9.486,-98.76,-19.32,9.703,-143.3,-10.87,20.49,-80.37,-4.86,-0.2567,-85,0.8324,0.01621,-83.35,19.55,-1.779,-80.93,-27.83,-4.214,-85.36,-10.53,-2.918,-77.17,33.04,0.7138,-75.97,-11.81,-3.807,-81.89,-24.22,4.965,-148.4,-108.9,-128.4,-74.71,-88.38,-140.1,54.2,-193.4,83.01,26.84,-426.8,-106.9,-152.3,-112.8,71.78,-282.2,-249.5,-116.7,-121.1,-572.8,-108.4,-76.67,-91.8,-36.12,-137.7,-45.89,-84.97,-196.3,-22.95,19.52,176.3,199.7,3.419,-47.44,32.75,-41.04,-119.1,403.8,229,161.2,381.8,-18.05,513.2,44.47,440.9,0.4485,-0.03778,0.8797,0.1603,-0.5958,0.101,0.6884,-0.441,0.1757,0.435,-0.4875,0.1296,-0.4939,-0.521,-0.5979,-0.653,-0.2139,-0.6722,-0.4694,-0.4602,-0.6814,0.7272,-0.1034,0.6746,0.6158,-0.03589,0.7859,0.5617,-0.5459,0.3421,0.3757,-0.7043,0.5067,0.02582,-0.3288,0.026,-0.6584,-0.3335,-0.3459,-0.524,-0.5432,-0.5574,-0.118,-0.4184,-0.2256
12.52,5.645,-0.3352,4.581,9.823,-1.129,5.929,5.064,-3.838,28.68,5.492,28.57,-3.124,-3.024,-4.525,-66.33,-22.84,0.6488,3.644,4.546,0.1155,60.44,46.38,18.68,31.28,-2.523,3.58,-1.658,7.293,48.03,40.64,17.85,-14.5,-0.4034,7.089,3.036,-6.021,-74.51,-14.73,-1.775,-8.274,9.597,10.92,-7.285,14.57,11.12,21.69,6.672,21.3,-98.24,-15.35,9.621,-98.92,-19.13,9.822,-143.4,-10.67,20.3,-80.66,-4.951,-0.1068,-85.24,0.7095,0.1713,-83.42,19.45,-1.757,-80.96,-28.5,-4.274,-85.38,-10.88,-2.841,-76.53,32.13,1.196,-75.81,-8.418,-3.218,-81.48,-23.12,6.191,-134.8,-99.61,-137.7,-87.89,-112.3,-148.4,60.05,-209.5,83.98,15.12,-444.3,-103,-151.4,-137.2,71.29,-282.7,-261.7,-134.3,-113.3,-556.1,-111.8,-98.16,-81.54,-8.295,-178.7,-43.46,-83.49,-175.3,-27.81,-9.268,-30.77,111.8,3.419,68.82,-30.76,-105,-115.7,354.9,217.3,251.9,440,-61.97,1078,-60.5,272.4,0.4492,-0.03699,0.8797,0.1591,-0.595,0.09992,0.6914,-0.4393,0.1707,0.4408,-0.4842,0.1245,-0.4925,-0.5229,-0.5976,-0.6538,-0.2155,-0.6703,-0.4706,-0.4603,-0.6797,0.727,-0.1007,0.6754,0.6151,-0.03351,0.7866,0.5611,-0.5461,0.3428,0.3729,-0.7058,0.5094,0.0249,-0.3316,0.02643,-0.6577,-0.3388,-0.3496,-0.5408,-0.5302,-0.5435,-0.1311,-0.4098,-0.2277
12.53,5.675,-0.3401,4.593,9.62,-1.239,5.996,5.58,-3.483,28.68,5.677,28.57,-3.381,-3.034,-4.571,-66.3,-22.8,0.6254,3.649,4.97,0.2688,60.19,46.26,18.64,30.34,-2.709,3.629,-1.939,8.1,48.61,36.23,18.23,-16.68,-0.5572,8.166,3.133,-5.981,-74.72,-14.65,-1.754,-8.498,9.626,10.99,-7.397,15.1,11.23,21.84,7.039,22.11,-98.43,-15.49,9.741,-99.05,-18.92,9.926,-143.6,-10.41,20.08,-80.93,-5.056,0.03904,-85.5,0.6475,0.3267,-83.34,19.36,-1.683,-80.82,-29.16,-4.42,-85.41,-11.17,-2.762,-75.85,31.1,1.637,-75.5,-5.052,-2.739,-81.1,-21.9,7.623,-111.3,-96.2,-117.7,-118.2,-129.9,-144.5,47.37,-253.9,82.03,3.43,-460,-105,-149.4,-163.1,81.54,-294.4,-283.7,-147,-112.3,-541,-99.12,-141.1,-104.5,-25.89,-193.4,-54.2,-97.66,-125,0,-12.22,-167,-52.76,-8.328,14.7,-30.3,-59.64,-75.19,311.5,153.3,258.3,353,-210.4,1603,-228,134.7,0.4499,-0.03607,0.8796,0.1582,-0.5942,0.09919,0.6936,-0.4382,0.1658,0.4454,-0.4811,0.1191,-0.4912,-0.5246,-0.5974,-0.6548,-0.2169,-0.6682,-0.4718,-0.4609,-0.6773,0.7267,-0.09821,0.6762,0.6148,-0.03101,0.787,0.5608,-0.5462,0.3437,0.3695,-0.708,0.5113,0.02405,-0.3339,0.02692,-0.6568,-0.3444,-0.3543,-0.5571,-0.5158,-0.5302,-0.1457,-0.4001,-0.2291
12.54,5.791,-0.3891,4.599,9.408,-1.327,6.047,6.063,-3.118,28.66,5.846,28.54,-3.611,-3.058,-4.61,-66.22,-22.68,0.6356,3.665,5.349,0.3875,59.75,45.99,18.49,29.21,-2.94,3.817,-2.313,8.882,49.17,31.89,18.66,-18.49,-0.7566,9.359,3.345,-6.239,-74.96,-14.56,-1.719,-8.799,9.657,11.04,-7.595,15.61,11.31,22.07,7.302,22.86,-98.57,-15.61,9.836,-99.13,-18.68,10,-143.9,-10.12,19.87,-81.2,-5.164,0.1749,-85.77,0.6696,0.5096,-83.15,19.24,-1.595,-80.54,-29.83,-4.653,-85.46,-11.45,-2.688,-75.23,29.98,1.894,-75.09,-1.848,-2.378,-80.94,-20.47,9.146,-96.19,-98.15,-100.6,-140.1,-126,-150.4,37.59,-298.3,76.66,-9.292,-475.1,-106.4,-154.8,-187.5,82.03,-288.1,-278.3,-150.4,-105,-509.8,-97.16,-188.5,-115.2,-58.6,-195.8,-66.41,-134.3,-110.8,63.98,21.96,-211.9,-45.92,-29.29,-12.36,23.41,-5.841,-136.7,170.9,53.22,223.2,268,-235.8,2032,-513.2,-76.68,0.4507,-0.03497,0.8795,0.1575,-0.5935,0.09894,0.695,-0.4375,0.1608,0.4488,-0.4783,0.1136,-0.4902,-0.5258,-0.5972,-0.656,-0.2182,-0.6659,-0.4729,-0.4619,-0.6745,0.7263,-0.0957,0.677,0.615,-0.02832,0.787,0.5605,-0.5465,0.3446,0.3657,-0.7108,0.5125,0.02332,-0.3361,0.02753,-0.6556,-0.3496,-0.3604,-0.5721,-0.5008,-0.518,-0.1604,-0.389,-0.2283
12.55,5.943,-0.4519,4.581,9.21,-1.422,6.129,6.531,-2.754,28.59,6.02,28.48,-3.816,-3.068,-4.67,-66.05,-22.53,0.6876,3.689,5.679,0.523,59.1,45.66,18.25,27.91,-3.181,4.164,-2.608,9.691,49.73,27.72,19.11,-19.72,-0.915,10.31,3.468,-6.897,-75.22,-14.47,-1.695,-9.204,9.689,11.05,-7.905,16.1,11.34,22.39,7.469,23.55,-98.68,-15.71,9.918,-99.18,-18.42,10.06,-144.2,-9.797,19.62,-81.53,-5.258,0.31,-86.06,0.7428,0.7014,-83.07,19.08,-1.54,-80.39,-30.54,-4.812,-85.52,-11.72,-2.602,-74.63,28.77,1.957,-74.6,1.093,-2.051,-81.16,-18.74,10.48,-103.5,-105,-97.16,-141.6,-122.6,-150.9,35.14,-329.6,69.34,-18.55,-499,-95.71,-154.3,-227.5,92.28,-294.4,-284.7,-150.9,-107.4,-484.4,-92.76,-233.4,-109.9,-75.19,-174.3,-85.44,-184.1,-134.8,99.13,4.888,-153.3,73.71,-46.38,-62.14,80.49,28.28,-164,6.819,0.4722,317.3,344.8,-179.2,2137,-703.1,-166.1,0.4515,-0.03388,0.8795,0.1574,-0.593,0.09937,0.6959,-0.437,0.1561,0.4511,-0.4759,0.1082,-0.4895,-0.5269,-0.5971,-0.6573,-0.2197,-0.6632,-0.474,-0.463,-0.6714,0.726,-0.0929,0.6778,0.6156,-0.02545,0.7866,0.56,-0.5469,0.3457,0.362,-0.7131,0.5144,0.02252,-0.3383,0.02826,-0.6538,-0.3544,-0.3679,-0.5857,-0.4862,-0.5069,-0.1724,-0.376,-0.2241
12.56,6.06,-0.5314,4.535,9.063,-1.522,6.249,6.987,-2.373,28.49,6.178,28.38,-3.997,-3.08,-4.726,-65.78,-22.36,0.7798,3.721,5.956,0.6404,58.24,45.26,17.97,26.55,-3.441,4.697,-2.767,10.33,50.26,23.81,19.53,-20.49,-1.051,10.8,3.448,-7.832,-75.48,-14.39,-1.669,-9.727,9.722,10.99,-8.341,16.58,11.31,22.77,7.552,24.16,-98.78,-15.8,9.985,-99.21,-18.13,10.11,-144.6,-9.462,19.37,-81.9,-5.308,0.4505,-86.36,0.8264,0.915,-83.14,18.89,-1.53,-80.41,-31.25,-4.87,-85.59,-12.01,-2.476,-74.26,27.55,1.717,-74.28,3.769,-1.61,-81.87,-16.78,11.49,-98.64,-95.7,-76.16,-145,-105.5,-164.6,25.89,-361.3,59.57,-31.24,-526.9,-108.4,-147.5,-246.1,85.94,-279.8,-257.3,-162.1,-107.9,-452.6,-83.99,-273.4,-108.4,-83.97,-166,-116.7,-216.8,-137.2,173.8,-29.3,-94.69,68.82,-24.93,18.71,46.83,13.68,-182.6,-185.5,21.01,558.6,489.7,-172.9,2179,-578.1,-406.7,0.4522,-0.03272,0.8795,0.1578,-0.5928,0.1005,0.6965,-0.4367,0.1517,0.4523,-0.474,0.1029,-0.4887,-0.5278,-0.5971,-0.6587,-0.2212,-0.6604,-0.475,-0.4643,-0.6681,0.726,-0.08979,0.6783,0.6163,-0.02234,0.7863,0.5592,-0.5475,0.3468,0.359,-0.7145,0.5173,0.02136,-0.3405,0.02905,-0.651,-0.3587,-0.3765,-0.5977,-0.4737,-0.4953,-0.1802,-0.3618,-0.2156
12.57,6.124,-0.5857,4.462,8.973,-1.63,6.348,7.441,-2.004,28.39,6.314,28.26,-4.141,-3.109,-4.784,-65.54,-22.12,0.9029,3.755,6.155,0.7597,57.3,44.86,17.67,25.25,-3.676,5.317,-2.915,10.66,50.75,20.22,19.98,-20.93,-1.197,10.8,3.411,-8.839,-75.8,-14.31,-1.621,-10.28,9.74,10.93,-8.807,17.04,11.27,23.19,7.557,24.7,-98.87,-15.85,10.04,-99.24,-17.83,10.15,-145,-9.121,19.09,-82.31,-5.298,0.6115,-86.67,0.9156,1.124,-83.24,18.68,-1.508,-80.47,-31.96,-4.917,-85.67,-12.27,-2.334,-74.24,26.43,1.218,-74.29,6.215,-0.9498,-83.08,-14.68,12.15,-115.7,-105.5,-52.24,-128.9,-79.1,-173.3,32.72,-371.1,68.36,-39.07,-547.8,-111.8,-140.6,-273,87.4,-275.4,-245.6,-164.1,-106.4,-416.5,-68.84,-273.9,-94.23,-83.02,-176.3,-161.1,-181.2,-169,158.7,-3.428,-35.15,51.26,25.87,11.36,-5.356,-31.2,-135.8,-332.5,128.9,1009,712.9,-130.4,2020,-120.6,-623.5,0.453,-0.03119,0.8795,0.1586,-0.5926,0.1022,0.697,-0.4367,0.1478,0.4527,-0.4723,0.09778,-0.4882,-0.5285,-0.5969,-0.6603,-0.2228,-0.6573,-0.4761,-0.4654,-0.6646,0.7264,-0.08637,0.6785,0.617,-0.01923,0.7859,0.558,-0.5483,0.3481,0.3561,-0.7158,0.5202,0.02014,-0.3425,0.02997,-0.6464,-0.3633,-0.3845,-0.6081,-0.4646,-0.4818,-0.1837,-0.3473,-0.203
12.58,6.181,-0.633,4.334,8.912,-1.731,6.414,7.872,-1.621,28.24,6.456,28.11,-4.281,-3.154,-4.851,-65.32,-21.86,1.01,3.796,6.309,0.8793,56.3,44.51,17.34,23.98,-3.904,5.853,-3.133,10.69,51.3,16.85,20.48,-21.32,-1.394,10.53,3.48,-9.749,-76.19,-14.21,-1.554,-10.87,9.742,10.85,-9.317,17.47,11.21,23.63,7.528,25.18,-98.99,-15.89,10.11,-99.28,-17.49,10.19,-145.3,-8.774,18.78,-82.73,-5.243,0.7775,-86.95,1.041,1.329,-83.23,18.49,-1.459,-80.4,-32.69,-5.042,-85.76,-12.52,-2.183,-74.54,25.36,0.6547,-74.62,8.513,-0.1634,-84.55,-12.65,12.57,-115.7,-116.2,-21,-121.1,-56.64,-176.3,41.02,-371.1,45.9,-48.83,-567.4,-94.24,-135.3,-295.4,89.85,-255.4,-219.7,-147.9,-98.14,-386.7,-71.29,-268.6,-98.62,-69.35,-198.2,-167,-147.5,-216.8,85.95,-14.66,-4.846,123,94.25,-1.336,10.25,-35.2,-57.6,-350.6,216.3,1206,902.9,-149.4,1691,676.2,-761.7,0.4539,-0.0293,0.8795,0.1596,-0.5924,0.1044,0.6975,-0.4365,0.1445,0.4526,-0.471,0.0929,-0.4877,-0.5294,-0.5965,-0.662,-0.2241,-0.6542,-0.4775,-0.4663,-0.6612,0.7271,-0.08277,0.6783,0.6179,-0.0163,0.7852,0.5568,-0.5492,0.3491,0.3527,-0.7176,0.5226,0.01892,-0.3444,0.03101,-0.6399,-0.3696,-0.3908,-0.6169,-0.4583,-0.4667,-0.1847,-0.3335,-0.1884
12.59,6.281,-0.661,4.178,8.869,-1.845,6.439,8.28,-1.245,28.08,6.595,27.95,-4.395,-3.176,-4.935,-65.18,-21.59,1.109,3.836,6.409,1.026,55.32,44.24,16.98,22.69,-4.097,6.226,-3.308,10.52,51.9,13.62,21.06,-21.94,-1.612,10.68,3.522,-10.46,-76.62,-14.12,-1.488,-11.42,9.703,10.78,-9.798,17.83,11.16,24.07,7.45,25.57,-99.15,-15.9,10.18,-99.38,-17.12,10.25,-145.6,-8.437,18.43,-83.17,-5.171,0.9481,-87.21,1.221,1.517,-83.26,18.31,-1.41,-80.36,-33.47,-5.165,-85.86,-12.73,-2.013,-75.05,24.31,0.1511,-75.13,10.7,0.4729,-85.96,-10.97,13.21,-81.56,-124,-1.954,-101.5,-29.79,-183.1,43.44,-367.2,42.49,-53.22,-590.8,-108.4,-129.4,-303.2,92.77,-248.5,-212.4,-143.6,-105,-369.1,-63.47,-259.3,-82.03,-94.23,-168.5,-164.1,-171.9,-260.2,1.945,18.57,-74.23,176.7,62.49,11.36,15.15,-47.8,50.77,-338.4,206,946.8,954.5,-173.8,1249,1486,-885.2,0.4547,-0.02722,0.8796,0.1607,-0.5922,0.107,0.6978,-0.4366,0.142,0.4519,-0.4701,0.08845,-0.4871,-0.5304,-0.5959,-0.6638,-0.2252,-0.6511,-0.479,-0.4668,-0.6578,0.7278,-0.07911,0.6781,0.6192,-0.01361,0.7843,0.5558,-0.5497,0.3503,0.3492,-0.7194,0.5252,0.01758,-0.3459,0.03211,-0.6329,-0.3772,-0.3955,-0.6237,-0.453,-0.4519,-0.1876,-0.3227,-0.174
12.6,6.342,-0.6417,3.967,8.87,-1.938,6.426,8.64,-0.8655,27.9,6.735,27.77,-4.494,-3.214,-5.038,-65.12,-21.38,1.181,3.881,6.452,1.17,54.39,44.14,16.58,21.48,-4.214,6.438,-3.493,10.31,52.49,10.66,21.7,-22.86,-1.861,11.64,3.583,-10.8,-77.09,-14.01,-1.413,-11.94,9.651,10.71,-10.25,18.14,11.12,24.5,7.356,25.88,-99.41,-15.86,10.28,-99.57,-16.72,10.33,-145.9,-8.111,18.05,-83.61,-5.049,1.099,-87.42,1.407,1.64,-83.26,18.1,-1.353,-80.29,-34.26,-5.309,-85.96,-12.89,-1.823,-75.57,23.32,-0.2511,-75.63,12.66,0.9271,-86.96,-9.839,14.47,-33.21,-108.4,32.72,-84.95,-14.16,-168.9,59.07,-348.6,23.44,-48.33,-609.4,-96.68,-104.5,-309.1,77.15,-240.2,-210,-143.6,-89.36,-345.2,-44.43,-238.3,-34.67,-103.5,-42.97,-106,-166,-236.8,-64.46,-97.67,-148.5,103.5,53.72,0,-48.36,-18.14,159.2,-307.1,132.3,548.4,824.2,-218.7,1343,1435,-1043,0.4557,-0.0249,0.8797,0.1619,-0.592,0.1097,0.6981,-0.4365,0.1402,0.4508,-0.4696,0.08448,-0.4865,-0.5319,-0.5946,-0.6657,-0.2258,-0.648,-0.4809,-0.4669,-0.6546,0.7289,-0.07551,0.6775,0.6205,-0.0116,0.7834,0.5551,-0.5502,0.3518,0.3455,-0.7214,0.5277,0.01611,-0.3471,0.0332,-0.6262,-0.3849,-0.3993,-0.6289,-0.448,-0.4387,-0.1965,-0.3161,-0.1627
12.61,6.215,-0.5873,3.72,8.996,-2.005,6.369,8.943,-0.4876,27.7,6.879,27.57,-4.579,-3.245,-5.156,-65.15,-21.25,1.211,3.922,6.46,1.305,53.57,44.19,16.18,20.41,-4.215,6.517,-3.735,10.33,53.03,8.165,22.37,-23.82,-2.13,13.04,3.712,-10.84,-77.59,-13.89,-1.331,-12.38,9.569,10.66,-10.64,18.35,11.08,24.91,7.25,26.1,-99.77,-15.78,10.42,-99.86,-16.26,10.45,-146,-7.774,17.66,-84.03,-4.792,1.21,-87.59,1.535,1.695,-83.17,17.83,-1.239,-80.12,-35.06,-5.519,-86.07,-13.05,-1.652,-75.81,22.4,-0.4764,-75.87,14.24,1.264,-87.36,-9.173,16.07,-26.37,-92.78,17.58,-57.14,0,-159.2,82.99,-328.1,19.53,-14.65,-626,-103,-56.64,-291.5,47.36,-201.7,-222.2,-135.7,-73.74,-330.6,-53.71,-186,11.73,-123.5,19.05,-66.41,-159.7,-202.6,-51.77,-97.67,-144.5,-41.97,-12.19,-14.03,-48.81,36.58,237.8,-361.3,89.87,328.2,684.1,-239.7,1779,752.5,-1253,0.4568,-0.02246,0.8797,0.163,-0.5918,0.1127,0.6983,-0.4366,0.1392,0.4494,-0.4694,0.08106,-0.4857,-0.5338,-0.5927,-0.6679,-0.2259,-0.6449,-0.483,-0.4666,-0.6515,0.7307,-0.07227,0.6761,0.6213,-0.01032,0.7827,0.5547,-0.5504,0.3542,0.3416,-0.7237,0.5299,0.01483,-0.3482,0.03436,-0.62,-0.3923,-0.4024,-0.6335,-0.443,-0.4289,-0.2095,-0.3126,-0.156
12.62,5.959,-0.5519,3.514,9.23,-2.007,6.237,9.173,-0.1004,27.46,7.007,27.31,-4.664,-3.288,-5.252,-65.23,-21.25,1.202,3.954,6.457,1.425,52.84,44.43,15.73,19.38,-4.12,6.471,-4.058,10.57,53.54,6.182,23.03,-24.42,-2.406,14.09,3.893,-10.75,-78.08,-13.75,-1.239,-12.77,9.466,10.59,-11,18.48,11.02,25.26,7.15,26.22,-100.3,-15.66,10.57,-100.3,-15.76,10.58,-146.2,-7.445,17.25,-84.38,-4.413,1.249,-87.73,1.651,1.698,-83,17.49,-1.067,-79.87,-35.88,-5.787,-86.18,-13.25,-1.499,-75.79,21.5,-0.5316,-75.85,15.32,1.612,-87.39,-8.639,17.35,-47.84,-75.68,-6.355,-34.66,12.2,-150.4,103,-318.4,5.368,15.12,-646.5,-94.24,-22.45,-263.7,28.32,-172.8,-253.9,-141.6,-42.49,-308.6,-47.85,-84.47,49.32,-134.8,89.84,-25.39,-118.2,-208.5,0,-138.2,-30.77,1.945,-28.79,-78.17,-24.48,64.87,288.1,-318.4,-12.7,187.5,706.5,-126.9,1787,506.9,-1263,0.458,-0.01996,0.8797,0.1641,-0.5918,0.1156,0.6982,-0.4368,0.1389,0.4478,-0.4697,0.07837,-0.4846,-0.5363,-0.5901,-0.6703,-0.2255,-0.642,-0.4854,-0.466,-0.6486,0.7331,-0.06989,0.6739,0.6222,-0.009522,0.7821,0.5545,-0.5504,0.3573,0.3372,-0.7263,0.5317,0.01367,-0.3497,0.03546,-0.6145,-0.3996,-0.4051,-0.6377,-0.4389,-0.4221,-0.2205,-0.3092,-0.1528
12.63,5.675,-0.5014,3.356,9.458,-1.958,6.031,9.295,0.2809,27.16,7.112,27.01,-4.755,-3.346,-5.314,-65.39,-21.17,1.152,3.958,6.45,1.511,52.28,44.63,15.23,18.41,-3.928,6.312,-4.349,10.89,54.03,4.651,23.67,-24.64,-2.619,14.38,4.026,-10.47,-78.56,-13.57,-1.137,-13.08,9.352,10.51,-11.29,18.49,10.94,25.55,7.051,26.25,-100.6,-15.53,10.67,-100.6,-15.26,10.65,-146.2,-7.112,16.84,-84.63,-4.004,1.24,-87.84,1.768,1.637,-82.84,17.1,-0.8838,-79.68,-36.75,-6.009,-86.27,-13.5,-1.371,-75.68,20.66,-0.5054,-75.75,16.01,2.167,-87.23,-8.085,18.02,-42.97,-49.81,-21,-9.27,20.52,-150.4,127.5,-300.8,-8.794,50.79,-649.4,-106.9,1.947,-215.8,3.421,-153.8,-295.9,-135.7,-34.2,-310.5,-49.8,30.26,63.48,-159.7,123,-8.787,-83.49,-140.1,69.33,-118.2,53.69,-14.62,-64.97,-48.78,30.76,89.92,241.2,-314.4,-150.4,203.1,779.8,3.385,1414,772.9,-1092,0.4595,-0.01746,0.8794,0.165,-0.592,0.1184,0.6979,-0.437,0.1395,0.4462,-0.4704,0.0766,-0.4833,-0.539,-0.587,-0.6729,-0.225,-0.6389,-0.4881,-0.4652,-0.6458,0.7357,-0.0683,0.6714,0.623,-0.009339,0.7815,0.5544,-0.5503,0.3611,0.3327,-0.7288,0.534,0.01263,-0.3516,0.03644,-0.6107,-0.4056,-0.4079,-0.6419,-0.4372,-0.4161,-0.2271,-0.3049,-0.1521
12.64,5.43,-0.4377,3.283,9.605,-1.861,5.723,9.327,0.6183,26.82,7.168,26.65,-4.809,-3.422,-5.341,-65.55,-21.4,1.103,3.925,6.462,1.555,51.83,45.17,14.74,17.55,-3.667,6,-4.548,11.07,54.52,3.433,24.25,-24.58,-2.794,14.27,4.083,-10.03,-79.02,-13.38,-1.033,-13.35,9.235,10.4,-11.59,18.4,10.82,25.72,6.946,26.18,-101.3,-15.32,10.8,-101.2,-14.71,10.77,-146.2,-6.786,16.45,-84.77,-3.673,1.19,-87.92,1.845,1.521,-82.77,16.69,-0.7211,-79.57,-37.64,-6.159,-86.36,-13.82,-1.229,-75.69,19.85,-0.4316,-75.77,16.43,2.808,-87.05,-7.527,18.37,-39.06,-37.11,-42,-8.786,20.02,-132.3,145.5,-290,-15.14,78.13,-648.4,-113.3,20.5,-153.8,-5.374,-135.3,-330.6,-133.3,-26.39,-323.2,-38.57,101.1,49.81,-164.1,111.8,-47.84,-89.83,-78.14,132.8,-126.5,191.4,-10.73,-95.69,-91.2,11.17,134.3,34.67,-417,-263.2,334.5,892.6,-114.3,923.3,1197,-976.6,0.4611,-0.01502,0.879,0.1661,-0.5924,0.1212,0.6971,-0.4374,0.1409,0.4446,-0.4711,0.07593,-0.4818,-0.542,-0.5834,-0.6754,-0.2245,-0.6359,-0.4908,-0.4642,-0.6432,0.7377,-0.06769,0.6693,0.6235,-0.009705,0.7812,0.5544,-0.5502,0.3651,0.3284,-0.7307,0.5368,0.01141,-0.3541,0.03742,-0.6098,-0.4098,-0.4112,-0.6452,-0.4378,-0.4103,-0.231,-0.3003,-0.1519
12.65,5.311,-0.3744,3.271,9.611,-1.741,5.344,9.254,0.918,26.4,7.185,26.23,-4.845,-3.51,-5.331,-65.72,-21.67,1.067,3.854,6.499,1.551,51.49,45.74,14.24,16.74,-3.376,5.378,-4.706,11.12,55.03,2.402,24.76,-24.37,-2.917,14.44,4.134,-9.652,-79.45,-13.16,-0.9346,-13.61,9.116,10.24,-11.89,18.22,10.65,25.78,6.822,26.01,-102,-15.06,10.88,-101.8,-14.16,10.84,-146.2,-6.456,16.09,-84.82,-3.461,1.123,-87.97,1.931,1.387,-82.71,16.27,-0.5634,-79.51,-38.56,-6.257,-86.46,-14.24,-1.087,-75.81,19.06,-0.1059,-75.88,16.66,3.173,-86.91,-7.055,18.75,-8.78,-24.42,-55.66,-8.301,10.26,-124,146.5,-290.5,-48.34,97.18,-650.9,-116.2,27.35,-87.4,19.04,-129.4,-353,-130.4,-14.16,-341.3,-22.47,129.4,21,-141.6,80.57,-67.39,-83.01,-20.51,180.7,-158.7,303.2,69.32,-93.76,-96.21,48.36,121.6,-158.7,-503.4,-351.1,357.4,896,-180.7,1004,841.8,-971.6,0.4629,-0.0127,0.8785,0.1672,-0.5932,0.1241,0.696,-0.4379,0.1431,0.443,-0.4719,0.07654,-0.4801,-0.5447,-0.5796,-0.6778,-0.2244,-0.6327,-0.4935,-0.4633,-0.6407,0.739,-0.06775,0.6679,0.6241,-0.01038,0.7807,0.5542,-0.55,0.3691,0.3238,-0.7324,0.54,0.01013,-0.3574,0.03845,-0.6124,-0.4131,-0.414,-0.6466,-0.4387,-0.4066,-0.235,-0.2965,-0.1515
12.66,5.308,-0.3399,3.312,9.545,-1.59,4.948,9.087,1.144,25.96,7.136,25.77,-4.822,-3.606,-5.284,-65.82,-22,1.067,3.733,6.528,1.522,51.26,46.29,13.72,15.93,-3.094,4.438,-4.79,11.3,55.58,1.567,25.23,-23.97,-3.015,14.74,4.136,-9.615,-79.83,-12.94,-0.8301,-13.87,8.997,10.03,-12.22,17.94,10.42,25.7,6.66,25.73,-102.7,-14.76,10.93,-102.5,-13.64,10.87,-146.3,-6.103,15.75,-84.8,-3.322,1.04,-88,2.061,1.261,-82.71,15.87,-0.426,-79.51,-39.51,-6.297,-86.54,-14.72,-0.9253,-75.75,18.24,0.5946,-75.8,16.67,3.142,-86.75,-6.66,18.95,21.98,-21.97,-45.91,-20.02,-10.74,-104.5,132.3,-302.7,-40.04,122.6,-642.6,-119.1,22.45,-35.65,36.62,-122.6,-344.2,-119.6,-12.71,-367.7,-20.99,100.6,-26.36,-119.1,74.23,-69.82,-130.4,117.7,250.5,-88.37,255.8,-4.893,-113.3,-21.05,18.06,109.9,-222.2,-482.9,-439,142.5,871.1,-49.8,836.4,484.9,-1097,0.4646,-0.01056,0.8779,0.1687,-0.5942,0.1272,0.6946,-0.4385,0.1462,0.4413,-0.4727,0.07868,-0.4787,-0.5472,-0.5757,-0.68,-0.2248,-0.6293,-0.4962,-0.4627,-0.6379,0.7398,-0.06836,0.667,0.625,-0.01111,0.78,0.5542,-0.5498,0.373,0.3192,-0.7337,0.5436,0.008606,-0.3612,0.03943,-0.6178,-0.4162,-0.416,-0.6468,-0.4381,-0.407,-0.2374,-0.2931,-0.1516
12.67,5.297,-0.3492,3.375,9.491,-1.438,4.543,8.853,1.303,25.46,7.046,25.25,-4.737,-3.706,-5.24,-65.85,-22.32,1.129,3.582,6.561,1.45,51.08,46.76,13.19,15.13,-2.841,3.569,-4.933,11.88,56.13,1.093,25.62,-23.87,-3.144,14.65,4.215,-10.25,-80.19,-12.72,-0.7328,-14.21,8.882,9.755,-12.64,17.6,10.12,25.47,6.455,25.35,-103.4,-14.4,10.93,-103.1,-13.12,10.87,-146.4,-5.716,15.45,-84.74,-3.167,0.9493,-88.01,2.202,1.169,-82.62,15.47,-0.2674,-79.42,-40.45,-6.388,-86.63,-15.28,-0.7486,-75.25,17.42,1.385,-75.29,16.33,3.034,-86.84,-6.858,18.87,35.15,-16.11,-37.6,-14.15,-36.63,-95.21,126.5,-309.1,-32.22,168.5,-607.9,-143.1,24.43,-2.929,60.55,-118.2,-326.2,-120.6,22.46,-369.6,-17.58,49.3,-79.09,-107.4,48.84,-64.94,-147,151.9,270,-94.71,217.8,-115.7,-151.8,-4.343,-4.438,138.2,-125.5,-356.9,-443.9,1.479,875,98.64,2757,-726.1,-1390,0.4664,-0.008545,0.8773,0.1708,-0.5956,0.1309,0.6929,-0.4392,0.1501,0.4396,-0.4735,0.08234,-0.4776,-0.5492,-0.5716,-0.6821,-0.2258,-0.6256,-0.4987,-0.4627,-0.6349,0.7407,-0.06922,0.666,0.6259,-0.01166,0.7793,0.5537,-0.5498,0.3765,0.3144,-0.7354,0.5468,0.006897,-0.3655,0.04047,-0.6239,-0.4182,-0.4188,-0.6476,-0.4364,-0.4113,-0.2363,-0.2948,-0.1514
12.68,5.27,-0.3833,3.407,9.481,-1.296,4.178,8.584,1.386,24.92,6.897,24.7,-4.582,-3.777,-5.177,-65.79,-22.64,1.245,3.416,6.584,1.375,50.99,47.13,12.65,14.29,-2.607,3.099,-5.1,12.6,56.72,1.026,25.93,-22.58,-3.271,13.31,4.348,-10.99,-80.52,-12.51,-0.6332,-14.6,8.739,9.446,-13.13,17.2,9.776,25.06,6.208,24.87,-104,-13.98,10.9,-103.7,-12.62,10.83,-146.6,-5.322,15.13,-84.7,-2.969,0.8724,-88.02,2.371,1.115,-82.48,15.08,-0.08058,-79.28,-41.42,-6.502,-86.73,-15.94,-0.562,-74.57,16.67,1.854,-74.62,15.65,3.188,-86.89,-6.184,17.66,18.07,-38.58,-11.72,-14.66,-52.74,-79.59,120.1,-308.1,-46.38,172.9,-617.7,-104.5,31.74,8.307,53.23,-97.17,-293,-113.3,52.73,-378.4,-23.93,30.26,-120.1,-92.78,7.816,-106,-40.52,27.34,321.3,-122.5,267.6,-114.7,-148,-79.51,24.48,215.8,-62.51,-240.2,-209,-34.12,776.4,-177.7,507.8,-2746,-167.5,0.4681,-0.006592,0.8767,0.1733,-0.5971,0.1354,0.691,-0.4401,0.1548,0.438,-0.4739,0.08771,-0.4769,-0.5508,-0.5675,-0.684,-0.2273,-0.6216,-0.501,-0.4629,-0.6315,0.7418,-0.06989,0.6647,0.6271,-0.01202,0.7783,0.553,-0.5498,0.38,0.3091,-0.7372,0.5499,0.005066,-0.3707,0.04163,-0.6282,-0.4187,-0.4232,-0.649,-0.4366,-0.4162,-0.2268,-0.2887,-0.1519
12.69,5.337,-0.4097,3.34,9.438,-1.206,3.917,8.299,1.424,24.36,6.696,24.13,-4.341,-3.802,-5.119,-65.6,-22.97,1.459,3.258,6.596,1.282,50.93,47.37,12.09,13.43,-2.391,2.98,-5.111,12.59,57.4,1.19,26.14,-21.21,-3.322,10.46,4.402,-11.69,-80.81,-12.31,-0.5548,-15.09,8.578,9.083,-13.73,16.77,9.383,24.48,5.889,24.31,-104.6,-13.51,10.81,-104.3,-12.11,10.75,-146.9,-4.918,14.82,-84.73,-2.825,0.8369,-87.97,2.579,1.097,-82.45,14.72,0.08278,-79.29,-42.46,-6.492,-86.85,-16.78,-0.3579,-74.61,16.01,1.788,-74.67,14.82,3.638,-87.71,-5.5,15.21,41.51,-42,32.23,1.454,-36.63,-60.54,121.1,-298.3,-27.35,190.9,-585.5,-105.5,54.2,16.12,54.2,-73.73,-257.3,-104,93.73,-373.5,-26.38,12.71,-108.4,-73.25,-28.81,-126.9,25.39,-77.15,374,-136.7,384.8,-51.76,-191.4,-131,32.29,371.1,64.44,-84.94,70.32,-24.91,90.86,-379.4,1309,-38.52,-1324,0.4696,-0.004944,0.8761,0.1763,-0.5988,0.1408,0.6889,-0.4411,0.1602,0.4364,-0.474,0.09473,-0.4765,-0.5518,-0.5634,-0.6858,-0.2292,-0.6172,-0.503,-0.4637,-0.6277,0.7426,-0.06995,0.6638,0.6285,-0.01239,0.7772,0.5523,-0.5497,0.3834,0.3038,-0.7383,0.5539,0.002991,-0.3773,0.04291,-0.63,-0.4187,-0.4286,-0.6485,-0.4425,-0.4169,-0.205,-0.2829,-0.1484
12.7,5.572,-0.4336,3.22,9.265,-1.131,3.706,8.056,1.411,23.74,6.434,23.5,-4.033,-3.797,-5.029,-65.25,-23.31,1.791,3.111,6.581,1.179,50.89,47.5,11.54,12.49,-2.17,3.068,-4.962,12.04,58.18,1.376,26.09,-18.92,-3.211,6.82,4.357,-11.35,-81.08,-12.12,-0.4604,-15.7,8.378,8.671,-14.44,16.34,8.942,23.73,5.496,23.69,-105.1,-12.99,10.69,-104.8,-11.6,10.63,-147.2,-4.515,14.48,-84.77,-2.806,0.8446,-87.89,2.832,1.12,-82.53,14.4,0.2587,-79.5,-43.56,-6.317,-86.97,-17.89,-0.1964,-75.15,15.38,1.411,-75.22,14,4.223,-87.94,-3.967,11.81,99.11,-30.28,39.06,65.92,4.888,-51.26,146,-272.5,-10.74,212.9,-524.4,-46.38,85.44,26.36,41.5,-18.55,-203.6,-104,137.2,-346.2,-30.75,-16.61,-50.77,-12.69,-16.59,-43.46,94.24,-130.9,457,-51.26,654.3,69.32,-240.2,-269.6,54.17,583,132.3,-134.3,356.4,190.9,-1315,-591.3,-1012,13.7,104.9,0.4711,-0.003296,0.8755,0.1798,-0.6007,0.1472,0.6869,-0.4422,0.1661,0.4348,-0.4735,0.1033,-0.4765,-0.5524,-0.5592,-0.6876,-0.2312,-0.6127,-0.5045,-0.4647,-0.6235,0.7428,-0.06965,0.6637,0.6302,-0.0127,0.7758,0.5517,-0.5492,0.3868,0.2985,-0.7386,0.559,0.001099,-0.3861,0.04425,-0.6295,-0.4192,-0.434,-0.6465,-0.4518,-0.4148,-0.1776,-0.2679,-0.1502
12.71,5.802,-0.4227,3.036,9.075,-1.08,3.565,7.852,1.407,23.07,6.132,22.83,-3.686,-3.711,-4.914,-64.77,-23.7,2.219,2.988,6.564,1.054,50.85,47.55,11.1,11.57,-1.9,2.833,-4.71,11.05,59.12,1.34,25.73,-17.28,-3.027,3.811,4.266,-10.47,-81.28,-11.92,-0.3841,-16.4,8.121,8.224,-15.24,15.89,8.467,22.88,5.019,23.02,-105.6,-12.44,10.51,-105.4,-11.06,10.46,-147.7,-4.118,14.11,-84.82,-2.801,0.8616,-87.75,3.064,1.123,-82.67,14.17,0.446,-79.82,-44.74,-6.026,-87.1,-19.39,-0.012,-76.1,14.67,1.223,-76.16,13.34,4.387,-87.92,-3.054,8.725,142.1,-21,36.14,97.67,35.16,-75.19,206.1,-253.4,-14.16,249,-488.8,-13.67,121.6,44.44,22.94,53.23,-167,-92.77,187,-306.2,-25.38,-15.15,20.02,72.27,27.33,91.8,164.6,-118.2,559.6,-37.61,1173,276.4,-253.4,-439,57.69,744.6,232.9,-252,481.9,267.5,-2971,-1107,-224.1,719.8,2572,0.4727,-0.002014,0.8748,0.1835,-0.6026,0.1546,0.685,-0.4434,0.1727,0.4331,-0.4727,0.113,-0.4765,-0.5526,-0.555,-0.6896,-0.2332,-0.6078,-0.5058,-0.4659,-0.619,0.7428,-0.06922,0.6637,0.6318,-0.01343,0.7745,0.5509,-0.5486,0.3895,0.293,-0.7385,0.5648,-0.001282,-0.398,0.04566,-0.6294,-0.4215,-0.4379,-0.6416,-0.4609,-0.4131,-0.1528,-0.2575,-0.1547
12.72,5.882,-0.3943,2.846,8.995,-0.9906,3.45,7.659,1.387,22.36,5.755,22.12,-3.269,-3.579,-4.747,-64.19,-24.13,2.731,2.856,6.584,0.922,50.79,47.56,10.85,10.71,-1.604,2.081,-4.354,10.16,60.26,1.112,24.91,-15.25,-2.684,1.788,4.078,-8.935,-81.44,-11.74,-0.2952,-17.15,7.8,7.756,-16.08,15.39,7.971,21.98,4.428,22.34,-106.2,-11.85,10.28,-105.9,-10.49,10.23,-148.2,-3.722,13.69,-84.86,-2.703,0.8498,-87.6,3.237,1.084,-82.9,14.08,0.6047,-80.33,-46.01,-5.533,-87.2,-21.42,0.1539,-76.93,13.89,1.557,-76.99,12.78,4.511,-87.09,-1.712,6.514,191.4,-11.23,69.83,145,91.81,-42.97,269.1,-236.8,-41.51,298.3,-450.2,30.27,160.2,71.78,-8.302,95.71,-159.7,-94.73,221.2,-279.3,-25.87,117.2,97.17,147,23.92,204.1,279.8,-22.96,629.9,-33.68,1579,300.8,-295.9,-409.2,135.3,903.4,554.2,-301.3,184.5,406.7,-2842,-1280,-2259,-659.2,548.4,0.4741,-7.94E-04,0.8742,0.1873,-0.6046,0.1629,0.683,-0.4448,0.1802,0.4308,-0.4713,0.1235,-0.4766,-0.5524,-0.5508,-0.6916,-0.2347,-0.6029,-0.5071,-0.467,-0.6142,0.7434,-0.06903,0.663,0.6329,-0.01453,0.7735,0.5501,-0.5478,0.3912,0.2871,-0.7376,0.5717,-0.003967,-0.4139,0.04688,-0.6324,-0.4248,-0.4403,-0.6373,-0.4686,-0.4115,-0.1375,-0.2431,-0.1642
12.73,5.978,-0.3366,2.641,8.947,-0.806,3.358,7.419,1.375,21.63,5.3,21.4,-2.753,-3.454,-4.536,-63.58,-24.57,3.322,2.751,6.746,0.7832,50.71,47.56,10.82,9.983,-1.253,0.9746,-4.026,9.482,61.66,0.8736,23.58,-14.54,-2.328,-0.5414,3.862,-7.732,-81.6,-11.62,-0.1811,-17.93,7.424,7.23,-16.97,14.78,7.416,21.02,3.717,21.7,-106.7,-11.24,10,-106.5,-9.886,9.958,-148.7,-3.351,13.22,-84.93,-2.634,0.7714,-87.47,3.391,0.9525,-83.13,14.2,0.747,-80.89,-47.31,-4.949,-87.27,-23.99,0.3721,-77.56,13.19,2.245,-77.61,12.31,4.493,-86.45,-1.574,4.104,270,19.53,155.8,210.5,129.4,-10.74,331.6,-231.4,-78.12,402.8,-435.1,69.34,226.1,73.25,-57.13,148.9,-166,-96.68,263.2,-243.2,-21.98,307.1,181.1,171.9,133.8,340.3,463.9,68.35,592.3,-40.02,1908,426.3,-299.8,-531.2,290.6,943.3,1084,-297.8,-166,803.7,-456.6,-93.24,285.7,-569.3,1275,0.4751,6.10E-04,0.8737,0.1911,-0.6068,0.1717,0.681,-0.4461,0.189,0.4282,-0.4691,0.1345,-0.4767,-0.552,-0.5465,-0.6939,-0.2359,-0.5979,-0.5081,-0.4679,-0.6094,0.7439,-0.06903,0.6626,0.6339,-0.01617,0.7726,0.5495,-0.5467,0.3913,0.2806,-0.7365,0.5789,-0.00763,-0.4339,0.04785,-0.638,-0.4273,-0.4417,-0.6334,-0.4741,-0.4113,-0.1188,-0.2389,-0.174
12.74,6.184,-0.1386,2.226,8.789,-0.5158,3.352,7.137,1.398,20.91,4.779,20.68,-2.182,-3.392,-4.257,-63.04,-25,4.014,2.631,7.112,0.628,50.72,47.56,11.06,9.534,-0.7243,-0.03637,-3.624,9.112,63.32,0.8847,21.77,-14.09,-2.069,-3.225,3.595,-7.255,-81.78,-11.54,-0.005608,-18.65,7.007,6.683,-17.8,14.09,6.84,20,2.885,21.19,-107.2,-10.62,9.706,-107,-9.244,9.665,-149.3,-2.95,12.73,-85.09,-2.715,0.6623,-87.24,3.496,0.6656,-83.37,14.53,0.9027,-81.53,-48.67,-4.257,-87.33,-27.08,0.7486,-77.79,12.75,2.807,-77.84,11.87,4.227,-86.11,-1.641,1.156,419.9,66.89,233.9,279.3,136.2,25.39,387.2,-240.7,-84.96,489.3,-428.2,103,292.5,59.08,-102.5,253.4,-161.6,-92.77,346.7,-207,9.765,484.9,263.2,317.9,292.5,410.7,663.6,175.3,538.6,-129.9,1805,549.8,-328.6,-633.7,337,878.5,1482,-471.7,228.5,1631,1375,945.3,1115,3909,397,0.4757,0.002502,0.8734,0.1943,-0.6093,0.1804,0.6792,-0.4472,0.1991,0.4257,-0.4655,0.1457,-0.4767,-0.5514,-0.542,-0.6964,-0.2365,-0.5929,-0.5094,-0.4687,-0.6043,0.7435,-0.06855,0.6632,0.6346,-0.01947,0.772,0.5494,-0.5449,0.3902,0.2738,-0.7351,0.5865,-0.01312,-0.4577,0.04865,-0.6415,-0.4294,-0.4421,-0.6303,-0.4765,-0.414,-0.09461,-0.2362,-0.1824
12.75,6.456,0.1746,1.48,8.642,-0.1249,3.535,6.828,1.458,20.25,4.212,20.02,-1.474,-3.338,-3.947,-62.53,-25.45,4.838,2.476,7.677,0.4393,50.78,47.58,11.6,9.43,-0.01594,-0.9023,-3.073,8.256,65.31,1.545,19.52,-12.76,-1.874,-3.953,3.326,-6.586,-81.93,-11.57,0.1744,-19.32,6.554,6.101,-18.58,13.34,6.23,18.93,1.91,20.8,-107.8,-9.998,9.373,-107.5,-8.56,9.335,-149.8,-2.517,12.21,-85.43,-2.908,0.4745,-86.87,3.554,0.2088,-83.64,15.12,1.032,-82.3,-50.1,-3.407,-87.49,-30.7,1.307,-78.37,12.69,2.999,-78.47,11.15,3.884,-85.9,-1.135,0.01503,574.2,114.3,325.7,436.5,137.2,53.23,500.5,-162.1,-190.4,566.4,-401.9,172.4,387.7,23.93,-180.7,380.9,-175.3,-114.3,473.6,-183.6,20.99,615.3,461.4,414.1,446.8,596.7,629.9,435.5,424.3,-62.02,1490,565.4,-332.5,-571.9,620.1,810.5,1214,-818.3,362.3,3001,1785,2379,-75.14,1959,709,0.4755,0.004334,0.8736,0.1971,-0.612,0.1889,0.6777,-0.4481,0.2103,0.4229,-0.4605,0.1571,-0.4767,-0.5507,-0.5376,-0.6991,-0.2366,-0.5877,-0.5111,-0.4694,-0.599,0.7426,-0.06738,0.6646,0.6349,-0.02478,0.7716,0.5504,-0.5421,0.3877,0.2664,-0.7332,0.5947,-0.02014,-0.485,0.04993,-0.6416,-0.432,-0.4401,-0.6244,-0.4819,-0.4168,-0.08594,-0.2307,-0.186
12.76,6.499,0.4378,0.7418,8.642,0.4541,3.728,6.431,1.568,19.54,3.65,19.29,-0.7735,-3.331,-3.568,-61.86,-26.09,5.723,2.275,8.409,0.2122,50.82,47.66,12.4,9.765,0.7492,-2.006,-2.527,8.075,67.47,3.12,16.79,-11.35,-1.951,-3.109,3.119,-6.955,-81.94,-11.6,0.376,-20.01,6.1,5.449,-19.38,12.5,5.55,17.85,0.848,20.48,-108.4,-9.371,9.019,-108.1,-7.822,8.982,-150.3,-2.023,11.68,-85.65,-2.957,0.1142,-86.4,3.538,-0.3681,-83.86,15.91,1.088,-82.95,-51.5,-2.641,-87.68,-34.77,2.115,-78.18,12.94,3.512,-78.37,9.825,3.285,-85.96,-1.104,0.2875,530.3,160.2,293.9,627.4,127.4,72.75,697.3,25.39,-281.7,708.5,-376.5,241.2,514.2,37.1,-269.5,524.4,-191.9,-138.2,622.1,-155.8,37.6,978,690.4,345.2,576.2,645.5,512.2,976.6,306.7,-64.46,1117,389.7,-288.5,-289.6,538.6,680.6,577.2,-1218,-659.7,1066,-344.2,2641,-150.4,721.2,255.3,0.4753,0.005738,0.8735,0.1997,-0.6152,0.1972,0.6764,-0.4484,0.2229,0.4198,-0.4547,0.1686,-0.4764,-0.5501,-0.533,-0.702,-0.2362,-0.5822,-0.5133,-0.4701,-0.5934,0.7424,-0.06794,0.665,0.6346,-0.03144,0.7716,0.5523,-0.5389,0.3837,0.2587,-0.7319,0.602,-0.02942,-0.515,0.05091,-0.6411,-0.4357,-0.4342,-0.6189,-0.4852,-0.4265,-0.08814,-0.2307,-0.1849
12.77,6.45,0.5348,0.4604,8.697,1.262,3.541,5.893,1.722,18.8,3.11,18.54,-0.08618,-3.371,-3.108,-61.09,-26.98,6.636,2.039,9.245,-0.03881,50.87,47.87,13.25,10.63,1.563,-2.977,-2.205,8.208,69.53,5.472,13.72,-9.934,-2.298,-3.374,3.141,-7.33,-81.82,-11.62,0.605,-20.66,5.647,4.772,-20.16,11.52,4.846,16.76,-0.3354,20.16,-109.1,-8.743,8.643,-108.8,-7.041,8.607,-150.8,-1.499,11.13,-85.37,-2.954,-0.4672,-85.91,3.488,-1.029,-83.85,16.71,1.153,-83.24,-52.77,-2.175,-87.95,-39.08,3.155,-77.66,13.7,3.951,-78.05,8.237,4.042,-86.06,-1.149,0.809,275.9,184.6,164.1,752.4,79.59,0,909.2,247.1,-301.8,879.4,-292,230.5,571.8,88.38,-310.5,633.8,-207,-168,786.1,-136.2,-25.38,1140,552.7,333,505.4,304.7,346.7,1003,95.24,-175.3,765.6,167.5,-100.1,303.7,-12.7,817,660.1,-662.1,-1547,213.4,-1594,-120.2,-249,698.2,598.1,0.4752,0.006775,0.8733,0.2023,-0.6185,0.2053,0.6749,-0.4481,0.237,0.416,-0.4486,0.1805,-0.4755,-0.5498,-0.5279,-0.7051,-0.2354,-0.5764,-0.5157,-0.4706,-0.5876,0.7422,-0.07294,0.6648,0.6339,-0.03882,0.7718,0.5537,-0.5362,0.3791,0.251,-0.7317,0.6074,-0.04029,-0.546,0.05164,-0.6402,-0.4375,-0.4258,-0.6186,-0.4934,-0.4304,-0.09229,-0.2317,-0.1832
12.78,6.397,0.4898,0.7102,8.748,2.12,2.963,5.038,1.881,18.18,2.696,17.87,0.6334,-3.549,-2.621,-60.38,-28.03,7.582,1.82,10.14,-0.2739,50.99,48.21,14.11,11.96,2.366,-3.121,-2.163,8.47,71.44,8.537,10.64,-8.572,-2.612,-2.949,3.376,-7.803,-81.66,-11.67,0.8407,-21.22,5.309,4.102,-20.86,10.33,4.151,15.67,-1.708,19.78,-109.9,-8.115,8.258,-109.6,-6.254,8.224,-151.2,-1.014,10.57,-84.66,-2.98,-1.11,-85.52,3.396,-1.641,-83.67,17.47,1.329,-83.32,-53.93,-1.898,-88.44,-43.29,4.258,-77.1,14.97,3.718,-77.73,6.451,4.546,-86.19,-1.46,1.813,40.05,208.5,117.2,614.7,27.83,141.1,1004,380.9,-284.2,946.8,-219.7,268.6,523.4,139.6,-277.8,652.8,-197.3,-151.9,844.7,-124.5,-46.88,765.6,145,269,241.7,-50.29,191.9,574.7,-144.5,-109.4,427.8,67.38,-110.9,-87.86,-6.886,375.1,188.5,-89.87,391.1,-340.8,-1287,-1852,172.8,-665.1,0,0.4749,0.007691,0.8732,0.2053,-0.6218,0.2123,0.6727,-0.4474,0.2526,0.4107,-0.4422,0.1934,-0.4739,-0.5501,-0.5221,-0.7079,-0.2344,-0.5707,-0.518,-0.471,-0.5819,0.7415,-0.08106,0.6647,0.633,-0.04529,0.7722,0.5539,-0.534,0.3744,0.2437,-0.7322,0.6116,-0.05029,-0.5756,0.05298,-0.6371,-0.4346,-0.4185,-0.6167,-0.5015,-0.4364,-0.1002,-0.2354,-0.1804
12.79,6.437,0.4292,1.198,8.743,2.78,2.311,3.778,2.002,17.67,2.57,17.28,1.387,-3.933,-2.165,-59.69,-29.21,8.569,1.654,11.01,-0.4241,51.09,48.67,14.99,13.39,2.91,-3.052,-2.222,7.526,73.25,11.36,7.532,-7.398,-2.662,-2.156,3.712,-7.121,-81.47,-11.74,1.057,-21.75,5.165,3.374,-21.53,8.936,3.401,14.64,-3.27,19.23,-110.9,-7.469,7.873,-110.6,-5.486,7.842,-151.7,-0.6036,9.928,-83.83,-3.06,-1.579,-85.23,3.331,-2.077,-83.46,18.27,1.46,-83.3,-54.94,-1.719,-89.11,-47.37,5.24,-77.89,16.44,3.129,-78.64,5.112,4.329,-86.3,-1.712,2.406,-83.5,187.5,91.79,411.1,-13.67,253.4,822.8,394.5,-163.1,807.6,-140.1,225.1,414.5,204.6,-238.3,557.6,-151.4,-127,795.4,-111.8,-34.66,271.5,-192.4,106.5,-45.89,-329.6,135.7,541,-401.9,-34.66,88.38,127.9,-16.6,1552,33.67,306.2,-425.8,897.9,1395,-1053,-570.4,-1276,-278.4,-1490,-314.5,0.4744,0.008362,0.8731,0.2094,-0.6253,0.2179,0.6694,-0.4466,0.2696,0.4033,-0.4364,0.2072,-0.472,-0.5507,-0.5158,-0.7105,-0.2334,-0.5649,-0.52,-0.4707,-0.5765,0.7404,-0.08893,0.6649,0.6323,-0.04993,0.7725,0.5542,-0.5319,0.3692,0.237,-0.7328,0.6148,-0.0578,-0.6037,0.05487,-0.6287,-0.4356,-0.4074,-0.6078,-0.5114,-0.4402,-0.1047,-0.2382,-0.1786
12.8,6.651,0.4008,1.713,8.691,3.162,1.747,2.23,2.062,17.24,2.798,16.72,2.161,-4.463,-1.78,-58.99,-30.46,9.531,1.623,11.72,-0.4492,51.17,49.23,15.69,14.54,3.11,-3.301,-2.296,6.404,74.89,13.86,5.443,-6.441,-2.86,-2.127,3.973,-6.025,-81.31,-11.8,1.282,-22.34,5.138,2.614,-22.23,7.366,2.625,13.66,-4.953,18.41,-111.9,-6.767,7.526,-111.6,-4.722,7.499,-152.2,-0.308,9.207,-83.1,-3.162,-1.76,-85.04,3.419,-2.264,-83.26,19.05,1.512,-83.32,-55.8,-1.421,-89.76,-50.28,6.399,-78.92,17.73,2.987,-79.8,3.894,4.207,-86.29,-2.075,2.316,-85.95,151.9,71.29,249,-159.2,315.9,507.3,265.1,-21,593.3,-62.99,147,267.1,235.4,-191.9,400.4,-68.35,-75.68,588.9,-155.3,-21.98,-114.2,-431.2,68.86,-59.58,-542.5,39.06,595.7,-447.3,-83.99,-398.5,27.35,-7.831,981.5,318.9,347.7,-374.5,1907,369.1,-948.7,89.86,-834.5,42.94,-883.3,-244.6,0.474,0.009217,0.873,0.2142,-0.6289,0.2229,0.6649,-0.4455,0.2877,0.3941,-0.4319,0.2226,-0.4699,-0.5518,-0.5085,-0.7128,-0.2325,-0.5587,-0.5215,-0.4698,-0.5714,0.7392,-0.09461,0.6652,0.6328,-0.05231,0.772,0.555,-0.5299,0.3638,0.2307,-0.7331,0.6179,-0.06586,-0.6231,0.05597,-0.6293,-0.4327,-0.3988,-0.5983,-0.5223,-0.4419,-0.1036,-0.2412,-0.1791
12.81,6.742,0.3575,2.157,8.798,3.336,1.359,0.6954,2.117,16.88,3.301,16.2,2.96,-4.995,-1.463,-58.12,-31.75,10.5,1.708,12.08,-0.3302,51.15,49.87,16.31,15.24,3.061,-3.089,-2.375,5.157,76.38,15.78,4.095,-5.619,-3.37,-2.455,4.099,-4.776,-81.2,-11.88,1.533,-23.12,5.094,1.876,-23.1,5.789,1.878,12.7,-6.698,17.26,-113,-6.023,7.234,-112.7,-3.922,7.21,-152.7,-0.06251,8.368,-82.57,-3.12,-1.707,-84.96,3.538,-2.199,-83.09,19.79,1.583,-83.38,-56.55,-1.137,-90.23,-52.34,7.666,-80.13,18.62,2.517,-81.04,2.873,4.032,-86.2,-2.386,1.791,-46.88,133.3,116.2,89.85,-386.7,363.8,207,133.3,142.1,410.7,22.95,53.71,165.5,245.6,-162.6,277.8,15.14,-39.06,455.1,-139.2,-13.67,-244.2,-477,-18.55,2.926,-582,-37.6,374,-442.9,-56.15,-820.3,-17.06,76.66,42.09,328.1,-18.6,-875,1693,-625.5,-644,1269,-294,-2.5,-319.3,-247.6,0.4734,0.01044,0.873,0.2194,-0.6321,0.2284,0.6603,-0.4439,0.3058,0.3833,-0.4292,0.2397,-0.4678,-0.5535,-0.5002,-0.7152,-0.2318,-0.5518,-0.523,-0.468,-0.5663,0.739,-0.09772,0.6648,0.6336,-0.05237,0.7713,0.5562,-0.5276,0.3591,0.2252,-0.7331,0.6206,-0.07502,-0.6363,0.05561,-0.6373,-0.423,-0.399,-0.5887,-0.5325,-0.4428,-0.099,-0.2432,-0.181
12.82,6.687,0.2881,2.367,9.006,3.341,1.22,-0.6701,2.273,16.6,3.932,15.78,3.748,-5.439,-1.192,-57.4,-32.97,11.45,1.865,12.03,-0.07317,51.35,50.5,17,15.45,2.781,-2.806,-2.357,4.043,77.76,16.88,3.275,-4.978,-4.222,-2.918,4.2,-3.689,-81.15,-12,1.781,-23.82,4.984,1.241,-23.84,4.314,1.24,11.74,-8.428,15.86,-114.1,-5.323,6.965,-113.8,-3.067,6.945,-153.2,0.1868,7.381,-82.35,-3.019,-1.478,-84.91,3.59,-1.917,-82.99,20.53,1.622,-83.34,-57.2,-1.097,-90.56,-53.79,8.964,-81.17,18.92,2.173,-82.08,2.069,3.882,-86.1,-2.643,1.145,6.839,131.8,217.8,-58.11,-490.7,373.5,-10.76,60.54,256.8,187.5,51.77,-0.4857,112.3,252.4,-144.5,232.9,89.36,-20.02,419.4,-118.2,-17.1,-251.5,-455.1,-221.7,56.63,-536.6,-64.45,254.9,-361.3,-16.12,-1030,57.15,90.34,-782.7,-42.54,188,-1185,1428,-780.3,-324.7,1813,399.4,220.7,375,-158.7,0.4726,0.0119,0.8732,0.2245,-0.6346,0.2346,0.6561,-0.4425,0.3233,0.3719,-0.4279,0.2582,-0.4654,-0.5555,-0.4917,-0.7177,-0.2312,-0.544,-0.5251,-0.4654,-0.5608,0.7394,-0.09797,0.664,0.634,-0.05066,0.771,0.5581,-0.5249,0.3548,0.2211,-0.7337,0.6224,-0.08478,-0.6451,0.0542,-0.6433,-0.4171,-0.4009,-0.5806,-0.5406,-0.4433,-0.09351,-0.2446,-0.1832
12.83,6.672,0.2148,2.362,9.07,3.193,1.366,-1.734,2.609,16.24,4.556,15.3,4.453,-5.698,-0.9642,-56.51,-33.99,12.38,2.058,11.69,0.2787,51.53,50.99,17.78,15.28,2.354,-2.648,-2.318,3.602,78.98,17.44,2.919,-4.291,-4.819,-3.408,4.41,-3.217,-81.13,-12.1,1.973,-24.71,4.739,0.636,-24.73,3.005,0.6346,10.73,-10.05,14.27,-115,-4.726,6.689,-114.7,-2.136,6.671,-153.7,0.4832,6.248,-82.44,-3.06,-1.136,-84.95,3.552,-1.498,-82.95,21.27,1.652,-83.27,-57.66,-1.168,-91,-54.58,9.959,-81.56,18.72,2.293,-82.51,1.318,3.874,-86.01,-2.741,0.63,55.66,117.2,274.9,-127.5,-387.2,281.7,-167.5,-61.52,243.7,36.64,82.52,-15.62,40.03,261.7,-99.12,271,166,-9.282,490.2,-73.25,-51.76,-214.3,-334,-205.1,150.9,-313,-33.19,186.5,-273.5,60.56,-1023,192.4,97.18,-1832,-305.1,692.3,-677.7,646,-881.8,-21.04,1521,322.8,228.1,391.6,-93.23,0.4718,0.01312,0.8734,0.2279,-0.6369,0.2409,0.6529,-0.4406,0.3403,0.3608,-0.4277,0.2778,-0.4627,-0.5574,-0.484,-0.7205,-0.2304,-0.5351,-0.5279,-0.4618,-0.5548,0.7394,-0.09552,0.6643,0.6339,-0.04749,0.7712,0.5605,-0.5218,0.3507,0.2186,-0.7342,0.6234,-0.09101,-0.6498,0.05439,-0.6486,-0.4148,-0.4036,-0.576,-0.5458,-0.4451,-0.08924,-0.2448,-0.1849
12.84,6.751,0.1544,2.224,8.965,2.924,1.741,-2.383,3.081,15.67,5.187,14.69,5.12,-5.691,-0.8349,-55.85,-34.87,13.28,2.351,11.14,0.7632,52.1,51.32,18.63,15.02,1.867,-2.589,-2.256,3.587,79.94,17.71,2.825,-3.546,-5.033,-3.703,4.977,-3.15,-81.07,-12.23,2.052,-25.34,4.275,0.01908,-25.34,1.892,0.01908,9.714,-11.49,12.57,-115.8,-4.208,6.403,-115.4,-1.147,6.387,-154.1,0.7471,4.94,-82.72,-3.284,-0.7676,-85.05,3.428,-1.056,-82.98,22,1.643,-83.24,-57.89,-1.261,-92.01,-54.86,10.96,-81.56,18.32,2.67,-82.57,0.643,3.813,-85.95,-2.68,0.2679,83.5,103,263.2,-95.7,-160.2,106.5,-200.2,-11.23,301.3,-20.52,125.5,27.84,30.27,289.6,-40.04,297.4,221.7,-15.63,537.6,-4.406,-116.7,-170.4,-128.4,5.864,199.2,-57.63,102.5,209,-168.9,149.4,-898.9,325.7,123,-2136,-121,818.8,85.44,-81.56,-318.4,-31.28,990.3,379.4,-10.73,381.9,19.06,0.4708,0.01343,0.8737,0.2286,-0.64,0.2468,0.6515,-0.4373,0.3567,0.3507,-0.4287,0.2976,-0.4601,-0.5591,-0.477,-0.7237,-0.2295,-0.5254,-0.5312,-0.457,-0.5486,0.7384,-0.09162,0.6659,0.6332,-0.04377,0.7718,0.563,-0.5187,0.3467,0.2176,-0.7346,0.6237,-0.09382,-0.6516,0.05866,-0.6487,-0.4185,-0.4035,-0.5731,-0.5487,-0.4481,-0.08637,-0.2439,-0.186
12.85,6.778,0.1324,2.128,8.851,2.63,2.152,-2.661,3.696,14.88,5.766,13.92,5.716,-5.486,-0.7668,-55.34,-35.59,14.05,2.777,10.48,1.392,52.98,51.44,19.49,14.75,1.448,-2.494,-2.176,3.891,80.49,17.77,2.535,-2.94,-4.914,-3.868,5.777,-3.377,-80.96,-12.34,2.056,-25.75,3.613,-0.636,-25.72,0.9524,-0.6346,8.697,-12.67,10.82,-116.3,-3.775,6.119,-115.9,-0.099,6.105,-154.5,0.9511,3.445,-83,-3.505,-0.443,-85.19,3.249,-0.6961,-83.08,22.69,1.606,-83.29,-57.76,-1.294,-93.48,-54.93,11.98,-81.29,17.84,3.021,-82.36,0.09457,3.804,-85.92,-2.609,0.1006,77.14,60.06,209,-15.63,46.38,-83.98,-11.25,288.6,367.2,-50.79,164.6,90.34,88.39,393.1,-33.69,302.7,240.7,-19.53,500,72.75,-143.1,-79.11,13.18,235.8,204.1,174.8,188.5,159.7,-122.6,170.4,-855,436,108.9,-193.4,106.5,546.4,779.3,-239.8,154.3,63.01,446.8,96.22,19.56,121.1,125,0.47,0.013,0.8741,0.2268,-0.6438,0.2525,0.651,-0.4335,0.3721,0.3421,-0.4309,0.3169,-0.4575,-0.5605,-0.4707,-0.7271,-0.2282,-0.515,-0.5346,-0.4508,-0.5422,0.7374,-0.08802,0.6674,0.6322,-0.04041,0.7729,0.5649,-0.516,0.3428,0.2189,-0.7344,0.6234,-0.09406,-0.6524,0.06604,-0.6466,-0.4234,-0.4034,-0.5723,-0.5498,-0.4513,-0.08509,-0.2431,-0.1865
12.86,6.642,0.1572,2.093,8.885,2.374,2.539,-2.796,4.461,14.02,6.304,13.12,6.267,-5.141,-0.6888,-55,-36.11,14.45,3.261,9.743,2.096,54.1,51.34,20.3,14.52,1.171,-2.478,-2.092,4.21,80.55,17.76,2.406,-2.468,-4.575,-3.971,6.609,-3.586,-80.81,-12.44,2.019,-25.94,2.86,-1.221,-25.88,0.06505,-1.22,7.771,-13.51,9.044,-116.7,-3.421,5.791,-116.2,1.017,5.782,-154.9,1.143,1.785,-83.22,-3.564,-0.2011,-85.35,3.063,-0.4699,-83.25,23.32,1.562,-83.55,-57.19,-1.108,-95.03,-54.37,12.83,-81.06,17.39,3.311,-82.17,-0.3367,3.796,-85.91,-2.556,-0.002614,73.73,16.6,155.8,77.65,208.5,-171.9,150.4,522,320.3,-84.46,226.6,161.6,149.9,468.3,-29.29,329.6,238.3,-15.13,473.1,176.8,-138.7,126,76.66,191.9,141.6,403.3,245.1,113.8,-242.2,157.7,-719.8,461.4,216.8,-935.1,838,500,1253,-590.8,133.3,158.7,28.84,-0.9671,-76.17,-112.3,58.6,0.4692,0.01215,0.8743,0.2233,-0.6477,0.2575,0.6497,-0.4307,0.3858,0.3353,-0.4345,0.3346,-0.4549,-0.5614,-0.4653,-0.7309,-0.2263,-0.5042,-0.5384,-0.4435,-0.5354,0.7372,-0.08527,0.6679,0.631,-0.03791,0.7739,0.566,-0.5138,0.339,0.2226,-0.7333,0.6227,-0.09235,-0.6494,0.07508,-0.645,-0.4275,-0.4037,-0.5716,-0.5506,-0.4539,-0.0843,-0.2426,-0.1868
12.87,6.434,0.2037,2.066,8.974,2.218,2.902,-2.981,5.327,13.22,6.826,12.4,6.801,-4.706,-0.5944,-54.91,-36.42,14.31,3.737,8.888,2.854,55.43,51.08,21.11,14.33,1.028,-2.633,-1.894,4.482,80.29,17.68,2.733,-2.161,-4.416,-4.171,6.93,-3.674,-80.64,-12.51,1.968,-25.84,2.111,-1.648,-25.76,-0.8682,-1.647,7.01,-13.98,7.255,-116.8,-3.103,5.416,-116.3,2.199,5.412,-155.2,1.373,-0.02221,-83.42,-3.54,-0.07614,-85.51,2.881,-0.3833,-83.58,23.95,1.451,-84.42,-56.31,-0.198,-96.02,-53.04,13.52,-80.92,16.98,3.61,-82.08,-0.6638,3.851,-85.89,-2.566,-0.1431,94.25,21.48,105.5,146.5,226.6,-189,251,600.1,240.2,-107.4,282.7,260.7,169.9,477.5,4.881,358.9,215.3,-25.88,488.8,261.2,-153.3,385.8,66.4,59.58,133.8,548.3,259.3,184.1,-339.8,169.4,-685.1,498.1,240.2,-1294,710.5,274.4,1231,-428.2,-118.7,418.9,-16.14,-77.12,-88.38,-7.368,132.8,0.4687,0.01117,0.8745,0.2181,-0.651,0.2609,0.6467,-0.4289,0.3973,0.3303,-0.4401,0.3499,-0.4527,-0.5615,-0.4608,-0.7352,-0.224,-0.4931,-0.5431,-0.4349,-0.5282,0.7375,-0.08332,0.6678,0.6299,-0.03638,0.775,0.5664,-0.5118,0.335,0.2278,-0.7295,0.6236,-0.09259,-0.6409,0.08197,-0.6421,-0.4328,-0.4026,-0.5712,-0.5516,-0.4553,-0.08313,-0.2425,-0.1872
12.88,6.308,0.2772,1.951,9.015,2.208,3.28,-3.306,6.246,12.49,7.385,11.79,7.37,-4.241,-0.478,-55.24,-36.43,13.55,4.207,7.915,3.641,56.92,50.62,21.81,14.06,1.033,-2.555,-1.53,4.559,79.78,17.51,2.962,-2.005,-4.39,-4.283,6.813,-3.575,-80.54,-12.57,1.938,-25.38,1.395,-1.943,-25.26,-1.909,-1.944,6.526,-14.04,5.407,-116.7,-2.783,4.999,-116.2,3.438,5.002,-155.5,1.626,-1.949,-83.7,-3.565,-0.07035,-85.67,2.729,-0.4398,-84.17,24.51,1.249,-85.74,-55.26,1.106,-96.67,-51.66,14.11,-81.03,16.57,3.461,-82.15,-0.9003,3.849,-85.86,-2.656,-0.2568,100.6,55.67,88.87,182.1,121.1,-156.7,315.4,596.2,188.5,-39.57,339.8,304.7,185.1,441.9,35.64,357.4,186.5,-24.41,483.4,333,-178.2,531.3,83.51,22.94,166.5,491.2,259.3,228,-385.3,176.8,-662.1,674.8,229,-1257,610.9,243.2,257.8,148.4,-85.95,460.4,5.894,61.49,-68.82,51.32,88.4,0.4682,0.01056,0.8747,0.2111,-0.6541,0.2622,0.6414,-0.4286,0.4069,0.3267,-0.4483,0.3622,-0.4515,-0.5605,-0.4574,-0.7397,-0.2213,-0.4819,-0.5484,-0.4253,-0.5207,0.7376,-0.08148,0.6681,0.6289,-0.03583,0.7759,0.5663,-0.5102,0.3314,0.2344,-0.7239,0.6257,-0.094,-0.6318,0.0871,-0.638,-0.4365,-0.4037,-0.57,-0.5529,-0.4561,-0.08216,-0.2431,-0.1878
12.89,6.32,0.366,1.663,8.97,2.335,3.695,-3.769,7.173,11.81,7.986,11.21,7.978,-3.816,-0.3512,-55.92,-36.13,12.31,4.679,6.853,4.467,58.41,49.94,22.4,13.77,1.18,-2.609,-0.8789,4.559,79.1,17.34,3.189,-1.91,-4.591,-4.343,6.363,-3.444,-80.5,-12.63,1.945,-24.6,0.714,-2.22,-24.45,-3.052,-2.223,6.386,-13.72,3.46,-116.3,-2.439,4.566,-115.8,4.711,4.577,-155.7,1.881,-3.981,-84.08,-3.681,-0.1552,-85.78,2.623,-0.5962,-85.06,25.01,0.9323,-87.22,-54.07,2.344,-96.98,-50.21,14.47,-81.18,16.18,3.319,-82.27,-1.122,3.832,-85.84,-2.792,-0.3313,74.72,87.89,116.7,223.6,-67.38,-130.4,338.9,495.1,115.2,123.5,388.2,283.2,243.2,312.5,0,368.2,166,-36.62,450.2,382.8,-184.6,510.8,145.5,37.59,267.6,297.9,230,145,-473.7,179.7,-518.1,745.1,237.8,-1464,376.9,82.54,76.67,469.3,79.1,352.5,43.98,131.4,-16.62,124.5,96.18,0.4677,0.01044,0.8749,0.2024,-0.6576,0.2614,0.634,-0.4298,0.4146,0.3236,-0.4593,0.3712,-0.4515,-0.5583,-0.455,-0.7444,-0.2182,-0.4708,-0.554,-0.4146,-0.5129,0.7372,-0.07947,0.669,0.6282,-0.03632,0.7765,0.5655,-0.5089,0.3281,0.2431,-0.7176,0.6279,-0.0954,-0.6221,0.09064,-0.6344,-0.4398,-0.4048,-0.5686,-0.5544,-0.4567,-0.08143,-0.2442,-0.1881
12.9,6.347,0.4334,1.381,8.896,2.499,4.09,-4.318,8.118,11.13,8.584,10.62,8.581,-3.403,-0.2337,-56.79,-35.61,10.74,5.094,5.722,5.257,59.66,49.05,22.97,13.59,1.291,-2.837,-0.1868,4.585,78.22,17.27,3.199,-1.832,-4.657,-4.331,5.786,-3.302,-80.47,-12.68,1.943,-23.66,0.0626,-2.526,-23.47,-4.251,-2.533,6.609,-13.12,1.425,-115.8,-2.1,4.123,-115.2,5.997,4.143,-155.9,2.173,-6.032,-84.46,-3.816,-0.2842,-85.89,2.513,-0.7765,-86.02,25.47,0.5202,-88.63,-52.69,3.495,-97.12,-48.84,14.58,-81.32,15.89,3.343,-82.41,-1.343,3.82,-85.82,-2.946,-0.33,28.31,88.87,136.2,279.3,-233.4,-81.54,343.8,354.5,10.25,285.2,394.5,232.4,267.6,170.4,-57.13,416.5,138.7,-45.9,418,409.7,-135.8,425.3,188,100.6,315.9,96.18,135.3,108.9,-511.7,131.3,-493.7,660.7,342.3,-1260,307.6,141.6,124,789.6,-3.92,137.2,83.97,72.29,-18.53,117.6,64.95,0.4674,0.01032,0.875,0.1929,-0.6614,0.2594,0.6252,-0.4322,0.421,0.3203,-0.4728,0.377,-0.4525,-0.5552,-0.4538,-0.7492,-0.2147,-0.46,-0.5598,-0.4038,-0.5047,0.7366,-0.0777,0.6701,0.6274,-0.03693,0.7771,0.5651,-0.5077,0.3249,0.2528,-0.7108,0.6296,-0.09553,-0.6128,0.09351,-0.6316,-0.4435,-0.4045,-0.5671,-0.5559,-0.4572,-0.08131,-0.2454,-0.1883
12.91,6.32,0.46,1.177,8.845,2.611,4.391,-5,9.077,10.52,9.192,10.1,9.191,-3.011,-0.1531,-57.59,-34.89,8.954,5.363,4.516,5.947,60.43,47.99,23.52,13.54,1.318,-2.929,0.4213,4.564,77.07,17.28,3.022,-1.79,-4.58,-4.293,5.328,-3.156,-80.44,-12.75,1.905,-22.79,-0.5027,-2.83,-22.54,-5.496,-2.843,7.151,-12.33,-0.6827,-115,-1.77,3.686,-114.4,7.289,3.714,-156.1,2.579,-8.028,-84.75,-3.941,-0.403,-85.99,2.361,-0.9093,-86.87,25.88,0.1043,-89.65,-51.1,4.262,-97.19,-47.45,14.42,-81.48,15.69,3.275,-82.55,-1.558,3.838,-85.82,-3.129,-0.2719,-33.21,58.11,145.5,320.3,-392.6,-3.91,330.1,210.9,-82.52,410.2,382.8,152.3,212.4,46.39,-86.42,499.5,149.9,-44.92,426.8,439,-94.73,311.5,198.7,92.78,244.6,-57.63,127.4,134.8,-512.2,107.9,-505.8,582,524.9,-1070,317.4,131.9,37.59,756.8,31.26,-56.19,47.33,-58.1,-21.03,-79.11,50.82,0.4669,0.009949,0.8753,0.1845,-0.6648,0.2575,0.6154,-0.4353,0.4267,0.3164,-0.4883,0.3802,-0.4544,-0.5512,-0.4537,-0.754,-0.211,-0.4496,-0.5661,-0.3933,-0.4959,0.7361,-0.07648,0.671,0.6264,-0.03729,0.778,0.5653,-0.5067,0.322,0.2634,-0.7048,0.6295,-0.09388,-0.6034,0.09626,-0.6301,-0.445,-0.4052,-0.5657,-0.5575,-0.4575,-0.08161,-0.247,-0.1883
12.92,6.318,0.4451,1.006,8.709,2.674,4.668,-5.78,10.01,10.01,9.775,9.663,9.775,-2.669,-0.06061,-58.01,-34.11,7.096,5.477,3.274,6.498,60.47,46.85,24.04,13.54,1.262,-2.883,0.9009,4.455,75.66,17.29,2.732,-1.797,-4.419,-4.337,5.01,-2.965,-80.38,-12.78,1.871,-22.28,-0.9871,-3.073,-21.97,-6.759,-3.094,7.954,-11.45,-2.798,-114.2,-1.439,3.252,-113.6,8.558,3.288,-156.3,3.08,-9.903,-84.98,-4.124,-0.4643,-86.07,2.178,-0.9452,-87.5,26.22,-0.2343,-90.22,-49.32,4.58,-97.1,-45.99,13.97,-81.67,15.52,3.147,-82.74,-1.742,3.907,-85.83,-3.328,-0.247,-62.98,35.15,120.6,306.2,-511.7,69.82,301.7,91.8,-124,491.7,378.4,73.73,155.3,-57.13,-117.7,482.9,137.2,-45.41,398.4,438.5,-75.69,150.4,226.6,99.11,127.4,-94.73,134.3,124,-557.6,75.19,-510.8,533.7,593.3,-908.7,375.1,160.2,-72.26,610.4,111.8,-118.6,48.33,-117.2,-36.62,-118.2,6.352,0.4666,0.009522,0.8754,0.1785,-0.6673,0.2572,0.6054,-0.4384,0.432,0.3114,-0.5048,0.3812,-0.4568,-0.5468,-0.4541,-0.7586,-0.2069,-0.4397,-0.5724,-0.3839,-0.4868,0.7351,-0.07526,0.6723,0.6251,-0.03711,0.779,0.566,-0.5056,0.3197,0.2749,-0.6998,0.6271,-0.09052,-0.5934,0.09846,-0.6296,-0.4453,-0.4066,-0.5644,-0.5594,-0.4573,-0.08161,-0.2487,-0.1884
12.93,6.322,0.4294,0.8878,8.532,2.668,4.869,-6.617,10.93,9.613,10.3,9.329,10.3,-2.362,0.0498,-57.91,-33.3,5.297,5.481,2.047,6.89,59.66,45.67,24.51,13.45,1.161,-2.769,1.193,4.344,73.94,17.19,2.295,-1.844,-4.189,-4.436,4.779,-2.813,-80.34,-12.8,1.852,-22.29,-1.415,-3.219,-21.92,-8.022,-3.25,8.959,-10.56,-4.875,-113.3,-1.129,2.845,-112.8,9.787,2.886,-156.6,3.623,-11.6,-85.15,-4.321,-0.447,-86.11,1.987,-0.9045,-87.86,26.49,-0.4438,-90.32,-47.32,4.475,-96.76,-44.48,13.19,-81.83,15.25,3.022,-82.88,-1.905,3.977,-85.82,-3.545,-0.2732,-49.3,22.46,66.89,227.5,-564,97.17,248,-31.74,-169.4,525.4,365.2,1.953,86.91,-114.7,-182.6,400.9,150.4,-28.32,298.8,415.5,-58.59,-15.63,214.8,175.3,36.62,-81.06,118.2,139.2,-534.7,17.58,-604,453.6,535.1,-768.7,328.5,191.4,-110.8,284.7,10.25,-107.4,125.5,-97.19,-7.352,-102,-13.69,0.4665,0.009217,0.8755,0.1759,-0.6682,0.2597,0.5957,-0.4412,0.4374,0.305,-0.5216,0.3806,-0.4589,-0.5426,-0.4546,-0.7629,-0.2025,-0.4303,-0.5783,-0.3758,-0.4775,0.7341,-0.0741,0.6736,0.6239,-0.03656,0.7801,0.5672,-0.5044,0.3181,0.2869,-0.696,0.6222,-0.08558,-0.583,0.09925,-0.63,-0.4449,-0.4094,-0.5635,-0.561,-0.4571,-0.08118,-0.2505,-0.1886
12.94,6.293,0.433,0.8567,8.378,2.577,4.948,-7.404,11.86,9.286,10.77,9.058,10.77,-2.08,0.2107,-57.29,-32.48,3.718,5.395,0.9169,7.11,58.04,44.53,24.9,13.29,0.9908,-2.578,1.306,4.293,71.92,17,1.734,-1.918,-3.954,-4.546,4.578,-2.73,-80.35,-12.81,1.854,-22.89,-1.836,-3.288,-22.46,-9.227,-3.33,10.09,-9.759,-6.861,-112.5,-0.8656,2.451,-112,10.99,2.496,-157,4.194,-13.13,-85.23,-4.476,-0.3362,-86.15,1.805,-0.7935,-87.99,26.69,-0.554,-90,-45.13,3.945,-96.08,-42.92,12.06,-81.9,14.92,2.907,-82.93,-2.05,4.007,-85.79,-3.768,-0.347,-25.89,15.14,54.2,138.7,-517.6,100.6,145.5,-156.7,-194.3,480,354.5,-53.71,-12.69,-136.7,-194.8,292,184.1,-0.9788,192.4,435,-49.31,-100.6,161.6,227.1,-53.22,-23.93,102,94.22,-478,-19.04,-598.6,360.4,420.9,-728.6,215.8,188,-105.9,-6.347,-76.17,-76.66,209,-2.901,-9.705,-27.79,-40.98,0.4664,0.009278,0.8755,0.1768,-0.6678,0.2657,0.5873,-0.4432,0.4432,0.2974,-0.5377,0.3792,-0.4602,-0.539,-0.4548,-0.767,-0.1978,-0.4213,-0.5838,-0.369,-0.4683,0.7332,-0.07294,0.6746,0.6227,-0.03553,0.7811,0.5685,-0.5033,0.317,0.2999,-0.6936,0.6145,-0.0791,-0.5721,0.09797,-0.6306,-0.4444,-0.4129,-0.5629,-0.5619,-0.4574,-0.08039,-0.2523,-0.1891
12.95,6.219,0.4447,0.9302,8.275,2.487,4.875,-8.084,12.83,9.004,11.17,8.813,11.16,-1.876,0.4188,-56.27,-31.63,2.488,5.238,-0.08366,7.197,55.85,43.42,25.13,13.06,0.7399,-2.371,1.265,4.391,69.61,16.76,1.06,-1.982,-3.645,-4.687,4.351,-2.787,-80.43,-12.81,1.914,-23.95,-2.243,-3.314,-23.48,-10.31,-3.366,11.25,-9.105,-8.722,-111.7,-0.6448,2.108,-111.2,12.17,2.157,-157.4,4.816,-14.49,-85.23,-4.565,-0.1867,-86.2,1.644,-0.6556,-87.93,26.77,-0.6326,-89.41,-42.76,3.197,-95.12,-41.32,10.63,-81.82,14.52,2.838,-82.83,-2.205,4.036,-85.75,-3.981,-0.445,-29.77,30.28,63.47,65.44,-417.5,55.66,9.284,-235.8,-181.2,380.8,343.3,-99.12,-101.1,-106.4,-177.7,189.9,219.7,18.07,127,470.2,-43.45,-128.9,94.72,204.1,-139.2,18.07,91.32,41.5,-541,-158.7,-559.1,256.3,356.4,-575.6,12.24,185.1,-76.67,-274.4,-102.5,-54.26,196.8,55.2,22.5,72.78,-20.49,0.4664,0.01001,0.8755,0.1804,-0.6664,0.2743,0.5808,-0.4437,0.4496,0.2888,-0.5525,0.3775,-0.4605,-0.5365,-0.4543,-0.7708,-0.1932,-0.4125,-0.5891,-0.3635,-0.4591,0.7327,-0.07215,0.6752,0.6216,-0.03424,0.782,0.5703,-0.5028,0.3166,0.3131,-0.6919,0.6047,-0.07129,-0.5608,0.09461,-0.6305,-0.4446,-0.4162,-0.5629,-0.5621,-0.4583,-0.07941,-0.2539,-0.1896
12.96,6.197,0.4754,1.046,8.175,2.369,4.701,-8.611,13.86,8.745,11.47,8.58,11.45,-1.717,0.6289,-55.11,-30.65,1.619,5.06,-0.9951,7.188,53.47,42.27,25.15,12.77,0.453,-2.182,1.047,4.563,66.99,16.51,0.3022,-2.032,-3.202,-4.753,4.216,-2.933,-80.58,-12.81,2.007,-25.22,-2.645,-3.318,-24.71,-11.24,-3.379,12.36,-8.612,-10.46,-110.9,-0.4905,1.851,-110.4,13.37,1.903,-157.8,5.466,-15.73,-85.18,-4.648,0.01456,-86.25,1.54,-0.4871,-87.66,26.68,-0.6181,-88.6,-40.27,2.321,-94.06,-39.66,9.02,-81.66,14.13,2.836,-82.65,-2.349,4.024,-85.73,-4.164,-0.5019,-55.19,77.64,78.61,3.423,-252,29.79,-103,-240.7,-141.6,241.7,321.8,-106.9,-163.1,-81.06,-166,127,266.6,30.76,82.52,516.6,-56.64,-137.2,40.05,137.7,-184.6,41.98,92.28,22.47,-638.2,-105.5,-484.4,117.2,265.1,-205.1,-252.5,142,-21,-289,-151.9,-49.82,27.38,23.93,-10.73,-23.92,26.39,0.4664,0.01123,0.8756,0.1852,-0.6645,0.2841,0.5766,-0.4425,0.4567,0.2796,-0.5656,0.3762,-0.4601,-0.5353,-0.4532,-0.7744,-0.1889,-0.4035,-0.5943,-0.3588,-0.45,0.7322,-0.07135,0.6757,0.6209,-0.03278,0.7825,0.5727,-0.5025,0.3175,0.3263,-0.6908,0.5931,-0.06214,-0.5491,0.09028,-0.6298,-0.4456,-0.4187,-0.5632,-0.5618,-0.4596,-0.0788,-0.2554,-0.1901
12.97,6.264,0.501,1.138,8.048,2.279,4.509,-8.944,14.96,8.51,11.66,8.367,11.63,-1.582,0.8471,-53.96,-29.56,1.055,4.866,-1.892,7.171,51.2,41.07,24.99,12.48,0.3174,-2.024,0.5842,4.728,64.18,16.3,-0.4254,-2.102,-2.579,-4.842,4.281,-3.084,-80.76,-12.81,2.128,-26.49,-3.04,-3.293,-25.97,-11.97,-3.361,13.34,-8.253,-12.06,-110,-0.4158,1.67,-109.5,14.54,1.726,-158.2,6.121,-16.93,-85.15,-4.761,0.2153,-86.29,1.497,-0.3139,-87.09,26.49,-0.3245,-87.69,-37.67,1.45,-93.13,-37.86,7.376,-81.49,13.78,2.868,-82.47,-2.483,4.03,-85.71,-4.357,-0.5627,-89.86,122.1,99.61,-42.47,-67.38,6.84,-186.5,-192.9,-99.12,128.4,289.5,-110.3,-167,-44.44,-172.8,69.33,299.8,40.04,42.01,577.6,-64.46,-152.3,12.2,93.27,-159.7,60.06,80.09,-78.14,-552.8,77.16,-437.5,-110.9,207,162,-404.3,32.28,63,-202.6,-215.8,2.389,-33.19,-3.385,-5.441,12.67,22.01,0.4664,0.01276,0.8757,0.1901,-0.6623,0.2938,0.5747,-0.4397,0.464,0.2706,-0.5769,0.3758,-0.4588,-0.5352,-0.4518,-0.7776,-0.185,-0.3946,-0.5995,-0.3542,-0.4411,0.7315,-0.0705,0.6765,0.6207,-0.03137,0.7828,0.5746,-0.502,0.3198,0.3389,-0.6899,0.5802,-0.05176,-0.5364,0.08637,-0.6285,-0.4474,-0.4202,-0.5636,-0.5614,-0.4607,-0.07813,-0.2569,-0.1904
12.98,6.346,0.5061,1.187,7.923,2.216,4.318,-9.064,16.06,8.234,11.78,8.108,11.74,-1.45,1.041,-53.01,-28.45,0.7044,4.651,-2.742,7.217,49.36,39.88,24.81,12.25,0.2855,-1.885,0.2135,4.764,61.32,16.14,-0.9772,-2.189,-1.915,-4.918,4.401,-3.128,-80.94,-12.82,2.256,-27.58,-3.457,-3.301,-27.05,-12.5,-3.375,14.07,-7.973,-13.49,-109,-0.3911,1.557,-108.6,15.66,1.617,-158.5,6.767,-18.14,-85.12,-4.879,0.3956,-86.29,1.464,-0.1397,-86.59,26.28,0.02437,-86.99,-35.04,0.7549,-92.44,-35.84,5.868,-81.42,13.52,2.895,-82.4,-2.584,4.043,-85.68,-4.54,-0.611,-119.2,147,130.4,-101.1,100.6,29.79,-234.4,-90.34,-57.13,22.95,265.1,-84.48,-138.2,-0.9764,-194.8,44.43,318.9,39.55,7.811,628.9,-55.18,-156.8,0,47.36,-123,99.61,31.25,-191.4,-439.4,186.5,-415.5,-336.9,71.75,127.3,-472.7,-69.78,158.2,-105.9,-162.1,73.25,-56.67,-84.46,-33.23,0,39.1,0.4663,0.01434,0.8758,0.1937,-0.6607,0.3026,0.5747,-0.4358,0.4713,0.2628,-0.5864,0.3764,-0.4569,-0.536,-0.4499,-0.7804,-0.1818,-0.386,-0.6048,-0.3493,-0.4323,0.7308,-0.06971,0.6772,0.6205,-0.03015,0.7829,0.5753,-0.5015,0.3224,0.3519,-0.6879,0.5675,-0.04108,-0.522,0.08368,-0.6268,-0.4495,-0.4208,-0.5637,-0.5615,-0.4613,-0.07758,-0.2584,-0.1908
12.99,6.354,0.4564,1.169,7.84,2.21,4.176,-8.988,17.12,7.897,11.86,7.792,11.8,-1.304,1.244,-52.29,-27.44,0.4874,4.381,-3.544,7.334,48.06,38.83,24.59,12.11,0.2083,-1.703,0.129,4.642,58.39,16.01,-1.432,-2.332,-1.337,-4.944,4.618,-3.036,-81.11,-12.82,2.378,-28.41,-3.899,-3.349,-27.88,-12.87,-3.428,14.52,-7.752,-14.74,-108.2,-0.4051,1.454,-107.7,16.71,1.518,-158.9,7.412,-19.35,-85.12,-4.954,0.515,-86.26,1.401,0.03048,-86.39,25.99,0.1794,-86.59,-32.4,0.241,-92.15,-33.69,4.669,-81.48,13.33,2.842,-82.44,-2.654,4.023,-85.65,-4.759,-0.6515,-148.9,152.3,158.7,-141.1,211.4,46.39,-256.8,35.65,-37.6,-51.26,266.1,-59.08,-75.67,32.72,-227.5,57.13,331.1,17.09,-12.71,670.9,-42,-121.1,6.845,44.44,-102.5,143.5,28.81,-167,-327.6,314.5,-421.4,-566.9,-131.8,123.6,-445.8,-32.74,139.2,-51.25,-93.74,83.49,-33.19,-5.399,-32.2,48.86,63.43,0.4663,0.01581,0.8758,0.1958,-0.6597,0.3099,0.5758,-0.4313,0.478,0.2567,-0.594,0.3781,-0.4542,-0.5376,-0.4474,-0.7827,-0.1792,-0.3778,-0.6101,-0.3441,-0.4237,0.7304,-0.06903,0.6777,0.6201,-0.02912,0.7832,0.5754,-0.5019,0.3247,0.3655,-0.6844,0.5556,-0.03101,-0.5065,0.08332,-0.6242,-0.452,-0.4207,-0.5631,-0.5619,-0.4616,-0.07709,-0.2601,-0.1913
13,6.304,0.3739,1.104,7.811,2.251,4.119,-8.75,18.09,7.486,11.93,7.399,11.85,-1.15,1.436,-51.83,-26.6,0.3498,4.035,-4.223,7.519,47.4,37.97,24.29,12.01,0.1051,-1.551,0.3602,4.487,55.39,15.89,-1.83,-2.5,-0.8339,-4.936,4.858,-2.893,-81.21,-12.83,2.472,-28.94,-4.364,-3.484,-28.39,-13.1,-3.567,14.62,-7.563,-15.75,-107.4,-0.4279,1.341,-107,17.66,1.408,-159.2,8.061,-20.54,-85.16,-4.989,0.5635,-86.22,1.319,0.1641,-86.55,25.61,0.1144,-86.59,-29.78,-0.01168,-92.29,-31.48,3.806,-81.58,13.15,2.775,-82.52,-2.706,4.014,-85.59,-4.991,-0.6522,-186.5,129.4,137.7,-138.2,259.3,47.86,-256.3,141.6,-3.908,-77.13,274.4,-39.07,-19.53,89.35,-243.2,111.3,332,-5.367,28.81,713.9,-34.18,-70.79,60.05,45.89,-107.4,155.3,38.58,-107,-295.9,258.8,-381.4,-744.1,-263.2,398.6,-359.3,9.837,59.59,19.51,-42.5,61.99,43.98,41.02,-4.411,-19,-0.4473,0.4663,0.01685,0.8759,0.1959,-0.6598,0.3155,0.5774,-0.4271,0.4836,0.2531,-0.5995,0.3809,-0.4508,-0.5396,-0.4445,-0.7846,-0.1774,-0.37,-0.6154,-0.3389,-0.4153,0.7302,-0.06855,0.6779,0.6195,-0.02838,0.7837,0.5741,-0.5037,0.3267,0.3798,-0.6788,0.5453,-0.02191,-0.4903,0.08558,-0.6207,-0.4552,-0.42,-0.5625,-0.5625,-0.4616,-0.07697,-0.262,-0.1918
13.01,6.297,0.3029,0.9792,7.767,2.314,4.158,-8.393,18.92,7.003,12.05,6.939,11.95,-0.9534,1.626,-51.6,-26.05,0.2342,3.62,-4.744,7.761,47.35,37.41,23.88,11.88,0.08781,-1.437,0.9769,4.347,52.35,15.75,-2.075,-2.701,-0.4133,-4.926,4.897,-2.799,-81.24,-12.83,2.526,-29.16,-4.858,-3.678,-28.6,-13.23,-3.764,14.42,-7.408,-16.51,-106.9,-0.4148,1.177,-106.5,18.5,1.241,-159.5,8.705,-21.69,-85.23,-5.034,0.561,-86.16,1.267,0.2359,-87.13,25.15,-0.11,-87.13,-27.21,0.09237,-92.74,-29.15,3.247,-81.65,12.98,2.688,-82.57,-2.739,3.977,-85.56,-5.23,-0.6751,-181.6,120.1,91.79,-129.4,214.8,33.69,-230.9,220.2,8.299,-53.72,297.4,-16.6,-0.9737,141.1,-230.5,177.2,335,-13.19,100.1,728,-45.42,-39.55,135.3,95.7,-103.5,148,51.75,-106.5,-331.1,83.99,-282.2,-884.8,-167.5,810.5,-189.4,8.761,25.41,113.3,-46.37,2.389,127.4,105,-20,189.5,31.76,0.4663,0.01733,0.8759,0.1942,-0.6608,0.3195,0.5788,-0.4237,0.488,0.2519,-0.6031,0.3845,-0.4471,-0.5415,-0.4414,-0.7859,-0.1763,-0.3627,-0.6208,-0.3337,-0.4072,0.73,-0.06812,0.6783,0.6192,-0.0282,0.7839,0.5715,-0.5063,0.3288,0.3949,-0.6703,0.5376,-0.01416,-0.4729,0.08991,-0.6167,-0.4586,-0.419,-0.562,-0.5627,-0.4618,-0.0766,-0.264,-0.1923
13.02,6.336,0.2626,0.86,7.739,2.404,4.199,-8.013,19.57,6.545,12.24,6.5,12.11,-0.77,1.839,-51.6,-25.72,0.09527,3.204,-5.066,8.032,47.79,37.06,23.34,11.69,0.1502,-1.315,2.026,4.267,49.31,15.61,-2.071,-2.891,-0.1143,-4.827,4.456,-2.772,-81.25,-12.84,2.587,-29.11,-5.327,-3.887,-28.55,-13.32,-3.978,13.97,-7.29,-16.98,-106.6,-0.3581,0.9794,-106.3,19.21,1.037,-159.7,9.282,-22.75,-85.27,-5.079,0.5393,-86.09,1.261,0.2572,-88.2,24.6,-0.4947,-88.2,-24.7,0.4948,-93.21,-26.65,2.86,-81.66,12.8,2.554,-82.54,-2.78,3.944,-85.52,-5.466,-0.5986,-172.8,116.7,69.83,-145,133.8,22.46,-196.3,266.6,-11.71,-49.79,321.3,-25.39,5.87,196.8,-198.7,220.2,355,-36.14,114.7,710.9,-55.67,-34.68,183.6,113.8,-95.71,134.3,4.885,-166.5,-422.9,-143.1,-114.2,-877.4,-99.11,1095,-257.4,-136.6,-35.66,149.9,-4.392,-31.28,30.74,116.2,31.32,56.62,-17.09,0.4661,0.01776,0.8759,0.1912,-0.6623,0.3218,0.5795,-0.4218,0.4909,0.2529,-0.6048,0.3884,-0.4433,-0.5432,-0.438,-0.7867,-0.1757,-0.3562,-0.6256,-0.3288,-0.3998,0.7297,-0.06794,0.6786,0.6191,-0.02844,0.7839,0.5683,-0.5093,0.3314,0.4111,-0.6586,0.5329,-0.007874,-0.4537,0.09431,-0.6128,-0.4616,-0.4186,-0.5619,-0.5627,-0.4622,-0.07709,-0.266,-0.1926
13.03,6.352,0.2247,0.7536,7.789,2.516,4.216,-7.672,20.02,6.133,12.53,6.102,12.37,-0.6158,2.049,-51.79,-25.6,-0.04499,2.879,-5.158,8.313,48.57,36.92,22.63,11.42,0.1636,-1.178,3.455,4.211,46.19,15.46,-1.849,-3.017,0.1385,-4.745,3.452,-2.829,-81.24,-12.88,2.653,-28.87,-5.751,-4.113,-28.31,-13.4,-4.207,13.38,-7.228,-17.19,-106.5,-0.2154,0.7541,-106.2,19.8,0.8014,-160,9.721,-23.7,-85.28,-5.065,0.4942,-85.99,1.29,0.2518,-89.67,23.9,-1.093,-89.65,-22.27,1.047,-93.46,-24.01,2.465,-81.63,12.57,2.38,-82.48,-2.858,3.913,-85.52,-5.665,-0.532,-162.6,115.2,100.6,-148.9,58.59,20.02,-198.7,247.6,-45.41,-68.38,363.3,-4.887,-13.66,253.9,-176.8,213.9,383.8,-44.92,88.39,707.5,-69.83,-57.63,180.7,45.42,-38.57,119.6,-44.43,-282.7,-565.4,-239.7,-64,-807.2,-87.91,985.2,-282.8,-196.3,-86.93,185.5,55.68,-73.71,-60.03,50.29,-24.85,9.825,4.384,0.4659,0.01819,0.8759,0.1873,-0.6642,0.3228,0.5792,-0.4215,0.4927,0.2555,-0.6047,0.3924,-0.44,-0.5442,-0.4345,-0.7869,-0.1757,-0.3502,-0.6294,-0.3242,-0.3935,0.7298,-0.06812,0.6785,0.6193,-0.02899,0.7837,0.5657,-0.5128,0.3346,0.4281,-0.6447,0.5302,-0.002442,-0.4333,0.09693,-0.6089,-0.4641,-0.419,-0.5618,-0.5625,-0.4629,-0.07746,-0.2677,-0.1926
13.04,6.267,0.1917,0.6668,7.896,2.627,4.206,-7.379,20.32,5.747,12.85,5.726,12.66,-0.5034,2.233,-52.08,-25.56,-0.176,2.637,-5.041,8.56,49.52,36.8,21.85,11.18,0.05677,-1.055,5.03,4.14,43.01,15.3,-1.544,-3.122,0.4242,-4.666,2.161,-2.891,-81.23,-12.91,2.727,-28.52,-6.125,-4.357,-27.95,-13.48,-4.455,12.74,-7.203,-17.19,-106.4,-0.02571,0.5442,-106.2,20.29,0.5804,-160.2,10.04,-24.52,-85.25,-4.995,0.4503,-85.88,1.275,0.2431,-91.25,23.06,-1.824,-91.15,-19.9,1.567,-93.52,-21.37,2.005,-81.59,12.33,2.213,-82.41,-2.952,3.883,-85.52,-5.862,-0.4653,-175.8,121.1,112.8,-156.3,-9.759,34.67,-197.3,216.8,-66.41,-79.1,412.6,-4.391,-37.11,310.6,-141.6,190.4,410.7,-30.28,52.25,709.5,-60.07,-70.79,172.4,-30.28,-32.22,125,-42.49,-281.2,-581,-107.4,-85,-673.8,-46.88,723.3,-376.4,-215.3,-128.9,231.5,156.3,-55.62,-69.82,-24.9,15.15,-27.41,0.9842,0.4656,0.01862,0.876,0.1831,-0.6664,0.3228,0.5782,-0.4223,0.4935,0.259,-0.6033,0.3958,-0.4375,-0.5446,-0.4314,-0.7869,-0.1757,-0.3451,-0.6322,-0.3204,-0.3882,0.7302,-0.06855,0.678,0.6192,-0.02966,0.7838,0.5642,-0.5169,0.3382,0.4448,-0.6302,0.5281,0.002747,-0.4125,0.09778,-0.6055,-0.4664,-0.4197,-0.5617,-0.5625,-0.4637,-0.07782,-0.2694,-0.1926
13.05,6.153,0.1928,0.579,7.999,2.73,4.179,-7.118,20.5,5.369,13.2,5.351,13,-0.4425,2.391,-52.44,-25.57,-0.2479,2.49,-4.766,8.745,50.51,36.67,20.95,10.91,-0.1026,-1.005,6.553,4.007,39.7,15.1,-1.332,-3.218,0.8402,-4.586,0.857,-2.906,-81.21,-12.93,2.811,-28.11,-6.449,-4.621,-27.52,-13.54,-4.724,12.13,-7.222,-17.02,-106.4,0.2285,0.344,-106.3,20.73,0.3677,-160.4,10.23,-25.21,-85.2,-4.91,0.4224,-85.74,1.245,0.2164,-92.73,22.06,-2.536,-92.56,-17.56,2.031,-93.52,-18.86,1.499,-81.61,12.04,2.085,-82.39,-3.041,3.849,-85.52,-6.048,-0.4065,-195.8,148.4,113.8,-155.3,-58.11,38.09,-212.4,158.7,-82.52,-69.84,444.3,5.373,-57.62,341.8,-155.3,164.5,434.1,-17.57,30.27,715.3,-72.26,-79.11,148.9,45.42,-66.9,156.7,5.867,-107.9,-478.5,87.41,-51.31,-462.4,55.65,855.6,-330.1,-286.2,-66.92,236.8,154.3,-18.54,11.7,-41.99,10.29,-2.973,-24.87,0.4655,0.0191,0.876,0.1789,-0.6687,0.3222,0.5767,-0.424,0.4935,0.2628,-0.6011,0.3986,-0.4362,-0.5441,-0.4289,-0.7868,-0.1758,-0.3405,-0.634,-0.3172,-0.3838,0.7307,-0.06903,0.6775,0.6189,-0.03058,0.7839,0.5625,-0.5218,0.3421,0.4607,-0.6155,0.5256,0.008057,-0.3927,0.09791,-0.6034,-0.4679,-0.4212,-0.5613,-0.5626,-0.4643,-0.07813,-0.271,-0.1926
13.06,6.103,0.228,0.4703,8.07,2.786,4.165,-6.886,20.57,5.027,13.55,5.01,13.33,-0.4123,2.506,-52.76,-25.69,-0.2373,2.432,-4.389,8.89,51.38,36.58,19.89,10.56,-0.3099,-0.965,7.929,3.82,36.29,14.88,-1.255,-3.294,1.393,-4.527,-0.3563,-2.902,-81.16,-12.93,2.877,-27.71,-6.704,-4.875,-27.11,-13.57,-4.981,11.66,-7.276,-16.75,-106.5,0.5109,0.1575,-106.4,21.08,0.1686,-160.7,10.32,-25.78,-85.13,-4.84,0.425,-85.57,1.264,0.1863,-93.99,20.93,-3.165,-93.76,-15.25,2.421,-93.45,-16.51,0.9373,-81.63,11.72,1.951,-82.38,-3.134,3.823,-85.52,-6.219,-0.366,-218.7,167.5,92.29,-160.7,-85.45,39.55,-224.1,116.2,-99.61,-69.34,465.8,16.12,-69.33,324.7,-179.2,146,444.3,-8.787,-9.754,690.9,-58.1,-131.8,154.3,79.09,-98.64,169.4,6.826,67.86,-292,166.5,9.769,-268.1,223.6,875.6,-236.9,-334,-11.24,198.2,77.16,-10.69,64.92,-38.12,38.09,18.62,-19.06,0.4655,0.01935,0.8758,0.1752,-0.6709,0.3212,0.5752,-0.4261,0.4929,0.2661,-0.5986,0.4004,-0.436,-0.5428,-0.4272,-0.7866,-0.176,-0.3366,-0.6349,-0.3148,-0.3803,0.7311,-0.06946,0.677,0.619,-0.03174,0.7837,0.5604,-0.5276,0.3462,0.4754,-0.6014,0.5224,0.01355,-0.374,0.09717,-0.6026,-0.4683,-0.4238,-0.5609,-0.5629,-0.4649,-0.07831,-0.2725,-0.1926
13.07,6.112,0.2772,0.3649,8.101,2.83,4.134,-6.683,20.55,4.717,13.88,4.7,13.65,-0.4024,2.588,-52.97,-25.89,-0.1116,2.441,-3.947,8.95,52,36.49,18.6,10.15,-0.5048,-0.9508,9.018,3.609,32.76,14.64,-1.342,-3.345,1.929,-4.443,-1.372,-2.904,-81.09,-12.89,2.922,-27.41,-6.895,-5.088,-26.8,-13.55,-5.196,11.37,-7.389,-16.39,-106.6,0.8141,-0.0277,-106.6,21.36,-0.02987,-160.9,10.3,-26.21,-85.02,-4.774,0.4193,-85.36,1.339,0.1335,-94.89,19.62,-3.611,-94.61,-13,2.618,-93.26,-14.4,0.3525,-81.65,11.4,1.818,-82.37,-3.217,3.771,-85.5,-6.355,-0.3248,-238.3,175.8,72.27,-152.8,-88.38,53.23,-244.6,73.24,-116.7,-98.62,470.7,-11.23,-75.2,264.2,-221.2,135.3,433.6,3.42,-18.05,672.9,-71.78,-133.3,179.7,115.7,-163.1,142.1,14.15,134.3,-153.8,72.27,180.7,-247.1,321.3,1157,-131.9,-486.3,14.66,92.77,-11.71,-60.06,114.7,-13.7,36.17,9.308,-49.3,0.4658,0.01935,0.8756,0.1724,-0.6727,0.3205,0.574,-0.4283,0.4919,0.2685,-0.5957,0.4012,-0.4367,-0.5409,-0.4262,-0.7864,-0.1763,-0.3333,-0.6349,-0.3132,-0.3776,0.7314,-0.0702,0.6765,0.6194,-0.03327,0.7833,0.5589,-0.5334,0.3517,0.4884,-0.5891,0.5176,0.0188,-0.3571,0.09522,-0.6024,-0.4682,-0.4269,-0.5605,-0.5629,-0.4656,-0.07855,-0.2736,-0.1928
13.08,6.196,0.3104,0.2909,8.142,2.875,4.056,-6.493,20.45,4.46,14.21,4.44,13.98,-0.4192,2.659,-53.01,-26.19,0.1045,2.489,-3.478,8.957,52.29,36.43,17.13,9.699,-0.6393,-0.9284,9.915,3.444,29.32,14.45,-1.521,-3.345,2.303,-4.389,-2.38,-2.987,-80.99,-12.86,2.956,-27.26,-7.039,-5.261,-26.65,-13.5,-5.37,11.27,-7.517,-15.99,-106.8,1.124,-0.2229,-106.9,21.57,-0.2396,-161.2,10.2,-26.51,-84.84,-4.697,0.3969,-85.11,1.499,0.07902,-95.53,18.24,-3.868,-95.21,-10.94,2.625,-92.85,-12.56,-0.192,-81.58,11.12,1.688,-82.26,-3.31,3.716,-85.48,-6.444,-0.3117,-249,181.6,68.84,-160.7,-96.68,59.58,-240.7,43.46,-121.6,-137.7,436.5,-26.85,-81.04,195.3,-236.3,140.6,431.2,2.925,-53.22,637.7,-86.42,-150.9,210.9,95.21,-194.3,128.4,-52.74,65.45,-138.2,-43.45,363.8,-105.5,288.5,1210,-161.6,-620.1,-9.756,-9.25,-67.86,-124,115.7,42.47,42.06,-12.67,-73.28,0.4661,0.01917,0.8753,0.1707,-0.6739,0.3204,0.5733,-0.4301,0.4908,0.2699,-0.5932,0.4007,-0.438,-0.5383,-0.4258,-0.7861,-0.1766,-0.3307,-0.6341,-0.3126,-0.3756,0.7317,-0.07148,0.6759,0.6204,-0.03504,0.7823,0.5589,-0.5381,0.359,0.5001,-0.5788,0.5117,0.02295,-0.3423,0.09125,-0.6021,-0.4679,-0.4298,-0.5604,-0.5626,-0.4666,-0.07862,-0.2744,-0.1929
13.09,6.277,0.3253,0.2937,8.202,2.923,3.88,-6.316,20.27,4.259,14.54,4.233,14.3,-0.4679,2.738,-52.88,-26.62,0.3881,2.576,-3.039,8.902,52.29,36.44,15.61,9.266,-0.6295,-0.8991,10.3,3.308,26.07,14.32,-1.924,-3.266,2.574,-4.371,-3.121,-3.15,-80.86,-12.8,2.978,-27.26,-7.123,-5.386,-26.65,-13.41,-5.494,11.32,-7.643,-15.6,-107.1,1.429,-0.4441,-107.3,21.7,-0.4779,-161.5,10.02,-26.68,-84.54,-4.589,0.3497,-84.81,1.688,0.01611,-95.58,16.9,-3.788,-95.27,-9.062,2.438,-92.18,-11.1,-0.7311,-81.44,10.88,1.554,-82.09,-3.414,3.677,-85.47,-6.459,-0.3137,-277.8,172.9,98.15,-192.4,-85.45,82.03,-242.2,20.51,-114.7,-161.6,387.7,-36.13,-88.39,137.7,-253.4,144,428.2,6.345,-40.03,656.7,-75.69,-181.7,200.2,57.13,-184.1,108.9,-47.37,-25.87,-67.38,35.17,406.2,-151.4,113.3,810.5,-139.1,-761.2,-102,-64.48,-33.2,-149.9,57.13,13.22,23.97,-54.16,-66.39,0.4666,0.0188,0.8749,0.1703,-0.6747,0.3208,0.5733,-0.4315,0.4898,0.2705,-0.591,0.3994,-0.4397,-0.5354,-0.4259,-0.7857,-0.1771,-0.3286,-0.6326,-0.3128,-0.3742,0.7322,-0.07367,0.6751,0.6216,-0.03711,0.7812,0.5592,-0.5415,0.3678,0.509,-0.5719,0.5036,0.02625,-0.3306,0.08503,-0.6015,-0.4677,-0.4323,-0.5607,-0.5621,-0.4678,-0.07862,-0.2745,-0.1931
13.1,6.306,0.2877,0.37,8.26,2.979,3.658,-6.145,20.04,4.076,14.81,4.041,14.57,-0.5375,2.802,-52.58,-27.13,0.6876,2.65,-2.627,8.817,52.04,36.47,14.18,8.885,-0.5618,-0.9189,10.08,3.193,23.07,14.23,-2.89,-3.145,2.69,-4.413,-3.457,-3.34,-80.7,-12.71,2.988,-27.41,-7.167,-5.464,-26.81,-13.28,-5.571,11.46,-7.732,-15.21,-107.4,1.722,-0.6657,-107.7,21.76,-0.7165,-161.8,9.82,-26.77,-84.15,-4.444,0.277,-84.51,1.863,-0.02216,-94.99,15.69,-3.455,-94.72,-7.309,2.117,-91.31,-10.31,-1.182,-81.26,10.68,1.501,-81.9,-3.529,3.658,-85.46,-6.444,-0.3542,-294.9,160.2,90.83,-224.6,-53.72,89.84,-268.1,22.95,-105,-209.5,345.7,-61.52,-107.4,83.49,-264.2,163.6,427.2,26.37,-13.68,658.2,-62.01,-222.2,165,76.66,-209.5,115.2,-51.27,61.52,81.53,136.2,521,-195.3,183.6,571.9,-156.2,-957,-142.1,-79.61,-0.9917,-126.5,30.74,20.47,53.23,-8.79,-75.69,0.4673,0.01819,0.8744,0.171,-0.675,0.3219,0.5741,-0.432,0.4891,0.2708,-0.5892,0.3974,-0.4415,-0.5323,-0.4263,-0.7853,-0.1776,-0.3271,-0.6306,-0.3136,-0.3731,0.7328,-0.07654,0.674,0.6227,-0.03906,0.7801,0.5581,-0.5448,0.3759,0.5147,-0.5686,0.4931,0.02802,-0.3245,0.07721,-0.601,-0.4679,-0.4339,-0.5611,-0.5615,-0.469,-0.07831,-0.2743,-0.1932
13.11,6.307,0.2683,0.4553,8.338,3.041,3.446,-5.963,19.77,3.932,15.06,3.88,14.81,-0.64,2.876,-52.1,-27.76,1.029,2.694,-2.259,8.705,51.62,36.57,12.83,8.516,-0.429,-1.047,9.338,3.021,20.33,14.15,-4.596,-2.989,2.703,-4.472,-3.414,-3.482,-80.49,-12.6,2.987,-27.69,-7.165,-5.509,-27.1,-13.1,-5.612,11.65,-7.802,-14.82,-107.9,1.989,-0.9086,-108.2,21.75,-0.9776,-162.1,9.606,-26.77,-83.74,-4.263,0.1873,-84.19,2.043,-0.09664,-93.86,14.59,-2.988,-93.65,-5.691,1.778,-90.32,-10.37,-1.527,-81.13,10.49,1.51,-81.77,-3.635,3.645,-85.45,-6.385,-0.4137,-292,151.9,87.89,-240.7,-6.351,95.7,-307.6,59.08,-85.45,-238.8,311.5,-68.36,-132.3,48.82,-257.8,174.3,414.5,29.78,0.9717,630.4,-53.22,-258.8,143.6,42.97,-201.7,78.61,-51.75,101.5,237.3,83,571.8,-354,42.47,1255,-184.1,-433.6,-126.4,-87.37,-37.12,-66.43,50.78,-42.47,74.26,57.14,-86.87,0.4682,0.01733,0.8737,0.1727,-0.6748,0.3234,0.5757,-0.4318,0.4886,0.271,-0.5875,0.3951,-0.4431,-0.5293,-0.4268,-0.7846,-0.1783,-0.3261,-0.6285,-0.3151,-0.3723,0.7335,-0.07971,0.6726,0.6238,-0.04138,0.779,0.5547,-0.549,0.3825,0.5174,-0.5682,0.4809,0.02814,-0.3254,0.06861,-0.6006,-0.4685,-0.435,-0.5614,-0.5612,-0.47,-0.07788,-0.2738,-0.1933
13.12,6.271,0.2425,0.5668,8.418,3.095,3.251,-5.785,19.44,3.798,15.25,3.72,14.99,-0.768,2.927,-51.52,-28.46,1.363,2.733,-1.941,8.59,51.12,36.71,11.54,8.1,-0.1723,-1.208,8.398,2.751,17.86,14.02,-7.803,-2.777,3.347,-4.486,-3.551,-3.53,-80.25,-12.46,2.964,-28.05,-7.111,-5.536,-27.48,-12.87,-5.635,11.81,-7.826,-14.44,-108.3,2.234,-1.151,-108.8,21.67,-1.237,-162.5,9.369,-26.7,-83.3,-4.041,0.08527,-83.87,2.229,-0.1786,-92.55,13.57,-2.402,-92.42,-4.254,1.576,-89.01,-12.13,-2.501,-81.11,10.27,1.526,-81.73,-3.728,3.613,-85.46,-6.264,-0.4633,-259.3,164.1,74.7,-258.8,44.44,88.38,-332.5,106.9,-65.91,-270,263.7,-80.08,-135.7,50.29,-255.9,152.8,408.2,26.86,-17.57,597.6,-56.16,-233.4,158.7,52.24,-155.8,80.08,17.1,41.5,342.3,-164.1,625.5,-1005,-127.5,10950,-2777,330,-113.8,-48.82,-71.31,-52.78,37.63,-19.02,29.85,-5.817,-30.78,0.4693,0.01618,0.8728,0.1752,-0.6744,0.3251,0.578,-0.4311,0.4882,0.2714,-0.5861,0.3927,-0.4445,-0.5265,-0.4271,-0.7838,-0.1791,-0.3256,-0.626,-0.317,-0.3719,0.7345,-0.08307,0.671,0.6249,-0.0437,0.7779,0.5492,-0.5536,0.3883,0.5179,-0.5688,0.4692,0.03168,-0.3407,0.05713,-0.6001,-0.4695,-0.4361,-0.5611,-0.5613,-0.4707,-0.07758,-0.2727,-0.1933
13.13,6.27,0.2191,0.774,8.491,3.13,2.998,-5.593,19.07,3.727,15.44,3.62,15.17,-0.8901,2.974,-50.89,-29.23,1.641,2.745,-1.673,8.474,50.64,36.91,10.36,7.655,0.2631,-1.398,7.537,2.423,15.95,13.82,-5.976,-2.546,2.493,-4.495,-2.051,-3.526,-79.99,-12.34,2.927,-28.44,-7.041,-5.543,-27.89,-12.61,-5.638,11.92,-7.79,-14.07,-108.9,2.442,-1.397,-109.4,21.51,-1.501,-162.8,9.126,-26.56,-82.79,-3.856,-0.01219,-83.58,2.411,-0.263,-91.36,12.66,-1.71,-91.31,-3.276,1.392,-89.38,-9.295,-1.42,-81.16,10.01,1.56,-81.77,-3.794,3.569,-85.47,-6.101,-0.5287,-176.3,163.1,82.52,-258.3,91.31,100.6,-329.6,164.1,-59.09,-301.3,191.9,-82.52,-133.8,72.27,-251,137.2,411.1,32.22,-25.86,594.7,-35.64,-179.7,134.8,107.4,-60.05,104.5,116.7,44.94,542,-191.9,738.3,-1935,-991.2,-359.5,-1054,-2750,-85.93,31.26,-149.4,-67.91,112.8,-15.63,73.23,72.26,-8.321,0.4702,0.01483,0.8721,0.1779,-0.6738,0.3268,0.5807,-0.4302,0.4879,0.2725,-0.5848,0.3904,-0.4455,-0.524,-0.4273,-0.7828,-0.18,-0.3257,-0.6234,-0.3193,-0.3717,0.7352,-0.08692,0.6695,0.626,-0.04596,0.7768,0.5429,-0.5572,0.394,0.5169,-0.5706,0.4598,0.02521,-0.3167,0.06073,-0.599,-0.4712,-0.4367,-0.5605,-0.5616,-0.471,-0.07715,-0.2713,-0.1932
13.14,6.324,0.1863,1.083,8.56,3.186,2.702,-5.418,18.7,3.732,15.62,3.58,15.35,-1.056,3.021,-50.27,-30.03,1.838,2.721,-1.441,8.361,50.27,37.13,9.327,7.16,0.6991,-1.602,6.914,2.078,15.34,13.55,-4.042,-2.285,2.86,-4.444,-0.3499,-3.464,-79.71,-12.26,2.899,-28.82,-6.927,-5.554,-28.28,-12.32,-5.643,11.91,-7.679,-13.7,-109.4,2.61,-1.622,-110,21.3,-1.739,-163.1,8.91,-26.37,-82.22,-3.709,-0.1211,-83.33,2.608,-0.356,-90.46,11.89,-1.124,-90.37,-3.445,0.4879,-90.05,-7.491,-2.415,-81.27,9.717,1.598,-81.87,-3.819,3.503,-85.49,-5.876,-0.5659,-59.07,162.1,111.3,-224.6,155.8,104,-313,214.4,-48.34,-299.8,166,-90.34,-106.4,97.16,-231.4,135.3,391.1,14.16,-3.401,595.2,-22.95,-131.3,34.18,120.6,41.51,-5.858,121.1,174.3,647.9,-289.5,1300,-1722,-1558,-1178,1312,985.9,-69.84,105,-207.5,-62.45,205.1,-117.2,64.41,77.18,28.81,0.4709,0.01349,0.8715,0.1809,-0.6733,0.3283,0.5834,-0.4295,0.4873,0.2745,-0.5836,0.3884,-0.4459,-0.5221,-0.4273,-0.7816,-0.1811,-0.3261,-0.6208,-0.322,-0.3716,0.7356,-0.09119,0.6683,0.6272,-0.04804,0.7756,0.5362,-0.5608,0.3984,0.5154,-0.5788,0.4526,0.03662,-0.3021,0.06434,-0.5973,-0.4738,-0.437,-0.5596,-0.562,-0.4712,-0.07703,-0.2694,-0.193
13.15,6.322,0.1381,1.447,8.626,3.23,2.468,-5.277,18.32,3.759,15.71,3.552,15.44,-1.234,3.027,-49.66,-30.88,1.9,2.688,-1.27,8.259,50.06,37.36,8.444,6.644,0.8672,-1.818,5.611,1.77,15.1,13.2,-2.591,-2.04,3.721,-4.277,1.008,-3.417,-79.39,-12.14,2.846,-29.14,-6.756,-5.558,-28.62,-12.01,-5.644,11.76,-7.459,-13.34,-109.9,2.735,-1.816,-110.6,21.04,-1.943,-163.4,8.701,-26.14,-81.68,-3.531,-0.2386,-83.16,2.781,-0.4466,-88.95,11.21,-0.7013,-88.95,-3.887,0.7167,-89.99,-6.466,-2.887,-81.42,9.377,1.659,-81.99,-3.805,3.357,-85.54,-5.63,-0.5666,68.83,170.4,68.84,-155.3,218.3,110.3,-256.8,272,-52.74,-242.7,165.5,-80.57,-54.7,103.5,-187.5,187.5,364.3,-14.65,49.33,595.2,-13.67,55.68,16.61,108.4,86.91,-59.58,170.4,173.3,548.8,-519.1,-145.5,-38.58,392.1,-739.3,1105,1271,-35.66,124,-217.8,-18.54,264.1,-71.8,142,74.72,31.22,0.4718,0.01178,0.8707,0.1838,-0.6728,0.329,0.586,-0.4292,0.4863,0.2777,-0.5826,0.3869,-0.4461,-0.5207,-0.427,-0.7802,-0.1824,-0.3268,-0.6182,-0.3249,-0.3717,0.7362,-0.0954,0.6668,0.6283,-0.04969,0.7746,0.5305,-0.5652,0.4007,0.5054,-0.586,0.4501,0.04108,-0.2939,0.06274,-0.5953,-0.477,-0.4372,-0.5584,-0.5621,-0.4715,-0.07715,-0.2674,-0.1925
13.16,6.314,0.07617,1.933,8.662,3.201,2.169,-5.186,17.9,3.84,15.74,3.582,15.49,-1.386,2.939,-49.2,-31.68,1.831,2.656,-1.184,8.196,50.08,37.57,7.63,6.127,0.6351,-1.992,5.514,1.539,14.27,12.78,-1.891,-1.757,3.348,-4.035,1.449,-3.435,-79.07,-12.03,2.745,-29.32,-6.52,-5.557,-28.81,-11.68,-5.638,11.51,-7.15,-13.04,-110.4,2.837,-1.947,-111.1,20.72,-2.079,-163.7,8.498,-25.85,-81.07,-3.385,-0.3328,-83.04,2.913,-0.5073,-88.72,10.5,-0.9055,-88.69,-3.761,0.6933,-90.17,-5.632,-2.51,-81.54,8.997,1.723,-82.08,-3.766,3.142,-85.62,-5.322,-0.5601,133.8,129.9,58.6,-67.38,261.2,91.31,-176.7,299.3,-65.43,-148.9,186.5,-50.3,25.87,106,-127,220.7,313.5,-46.39,96.2,594.7,-29.29,264.2,-89.84,126.5,96.67,-150.9,132.3,423.8,145,-187,-755.8,1809,-768.1,-1250,1309,1007,-17.58,144,-162.1,-23.43,397,-84.46,236.7,101.1,-76.14,0.4727,0.009766,0.87,0.1864,-0.6724,0.3286,0.5882,-0.4294,0.4848,0.2816,-0.5819,0.3856,-0.4462,-0.5198,-0.4266,-0.7787,-0.1839,-0.3281,-0.6157,-0.3279,-0.3722,0.7365,-0.09986,0.6656,0.6291,-0.05078,0.7738,0.5254,-0.5714,0.4007,0.5047,-0.5867,0.4485,0.03876,-0.2867,0.06458,-0.5924,-0.4809,-0.437,-0.5572,-0.5616,-0.4721,-0.07734,-0.2649,-0.1916
13.17,6.316,-0.01262,2.501,8.611,3.113,1.84,-5.141,17.41,3.934,15.68,3.626,15.46,-1.532,2.76,-48.89,-32.44,1.637,2.648,-1.214,8.157,50.3,37.73,6.768,5.632,0.2486,-2.048,6.887,1.331,12.66,12.31,-2.563,-1.352,2.136,-3.806,0.3867,-3.458,-78.74,-11.88,2.616,-29.35,-6.218,-5.55,-28.85,-11.33,-5.627,11.18,-6.748,-12.81,-110.9,2.938,-2.01,-111.5,20.33,-2.14,-163.9,8.27,-25.51,-80.42,-3.284,-0.3956,-82.97,3.013,-0.515,-90.02,9.676,-1.455,-89.9,-2.981,0.3297,-90.3,-5.543,-1.768,-81.68,8.606,1.73,-82.18,-3.692,2.923,-85.71,-4.857,-0.579,85.95,62.99,50.29,48.35,285.2,54.68,-56.16,290.5,-87.4,-26.38,214.4,6.344,102,89.35,-71.78,272.5,288.1,-59.57,163.6,604.5,-37.6,325.2,-284.7,89.84,78.61,-290,150.9,359.4,-196.8,74.72,-301.3,1175,-1180,1189,239.3,415.9,-113.8,191.4,-80.09,-156.7,311.6,169.4,-127.5,53.65,-241.7,0.4738,0.007507,0.8691,0.1884,-0.6723,0.327,0.5901,-0.4303,0.4826,0.2861,-0.5819,0.3848,-0.4469,-0.5191,-0.4263,-0.7769,-0.1857,-0.3299,-0.6129,-0.3311,-0.3731,0.7365,-0.1044,0.6645,0.6297,-0.05127,0.7732,0.5201,-0.5786,0.4004,0.5154,-0.5797,0.4479,0.03278,-0.2855,0.06684,-0.5884,-0.4856,-0.4365,-0.5561,-0.5611,-0.4727,-0.07746,-0.2611,-0.1907
13.18,6.248,-0.1582,3.007,8.519,2.993,1.61,-5.127,16.85,3.991,15.51,3.641,15.32,-1.641,2.483,-48.76,-33.15,1.318,2.666,-1.359,8.148,50.7,37.87,5.999,5.226,-0.08166,-1.979,8.564,1.379,10.88,11.92,-3.147,-0.9453,0.8816,-3.659,-0.9278,-3.661,-78.42,-11.67,2.459,-29.21,-5.886,-5.534,-28.71,-10.99,-5.608,10.83,-6.263,-12.67,-111.3,3.046,-1.994,-111.9,19.88,-2.118,-164.1,8.035,-25.1,-79.88,-3.165,-0.4471,-82.94,3.064,-0.4509,-91.66,8.881,-1.892,-91.48,-1.989,0.08334,-90.55,-5.136,-0.8817,-81.59,8.252,1.724,-82.06,-3.66,2.822,-85.77,-4.416,-0.545,25.38,-9.769,39.06,125.5,263.7,20.02,61.52,260.7,-135.3,71.27,258.3,43.46,153.3,67.87,-13.68,335.4,272.5,-50.29,244.1,610.8,-40.54,251.9,-433.6,-15.14,83.01,-371.1,116.2,242.2,-161.1,191.9,1032,-367.7,498.5,-12.36,-34.74,-388.1,-252.5,241.7,45.9,-208,-70.27,79.62,-272,-168.4,201.2,0.4754,0.005066,0.868,0.1896,-0.6723,0.3243,0.5916,-0.4315,0.4801,0.2908,-0.5825,0.3841,-0.4481,-0.5184,-0.426,-0.7749,-0.1878,-0.3323,-0.6101,-0.3345,-0.3745,0.7367,-0.1082,0.6634,0.6301,-0.05103,0.7729,0.5152,-0.5845,0.4009,0.5282,-0.5695,0.4483,0.02606,-0.2816,0.07038,-0.5837,-0.4904,-0.4356,-0.5564,-0.56,-0.4735,-0.07807,-0.2575,-0.1899
13.19,6.067,-0.3509,3.288,8.538,2.833,1.555,-5.158,16.21,4.119,15.35,3.743,15.22,-1.726,2.123,-48.86,-33.76,0.9214,2.739,-1.606,8.155,51.25,38.01,5.403,4.881,-0.189,-1.928,8.756,1.625,9.937,11.54,-3.297,-0.7775,-0.391,-3.543,-0.8862,-4.082,-78.15,-11.51,2.275,-28.89,-5.505,-5.521,-28.39,-10.64,-5.592,10.51,-5.719,-12.63,-111.6,3.166,-1.917,-112.2,19.37,-2.029,-164.2,7.756,-24.62,-79.58,-2.987,-0.477,-82.91,3.067,-0.3038,-91.78,8.296,-1.788,-91.59,-1.637,-0.395,-90.68,-4.926,-0.08184,-81.29,7.898,1.848,-81.75,-3.633,2.733,-85.88,-4.205,-0.5006,30.76,-87.4,107.9,173.8,230,-42,129.4,227.5,-159.7,169.4,300.8,76.66,170.4,70.8,47.36,376,275.9,-55.67,325.2,595.7,-64.95,171.9,-434.6,-43.95,83.5,-312.5,115.7,180.2,55.18,240.2,1646,-16.12,614.3,-264.6,-1725,58.1,-119.6,225.1,208,-54.26,-260.2,-94.69,-378.4,-200.2,240.2,0.4766,0.002686,0.8672,0.1901,-0.6727,0.3203,0.5929,-0.4327,0.4774,0.2954,-0.5838,0.3833,-0.4501,-0.5178,-0.426,-0.7729,-0.1901,-0.3353,-0.6071,-0.3378,-0.3768,0.7374,-0.1104,0.6621,0.6302,-0.05017,0.7729,0.511,-0.5877,0.403,0.5321,-0.5693,0.4448,0.01965,-0.2794,0.07276,-0.5798,-0.4953,-0.4343,-0.5576,-0.5581,-0.4749,-0.07844,-0.2558,-0.1889
13.2,5.872,-0.4931,3.378,8.612,2.591,1.615,-5.201,15.52,4.277,15.21,3.877,15.12,-1.81,1.734,-49.24,-34.23,0.5359,2.895,-1.911,8.159,51.88,38.14,4.875,4.46,-0.1904,-1.972,8.356,1.797,9.454,11.02,-3.288,-1.009,-0.2347,-3.395,-0.3703,-4.442,-77.97,-11.39,2.091,-28.38,-5.105,-5.535,-27.87,-10.28,-5.604,10.3,-5.175,-12.66,-111.9,3.277,-1.79,-112.5,18.79,-1.888,-164.2,7.402,-24.05,-79.47,-2.793,-0.4213,-82.87,3.078,-0.1113,-91.31,7.823,-1.462,-91.16,-1.627,-0.3865,-90.77,-4.913,-0.1844,-81.07,7.475,2.096,-81.52,-3.531,2.627,-86.02,-4.321,-0.4202,119.2,-114.7,198.2,228,176.8,-78.61,168,221.7,-177.2,256.3,315.4,69.83,196.8,105.5,118.6,391.1,272.5,-70.32,354,567.9,-76.17,131.3,-264.7,8.295,164.6,-108.9,118.2,104.5,242.2,406.8,488.3,724.6,757.8,-332.1,-407.2,294.5,290.5,93.24,187,333.5,-206.6,56.65,8.235,-86.87,230.5,0.4774,6.71E-04,0.8667,0.1897,-0.6735,0.315,0.5941,-0.4338,0.4745,0.299,-0.5858,0.3821,-0.4527,-0.5171,-0.4264,-0.7707,-0.1928,-0.3389,-0.6037,-0.3411,-0.3803,0.7384,-0.1108,0.6607,0.6303,-0.04901,0.7728,0.508,-0.589,0.4063,0.5299,-0.5713,0.4431,0.02075,-0.2794,0.0733,-0.5777,-0.4996,-0.4336,-0.5586,-0.5563,-0.4758,-0.07868,-0.257,-0.1876
13.21,5.689,-0.5403,3.461,8.589,2.294,1.637,-5.211,14.8,4.371,14.97,3.942,14.92,-1.895,1.341,-49.86,-34.58,0.2152,3.14,-2.237,8.16,52.55,38.26,4.412,3.985,-0.2584,-2.026,8.369,1.851,8.841,10.38,-3.573,-1.307,-0.04887,-3.322,-0.4115,-4.677,-77.86,-11.23,1.925,-27.7,-4.708,-5.57,-27.19,-9.894,-5.635,10.23,-4.66,-12.72,-112.2,3.363,-1.611,-112.6,18.16,-1.692,-164.2,6.962,-23.4,-79.38,-2.649,-0.2944,-82.85,3.049,0.06043,-91.28,7.353,-1.287,-91.14,-1.487,-0.4879,-90.7,-5.055,-0.4768,-80.98,6.964,2.314,-81.42,-3.406,2.583,-86.17,-4.485,-0.3588,220.7,-84.96,179.2,302.7,104,-130.4,204.6,228,-187,349.6,316.4,58.11,243.7,109.9,142.6,392.6,264.6,-41.02,361.3,563.5,-83.5,126,-114.3,32.71,198.2,90.82,130.9,34.67,93.73,543.5,-203.2,712.9,517.1,-20.38,-12.24,102.5,739.7,98.17,32.21,742.2,-99.11,-28.29,-65,87.9,49.3,0.4786,-9.77E-04,0.8661,0.1881,-0.6748,0.3088,0.5952,-0.4351,0.4712,0.3017,-0.5881,0.3803,-0.4557,-0.5163,-0.4272,-0.7686,-0.1954,-0.3432,-0.5999,-0.3443,-0.3848,0.7392,-0.1108,0.6597,0.6302,-0.04791,0.7729,0.5052,-0.5907,0.409,0.5308,-0.5712,0.4419,0.02301,-0.2807,0.07227,-0.5763,-0.5033,-0.4342,-0.5594,-0.5552,-0.4759,-0.07868,-0.2585,-0.1864
13.22,5.484,-0.4956,3.556,8.434,1.962,1.636,-5.238,14.07,4.39,14.61,3.935,14.58,-1.955,0.9435,-50.59,-34.91,-0.04014,3.454,-2.555,8.131,53.21,38.42,4.135,3.618,-0.2934,-2.021,8.14,1.766,8.231,9.796,-4.013,-1.622,-0.006034,-3.137,-0.2084,-4.799,-77.74,-10.96,1.74,-26.9,-4.287,-5.583,-26.39,-9.5,-5.645,10.31,-4.208,-12.75,-112.4,3.414,-1.422,-112.8,17.48,-1.488,-164,6.445,-22.67,-79.27,-2.535,-0.1525,-82.82,2.965,0.1583,-91.01,7.009,-1.143,-90.87,-1.222,-0.7708,-90.61,-5.232,-0.7867,-81.03,6.512,2.383,-81.45,-3.276,2.488,-86.33,-4.67,-0.2425,198.2,-61.03,94.73,314,-2.444,-159.2,252.9,231.9,-166,402.4,336.4,27.34,279.8,107.9,112.8,394.5,245.1,-50.79,378.9,568.4,-88.39,206.1,34.67,56.64,146.5,193.8,138.2,44.94,-99.13,436.5,-139.2,470.2,19.52,-56.13,104.5,182.1,721.2,214.8,-2.456,558.6,28.84,83.97,56.61,130.4,48.31,0.4806,-0.002808,0.8651,0.186,-0.6761,0.3018,0.5959,-0.4368,0.4673,0.3034,-0.5904,0.3779,-0.459,-0.5155,-0.4286,-0.7666,-0.1982,-0.348,-0.5957,-0.3474,-0.3904,0.7398,-0.1108,0.6588,0.6296,-0.04737,0.7733,0.5025,-0.5925,0.4104,0.5316,-0.5724,0.4383,0.02533,-0.2824,0.07099,-0.5747,-0.5063,-0.4353,-0.5593,-0.5544,-0.4758,-0.07911,-0.2603,-0.185
13.23,5.266,-0.4583,3.605,8.227,1.673,1.608,-5.353,13.34,4.42,14.18,3.939,14.17,-2.009,0.5848,-51.37,-35.26,-0.2214,3.826,-2.821,8.06,53.75,38.72,3.909,3.349,-0.3563,-1.906,7.477,1.563,7.715,9.288,-4.456,-1.929,0.05732,-2.838,0.4331,-4.845,-77.65,-10.64,1.532,-26.09,-3.806,-5.544,-25.57,-9.134,-5.602,10.54,-3.857,-12.72,-112.7,3.417,-1.27,-113,16.75,-1.324,-163.8,5.835,-21.87,-79.16,-2.417,-0.07536,-82.75,2.867,0.202,-90.27,6.699,-1.038,-90.13,-1.015,-1.009,-90.49,-5.476,-1.029,-81.17,6.157,2.278,-81.55,-3.123,2.342,-86.48,-4.834,-0.07189,45.42,-49.81,29.78,274.9,-90.33,-126,271.5,174.8,-150.4,371.1,322.3,22.46,244.6,100.1,113.8,352.5,169.4,-56.64,368.2,502.9,-94.24,232.4,124.5,65.91,82.02,184.1,122.1,181.6,-255.4,158.2,-100.6,-159.2,-251,2.339,-130.4,-23.98,184.5,270,31.73,85.42,15.14,108.9,201.6,62.44,-67.37,0.483,-0.0047,0.8639,0.1842,-0.677,0.2943,0.596,-0.4393,0.4627,0.3041,-0.5923,0.375,-0.4621,-0.5143,-0.4307,-0.7648,-0.2011,-0.3535,-0.591,-0.3504,-0.3972,0.7404,-0.1111,0.658,0.6289,-0.04737,0.7738,0.5015,-0.5937,0.4121,0.5296,-0.5759,0.4333,0.02698,-0.2846,0.06965,-0.5726,-0.5081,-0.4369,-0.5588,-0.5538,-0.4756,-0.08002,-0.2619,-0.1835
13.24,5.096,-0.4829,3.595,7.959,1.454,1.584,-5.557,12.59,4.478,13.71,3.971,13.7,-2.078,0.2671,-52.11,-35.67,-0.3621,4.3,-2.998,7.954,54.14,39.16,3.618,3.097,-0.3079,-1.799,6.83,1.34,7.229,8.814,-4.812,-2.087,0.27,-2.562,1.091,-4.851,-77.57,-10.29,1.316,-25.33,-3.279,-5.463,-24.79,-8.811,-5.519,10.89,-3.572,-12.61,-113,3.373,-1.149,-113.3,15.96,-1.193,-163.4,5.089,-20.99,-79.07,-2.336,-0.07571,-82.66,2.78,0.2323,-89.51,6.343,-0.8381,-89.39,-0.8851,-1.173,-90.38,-5.718,-1.339,-81.3,5.828,2.169,-81.63,-2.979,2.2,-86.58,-4.859,0.0647,-113.3,-44.92,8.309,158.7,-155.3,-81.05,189.5,56.63,-127.4,252.9,296.9,23.93,156.7,111.8,127,270.5,118.2,25.39,271,418.9,-80.57,146,123,38.09,17.58,126.5,102,69.83,-293.4,-125.5,36.15,-585.5,-372,47.77,176.3,-11.68,-130.9,221.7,45.43,-278.8,-24.94,38.12,62.94,6.851,-110.9,0.4856,-0.006653,0.8625,0.1829,-0.6777,0.2869,0.5957,-0.442,0.4578,0.3041,-0.594,0.3712,-0.4652,-0.513,-0.4333,-0.7631,-0.2044,-0.3594,-0.5855,-0.3531,-0.4053,0.7408,-0.1117,0.6574,0.6283,-0.04767,0.7742,0.502,-0.5931,0.4158,0.527,-0.5794,0.4289,0.02924,-0.2868,0.0683,-0.5705,-0.5099,-0.4383,-0.5583,-0.5532,-0.4754,-0.08094,-0.2623,-0.1825
13.25,4.958,-0.5428,3.581,7.632,1.238,1.588,-5.797,11.87,4.549,13.18,4.016,13.18,-2.144,-0.02658,-52.74,-36.08,-0.4636,4.859,-3.071,7.774,54.39,39.58,3.257,2.845,-0.06712,-1.686,6.379,1.122,6.679,8.39,-5.157,-2.124,0.4293,-2.284,1.555,-4.795,-77.45,-9.917,1.078,-24.64,-2.726,-5.343,-24.09,-8.499,-5.397,11.33,-3.33,-12.39,-113.3,3.274,-1.041,-113.6,15.14,-1.077,-163.1,4.207,-20.02,-78.98,-2.288,-0.09755,-82.55,2.693,0.2765,-88.95,5.936,-0.4541,-88.85,-0.7404,-1.276,-90.29,-5.928,-1.551,-81.41,5.498,2.072,-81.71,-2.886,2.053,-86.6,-4.82,0.1863,-147,-36.14,-21.97,26.84,-177.7,-71.29,54.2,-68.37,-79.1,116.2,284.7,14.16,37.11,117.2,134.8,175.3,151.4,113.8,156.3,370.1,-54.19,0.9748,85.94,67.38,-57.12,52.74,34.68,-176.3,-245.6,-244.6,-40.54,-644.5,-268.5,98.55,156.7,-100.5,-277.4,220.7,35.13,-399.5,-50.78,-11.69,81.02,5.817,-75.15,0.4883,-0.008912,0.8611,0.1823,-0.6779,0.2797,0.5954,-0.4444,0.4527,0.3039,-0.5951,0.3668,-0.4679,-0.5117,-0.4364,-0.7611,-0.2081,-0.3655,-0.5791,-0.356,-0.4143,0.741,-0.1124,0.657,0.6277,-0.04791,0.7746,0.5024,-0.5914,0.4214,0.5252,-0.5817,0.4256,0.0307,-0.2886,0.06726,-0.5686,-0.5116,-0.4398,-0.5576,-0.5527,-0.4756,-0.08197,-0.2622,-0.1821
13.26,4.793,-0.5994,3.564,7.295,0.988,1.587,-5.994,11.21,4.606,12.58,4.044,12.58,-2.212,-0.2988,-53.25,-36.43,-0.4781,5.437,-3.06,7.495,54.5,39.91,2.873,2.604,0.1616,-1.551,6.335,0.9016,6.037,8.018,-5.483,-2.06,0.4688,-2.02,1.65,-4.678,-77.34,-9.517,0.8233,-24.07,-2.168,-5.215,-23.53,-8.138,-5.264,11.78,-3.115,-12.06,-113.6,3.119,-0.9297,-113.8,14.33,-0.958,-162.8,3.278,-18.99,-78.88,-2.226,-0.1033,-82.44,2.593,0.3344,-88.78,5.487,-0.1109,-88.7,-0.5463,-1.384,-90.23,-6.066,-1.686,-81.52,5.167,1.968,-81.78,-2.846,1.89,-86.54,-4.733,0.2692,-130.4,-67.39,-73.74,-76.16,-154.8,-64.45,-78.62,-141.6,-30.76,9.758,258.8,-1.953,-59.57,111.8,125,93.26,192.9,135.3,47.35,278.3,-62.01,-117.7,68.86,109.4,-111.8,1.953,30.75,-363.8,-182.6,-288.6,-142.6,-561.5,-216.8,-13.03,52.79,-79.16,-290,144,42.5,-335,-26.84,-95.74,62.05,64.89,-73.72,0.4912,-0.01129,0.8595,0.1823,-0.678,0.2732,0.5959,-0.4462,0.4477,0.3039,-0.5956,0.3619,-0.4705,-0.5104,-0.4399,-0.759,-0.2125,-0.3714,-0.5721,-0.3595,-0.4236,0.7413,-0.1131,0.6565,0.627,-0.0481,0.7751,0.5024,-0.5897,0.427,0.5257,-0.5821,0.4236,0.03162,-0.2899,0.06653,-0.5674,-0.5126,-0.4419,-0.5567,-0.5524,-0.476,-0.08289,-0.2615,-0.1824
13.27,4.579,-0.6441,3.549,6.989,0.686,1.514,-6.101,10.62,4.613,11.94,4.038,11.92,-2.238,-0.5685,-53.67,-36.65,-0.4128,6.03,-2.933,7.118,54.48,40.1,2.463,2.376,0.1793,-1.375,6.732,0.6428,5.299,7.702,-5.821,-1.934,0.4559,-1.76,1.371,-4.535,-77.27,-9.105,0.5396,-23.64,-1.643,-5.085,-23.1,-7.72,-5.13,12.24,-2.912,-11.58,-113.8,2.911,-0.8062,-114,13.53,-0.828,-162.7,2.306,-17.89,-78.77,-2.119,-0.09027,-82.3,2.489,0.3994,-89.04,4.986,-0.006148,-88.97,-0.3122,-1.485,-90.2,-6.166,-1.802,-81.64,4.844,1.83,-81.88,-2.854,1.73,-86.48,-4.635,0.3483,-114.3,-107.4,-98.15,-167.5,-141.1,-48.83,-192.9,-186,9.277,-89.36,231.4,-28.32,-145,82.52,93.75,23.44,209.5,160.2,-31.73,201.2,-53.71,-191.9,49.32,97.66,-174.3,-12.22,24.91,-287.6,-159.7,-329.1,-146,-470.2,-150.4,11.36,92.73,-58.1,-253.9,20.05,-15.63,-169.5,8.796,4.916,11.18,68.38,-91.8,0.4942,-0.01367,0.858,0.183,-0.6778,0.2676,0.5973,-0.4471,0.4427,0.3044,-0.5954,0.3565,-0.4727,-0.5093,-0.4437,-0.7569,-0.2171,-0.3773,-0.5643,-0.3636,-0.4328,0.7418,-0.1138,0.6558,0.6263,-0.04834,0.7756,0.5032,-0.5888,0.432,0.5283,-0.5803,0.4231,0.03247,-0.2908,0.0661,-0.5673,-0.5122,-0.4452,-0.5555,-0.5523,-0.4765,-0.08381,-0.2607,-0.1827
13.28,4.365,-0.6725,3.557,6.69,0.3494,1.356,-6.06,10.09,4.584,11.24,4.022,11.21,-2.209,-0.8483,-54.08,-36.76,-0.2514,6.651,-2.76,6.628,54.42,40.09,1.982,2.132,0.1256,-1.176,7.467,0.4362,4.487,7.424,-6.133,-1.748,0.3379,-1.49,0.7742,-4.425,-77.27,-8.692,0.2468,-23.28,-1.163,-4.929,-22.76,-7.201,-4.967,12.67,-2.732,-10.98,-113.9,2.661,-0.6417,-114.1,12.75,-0.6571,-162.7,1.309,-16.71,-78.62,-2.004,-0.05474,-82.16,2.394,0.4692,-89.63,4.415,0.02108,-89.57,-0.06852,-1.597,-90.18,-6.222,-1.86,-81.7,4.513,1.68,-81.91,-2.909,1.588,-86.4,-4.518,0.4555,-119.2,-141.6,-82.52,-228,-117.2,-42.48,-282.7,-193.4,51.76,-161.6,210.4,-54.2,-238.3,45.89,48.34,-62.98,192.9,213.9,-112.8,129.9,-11.22,-241.2,24.91,56.64,-204.1,6.834,26.37,-131.8,-120.6,-270,-159.2,-185.1,-147,35.08,54.63,-57.18,-235.4,-126.5,-80.56,4.436,-42.44,-25.39,-113.8,-12.67,8.321,0.4972,-0.01587,0.8566,0.1838,-0.6773,0.2628,0.5998,-0.4472,0.4378,0.3054,-0.5945,0.3508,-0.4746,-0.5087,-0.4475,-0.755,-0.2218,-0.3831,-0.5556,-0.3689,-0.4415,0.7423,-0.1146,0.6549,0.6256,-0.04859,0.776,0.5039,-0.5885,0.437,0.5327,-0.577,0.4237,0.0329,-0.2913,0.06586,-0.568,-0.511,-0.4493,-0.5545,-0.5522,-0.4774,-0.08503,-0.2598,-0.1831
13.29,4.161,-0.6714,3.59,6.391,0.003924,1.129,-5.86,9.648,4.547,10.51,4.011,10.46,-2.148,-1.116,-54.44,-36.83,-0.02382,7.28,-2.541,6.073,54.36,39.91,1.487,1.942,0.1703,-1.026,8.297,0.3904,3.661,7.211,-6.399,-1.558,0.1617,-1.119,0.1148,-4.472,-77.3,-8.304,-0.03692,-22.98,-0.7332,-4.758,-22.5,-6.573,-4.789,13.04,-2.538,-10.26,-114.1,2.358,-0.4368,-114.1,12.01,-0.446,-162.8,0.3175,-15.49,-78.43,-1.914,-0.002719,-82,2.284,0.5259,-90.3,3.832,0.1445,-90.25,0.1732,-1.724,-90.17,-6.226,-1.883,-81.59,4.216,1.582,-81.78,-2.992,1.369,-86.3,-4.43,0.6038,-141.1,-149.9,-72.75,-264.2,-105.5,-36.14,-322.8,-158.7,81.05,-209,162.1,-60.06,-294.4,6.835,15.14,-99.12,176.3,242.2,-153.8,88.88,24.41,-245.6,2.921,41.01,-237.3,-3.905,12.69,-94.22,-110.4,18.06,-173.8,94.23,9.762,28.73,49.73,-58.56,-146,-229.5,-64.93,8.758,-110.4,-8.301,-146.9,-180.7,46.88,0.5,-0.01788,0.8552,0.1846,-0.6766,0.2586,0.6035,-0.4466,0.4327,0.3074,-0.5928,0.3449,-0.4757,-0.5089,-0.4509,-0.753,-0.2266,-0.3886,-0.5462,-0.3753,-0.4494,0.7426,-0.1156,0.6541,0.6248,-0.04901,0.7765,0.503,-0.5885,0.4419,0.5375,-0.5733,0.4246,0.03308,-0.2913,0.0658,-0.5688,-0.5097,-0.4529,-0.554,-0.5512,-0.4794,-0.08661,-0.2591,-0.1837
13.3,3.996,-0.6801,3.604,6.044,-0.2806,0.8904,-5.517,9.312,4.52,9.701,4.016,9.612,-2.08,-1.332,-54.77,-36.88,0.1954,7.927,-2.32,5.476,54.31,39.54,1.052,1.808,0.1986,-0.9464,9.078,0.4512,2.912,7.019,-6.591,-1.421,-0.04827,-0.8408,-0.4675,-4.63,-77.35,-7.918,-0.2642,-22.73,-0.3501,-4.533,-22.29,-5.85,-4.557,13.32,-2.295,-9.429,-114.2,1.987,-0.1718,-114.2,11.3,-0.1749,-163.2,-0.65,-14.24,-78.25,-1.873,0.04597,-81.83,2.164,0.5904,-90.91,3.3,0.2714,-90.87,0.3902,-1.878,-90.18,-6.182,-1.891,-81.36,3.959,1.569,-81.53,-3.058,1.158,-86.2,-4.371,0.6777,-128.4,-123.5,-73.74,-258.3,-86.92,-38.09,-317.9,-106.9,86.42,-210.9,141.6,-53.71,-307.1,-5.859,-23.44,-125,95.21,226.6,-191.9,68.85,55.18,-224.6,-2.431,33.69,-231.4,-22.96,55.66,-89.35,-54.21,208.5,-154.8,313,21.95,-26.73,41.93,4.458,-14.66,-289.5,-64.93,19,-169.5,39.57,-183.1,-170.4,3.937,0.5028,-0.01941,0.8538,0.1855,-0.6756,0.255,0.6081,-0.4456,0.4274,0.3104,-0.5906,0.3389,-0.476,-0.51,-0.454,-0.751,-0.2319,-0.3936,-0.5362,-0.3827,-0.4561,0.7427,-0.1165,0.6537,0.6239,-0.04944,0.777,0.5009,-0.5896,0.4454,0.542,-0.5701,0.4253,0.0332,-0.291,0.06586,-0.5692,-0.5094,-0.4553,-0.554,-0.5495,-0.4816,-0.08753,-0.2586,-0.1843
13.31,3.878,-0.6518,3.651,5.65,-0.5322,0.6028,-5.041,9.021,4.508,8.84,4.051,8.715,-1.984,-1.505,-55.07,-36.91,0.3793,8.519,-2.106,4.911,54.27,39.04,0.6672,1.732,0.08306,-0.9226,9.619,0.5724,2.166,6.856,-6.787,-1.335,-0.2522,-0.678,-0.825,-4.84,-77.43,-7.543,-0.4501,-22.54,-0.01917,-4.251,-22.16,-5.047,-4.267,13.52,-1.987,-8.515,-114.3,1.562,0.1325,-114.3,10.58,0.1347,-163.8,-1.554,-13,-78.05,-1.892,0.1022,-81.67,2.03,0.6253,-91.3,2.778,0.2477,-91.26,0.6129,-2.038,-90.19,-6.139,-1.887,-81.08,3.747,1.586,-81.24,-3.107,0.985,-86.11,-4.343,0.681,-49.3,-78.12,-67.87,-232.4,-82.03,-40.04,-261.7,-53.71,68.84,-157.7,107.4,-42.48,-289.1,-4.882,-56.15,-108.9,60.54,212.9,-197.3,98.63,78.62,-195.8,-26.36,51.75,-151.9,-39.55,45.91,-22.47,134.3,120.6,-21,329.6,100.6,5.345,-25.86,-0.4611,97.18,-280.3,-39.05,55.62,-148.9,-5.883,-100.6,-8.79,74.26,0.5056,-0.02051,0.8525,0.1864,-0.6741,0.252,0.6133,-0.4444,0.4216,0.3146,-0.588,0.3327,-0.4755,-0.512,-0.4568,-0.7486,-0.2377,-0.3981,-0.5258,-0.3907,-0.4616,0.7424,-0.1175,0.6537,0.623,-0.04999,0.7776,0.4983,-0.5921,0.4472,0.5454,-0.568,0.4249,0.0332,-0.2906,0.06592,-0.5691,-0.5098,-0.4566,-0.5545,-0.5477,-0.4837,-0.08778,-0.2583,-0.185
13.32,3.745,-0.6394,3.713,5.293,-0.7355,0.3197,-4.483,8.759,4.541,7.972,4.133,7.811,-1.886,-1.612,-55.33,-36.98,0.5147,9.007,-1.884,4.392,54.26,38.47,0.3424,1.729,-0.07075,-0.8564,9.883,0.7147,1.459,6.731,-6.958,-1.296,-0.4197,-0.5425,-0.9382,-5.041,-77.52,-7.21,-0.5987,-22.38,0.2789,-3.939,-22.07,-4.194,-3.949,13.65,-1.613,-7.538,-114.5,1.082,0.4418,-114.4,9.841,0.4483,-164.6,-2.365,-11.79,-77.86,-1.916,0.1476,-81.54,1.876,0.6663,-91.43,2.287,0.206,-91.4,0.8299,-2.197,-90.19,-6.086,-1.89,-80.81,3.585,1.568,-80.95,-3.145,0.818,-86.02,-4.351,0.6646,13.17,-39.06,-55.18,-188.9,-79.1,-24.42,-157.7,10.73,43.45,-56.15,82.03,-22.95,-245.6,23.43,-53.71,-74.22,52.74,190.4,-183.1,138.2,91.79,-97.67,-61.52,78.62,-84.97,-71.77,86.43,-11.21,252.5,-92.27,104,288.1,93.76,-49.44,-93.8,-13.68,111.3,-221.2,21.01,77.12,-63.02,36.59,-65.44,78.6,42.5,0.508,-0.0213,0.8512,0.1872,-0.6723,0.2495,0.6188,-0.4433,0.4154,0.3197,-0.5851,0.3263,-0.4743,-0.5145,-0.4594,-0.7455,-0.2442,-0.4024,-0.5155,-0.3993,-0.4659,0.7421,-0.1185,0.6537,0.6219,-0.05036,0.7784,0.4949,-0.5956,0.448,0.5475,-0.567,0.4237,0.03326,-0.2902,0.06592,-0.5686,-0.5102,-0.4576,-0.555,-0.5459,-0.4858,-0.08783,-0.2583,-0.1858
13.33,3.605,-0.6156,3.762,4.965,-0.9123,0.09663,-3.854,8.439,4.599,7.143,4.247,6.94,-1.771,-1.709,-55.54,-37.12,0.6316,9.342,-1.638,3.975,54.24,37.86,0.09438,1.775,-0.1465,-0.7853,9.879,0.8405,0.8203,6.656,-7.112,-1.247,-0.4752,-0.3534,-0.8286,-5.173,-77.59,-6.92,-0.7314,-22.25,0.5364,-3.616,-22.01,-3.311,-3.622,13.75,-1.2,-6.511,-114.7,0.5992,0.7631,-114.6,9.038,0.7725,-165.4,-3.043,-10.62,-77.71,-1.955,0.1842,-81.45,1.699,0.6891,-91.33,1.86,0.2268,-91.31,1.039,-2.318,-90.19,-6.032,-1.943,-80.58,3.452,1.526,-80.71,-3.202,0.6845,-85.91,-4.369,0.7313,29.77,-9.278,-78.61,-86.43,-51.27,-40.53,-75.18,30.76,6.345,41.5,57.13,-25.39,-169,52.25,-66.89,-28.33,35.16,150.9,-156.3,152.8,105,26.84,-67.87,91.8,-32.22,-89.85,125.5,-72.28,240.3,-117.2,124,201.2,87.91,-44.1,-92.73,19.06,88.36,-150.9,63.99,120.1,12.24,84.46,24.41,-51.32,53.68,0.5101,-0.02203,0.8502,0.188,-0.6704,0.2474,0.6241,-0.4425,0.4085,0.3254,-0.582,0.3198,-0.4726,-0.5175,-0.4615,-0.7418,-0.2512,-0.4065,-0.5055,-0.4082,-0.4687,0.7417,-0.1192,0.6538,0.6206,-0.05066,0.7793,0.4906,-0.5993,0.448,0.5483,-0.5671,0.4217,0.03375,-0.2897,0.0658,-0.5684,-0.5101,-0.4588,-0.5553,-0.5445,-0.4875,-0.08863,-0.2584,-0.1866
13.34,3.501,-0.5855,3.848,4.655,-1.068,-0.08391,-3.208,8.063,4.713,6.376,4.413,6.129,-1.662,-1.774,-55.69,-37.33,0.7291,9.493,-1.347,3.654,54.19,37.25,-0.07243,1.829,-0.2142,-0.7237,9.731,0.9755,0.2782,6.595,-7.257,-1.168,-0.4067,-0.2095,-0.6399,-5.302,-77.63,-6.684,-0.8472,-22.14,0.7789,-3.286,-21.96,-2.424,-3.289,13.85,-0.7694,-5.432,-115,0.115,1.07,-114.8,8.176,1.081,-166.4,-3.569,-9.502,-77.58,-2.029,0.2178,-81.39,1.523,0.702,-91.13,1.512,0.2356,-91.12,1.233,-2.379,-90.18,-5.988,-2.053,-80.39,3.326,1.484,-80.51,-3.268,0.5844,-85.84,-4.363,0.7836,34.19,3.909,-69.33,-2.454,-38.57,-53.23,16.12,61.52,-15.14,105.5,20.02,-19.53,-80.57,87.4,-57.61,19.04,39.06,127,-95.23,187,119.6,109.9,-93.74,103.5,15.63,-105.5,139.6,-53.21,217.3,-83,30.77,187,69.32,-70.16,-70.85,17.06,81.03,-75.22,79.57,95.66,15.14,4.916,-25.88,66.83,54.22,0.5119,-0.02277,0.8493,0.1889,-0.6685,0.2456,0.6292,-0.4419,0.4011,0.3314,-0.5787,0.3129,-0.4706,-0.5205,-0.4635,-0.7375,-0.2586,-0.4108,-0.4961,-0.4174,-0.4703,0.7412,-0.1199,0.6541,0.6194,-0.05078,0.7802,0.4864,-0.6028,0.4475,0.5482,-0.5674,0.4198,0.03467,-0.2894,0.06549,-0.5685,-0.5097,-0.4602,-0.5556,-0.5435,-0.489,-0.08924,-0.2584,-0.1871
13.35,3.366,-0.5409,3.966,4.434,-1.203,-0.2243,-2.56,7.595,4.909,5.715,4.658,5.413,-1.554,-1.844,-55.81,-37.55,0.8138,9.483,-1.02,3.42,54.11,36.61,-0.1657,1.892,-0.2492,-0.6957,9.595,1.159,-0.1391,6.534,-7.369,-1.102,-0.3195,-0.05724,-0.5403,-5.44,-77.66,-6.516,-0.9491,-22.06,1.012,-2.939,-21.93,-1.545,-2.939,13.97,-0.3415,-4.307,-115.2,-0.3333,1.38,-115,7.26,1.391,-167.4,-3.947,-8.42,-77.46,-2.083,0.246,-81.4,1.334,0.6956,-91,1.227,0.2453,-91,1.367,-2.448,-90.14,-5.972,-2.198,-80.22,3.197,1.457,-80.33,-3.338,0.4943,-85.79,-4.373,0.8574,32.22,-0.9753,-7.322,76.65,-21.98,-69.33,109.9,87.39,-37.6,179.7,-1.946,-18.07,0,85.45,-62.01,57.13,14.66,87.41,-23.43,201.2,130.4,172.4,-128.4,70.31,81.53,-132.8,124.5,19.03,228.5,-67.38,-5.846,206,-77.65,-45.43,-29.84,31.2,72.76,-20.53,78.11,27.3,-27.38,-11.2,62.94,54.68,46.88,0.5131,-0.02344,0.8487,0.1898,-0.6664,0.244,0.634,-0.4418,0.3933,0.3375,-0.575,0.3059,-0.4688,-0.5235,-0.4653,-0.7328,-0.2662,-0.4153,-0.4874,-0.4268,-0.4708,0.7408,-0.1204,0.6544,0.6181,-0.05072,0.7812,0.4827,-0.6059,0.4469,0.5484,-0.5677,0.4183,0.03583,-0.2894,0.06494,-0.5686,-0.5094,-0.4615,-0.5558,-0.5426,-0.4904,-0.08997,-0.2585,-0.1874
13.36,3.186,-0.5102,4.074,4.241,-1.294,-0.2891,-1.96,7.049,5.159,5.117,4.946,4.759,-1.471,-1.89,-55.88,-37.78,0.8839,9.333,-0.6763,3.213,53.97,35.99,-0.1822,1.992,-0.2383,-0.665,9.441,1.35,-0.4399,6.504,-7.426,-1.004,-0.1801,0.0961,-0.4779,-5.553,-77.67,-6.356,-1.031,-22,1.267,-2.567,-21.92,-0.6909,-2.567,14.13,0.06812,-3.158,-115.5,-0.7404,1.657,-115.2,6.305,1.667,-168.3,-4.213,-7.342,-77.41,-2.117,0.252,-81.45,1.12,0.6837,-90.9,0.9981,0.2857,-90.91,1.437,-2.468,-90.11,-5.961,-2.35,-80.08,3.08,1.423,-80.18,-3.423,0.4112,-85.76,-4.367,0.9352,22.46,-47.36,40.52,150.4,0,-73.24,175.3,98.15,-63.48,239.7,-33.7,-24.9,74.23,92.28,-49.8,95.71,-46.39,55.67,38.08,200.2,130.4,202.6,-131.8,76.66,106.5,-126,121.1,22.47,212.4,-22.47,-32.23,203.1,-128,-16.7,41.01,29.36,48.34,17.55,47.84,-40.49,-55.13,-17.08,34.12,-49.25,-41.51,0.5142,-0.02405,0.848,0.191,-0.6641,0.2424,0.6382,-0.4421,0.3853,0.3433,-0.5713,0.2985,-0.4672,-0.526,-0.4671,-0.7278,-0.2741,-0.4199,-0.4792,-0.4363,-0.4708,0.7405,-0.1207,0.6546,0.6167,-0.05042,0.7824,0.4795,-0.6083,0.4466,0.5482,-0.568,0.4175,0.03705,-0.2894,0.06439,-0.5683,-0.5096,-0.4623,-0.5558,-0.542,-0.4917,-0.0907,-0.2585,-0.1875
13.37,3.061,-0.5143,4.174,4.008,-1.328,-0.2803,-1.428,6.397,5.43,4.564,5.241,4.144,-1.429,-1.921,-55.91,-37.97,0.9479,9.061,-0.3026,3.03,53.76,35.35,-0.1833,2.091,-0.2223,-0.6141,9.33,1.566,-0.6102,6.512,-7.407,-0.889,-0.09141,0.1875,-0.5027,-5.669,-77.66,-6.178,-1.084,-21.96,1.543,-2.181,-21.91,0.1157,-2.18,14.35,0.4349,-1.993,-115.6,-1.091,1.911,-115.4,5.302,1.919,-169.3,-4.382,-6.252,-77.41,-2.171,0.2333,-81.56,0.9426,0.6801,-90.89,0.8237,0.3285,-90.9,1.433,-2.506,-90.07,-5.945,-2.48,-79.97,2.996,1.378,-80.06,-3.516,0.3601,-85.76,-4.347,0.9822,41.51,-70.31,45.91,184.6,13.67,-46.88,224.6,107.4,-100.1,286.1,-57.13,-32.71,112.8,90.33,-32.22,163.6,5.371,6.84,89.36,218.8,144,165,-158.2,84.47,97.16,-146.5,110.8,-9.784,122.6,-29.3,-23.46,218.8,-180.2,0,70.85,9.223,-3.418,46.86,28.81,-79.62,-100.6,-9.751,-17.06,-10.73,20.04,0.5155,-0.02454,0.8473,0.1925,-0.6616,0.2408,0.6417,-0.4428,0.377,0.3488,-0.5674,0.2908,-0.4661,-0.528,-0.4688,-0.7225,-0.2817,-0.4249,-0.4715,-0.4459,-0.4706,0.7402,-0.1208,0.6549,0.6155,-0.04981,0.7834,0.4775,-0.6098,0.4467,0.5484,-0.5681,0.4173,0.03809,-0.2893,0.06391,-0.5674,-0.5102,-0.4626,-0.5558,-0.5416,-0.4927,-0.09113,-0.2584,-0.1874
13.38,2.97,-0.5007,4.246,3.821,-1.341,-0.208,-0.9597,5.664,5.762,4.109,5.583,3.624,-1.432,-1.941,-55.94,-38.09,1.017,8.688,0.06707,2.818,53.46,34.74,-0.1646,2.182,-0.1843,-0.5561,9.227,1.786,-0.65,6.565,-7.305,-0.7883,-0.04767,0.2521,-0.5539,-5.758,-77.65,-6.031,-1.111,-21.93,1.843,-1.792,-21.9,0.884,-1.791,14.65,0.7598,-0.8454,-115.8,-1.385,2.138,-115.6,4.275,2.143,-170.2,-4.461,-5.119,-77.48,-2.211,0.2217,-81.7,0.8108,0.6635,-90.93,0.7151,0.3693,-90.94,1.363,-2.546,-90.06,-5.909,-2.569,-79.88,2.953,1.313,-79.98,-3.611,0.3025,-85.75,-4.345,0.9959,37.12,-66.4,66.89,243.2,23.92,-17.09,265.6,103,-112.3,325.2,-88.86,-45.41,127.9,85.45,-9.762,194.8,32.71,20.51,119.1,224.1,147.9,89.34,-171.4,97.66,37.11,-166.5,85.45,-54.68,11.72,-60.05,-31.77,266.1,-148.4,-24.39,127.9,-16.14,-35.66,39.57,28.81,-63.92,-53.68,-48.35,30.29,26.37,22.99,0.5166,-0.02484,0.8466,0.1941,-0.6591,0.2391,0.6447,-0.4439,0.3687,0.3535,-0.5636,0.283,-0.4655,-0.5294,-0.4707,-0.7173,-0.2886,-0.4305,-0.4644,-0.4555,-0.4705,0.74,-0.1204,0.6553,0.6147,-0.04914,0.7842,0.4772,-0.6098,0.4476,0.5484,-0.5684,0.4176,0.03882,-0.2891,0.0636,-0.5663,-0.5108,-0.4626,-0.5557,-0.5414,-0.4937,-0.09125,-0.2584,-0.1874
13.39,2.922,-0.4892,4.29,3.683,-1.317,-0.08788,-0.5859,4.893,6.125,3.726,5.943,3.17,-1.495,-1.962,-55.98,-38.1,1.085,8.232,0.4714,2.558,53.11,34.14,-0.1152,2.231,-0.1412,-0.5036,9.07,1.949,-0.5648,6.656,-7.162,-0.667,-0.1201,0.3109,-0.5451,-5.782,-77.65,-5.914,-1.116,-21.89,2.166,-1.433,-21.87,1.58,-1.432,15.02,1.038,0.2745,-115.8,-1.638,2.36,-115.6,3.25,2.362,-171,-4.435,-3.931,-77.59,-2.231,0.1985,-81.85,0.7401,0.6336,-90.93,0.6943,0.3878,-90.94,1.258,-2.63,-90.06,-5.872,-2.58,-79.88,2.93,1.238,-79.97,-3.724,0.2462,-85.77,-4.345,0.9992,-7.316,-56.15,99.12,285.2,28.81,-26.86,305.2,83.49,-117.2,367.7,-90.82,-55.17,131.3,67.39,9.762,212.4,33.69,17.57,133.3,213.4,145.5,0,-153.3,100.1,-42.47,-156.3,79.58,-38.11,-88.38,-36.12,-50.31,267.6,-131.8,-40.42,176.3,55.18,-11.24,-6.819,25.88,-48.8,-21.49,1.451,-67.94,-1.939,-12.17,0.5175,-0.02496,0.8461,0.1959,-0.6568,0.2372,0.6469,-0.4454,0.3605,0.3576,-0.5599,0.275,-0.4655,-0.5304,-0.4726,-0.7123,-0.2948,-0.4366,-0.458,-0.4653,-0.4707,0.74,-0.1198,0.6555,0.6142,-0.04846,0.7847,0.4784,-0.6088,0.4487,0.5484,-0.5691,0.4176,0.03894,-0.2888,0.0636,-0.5655,-0.511,-0.4628,-0.555,-0.5416,-0.4945,-0.09125,-0.2584,-0.1873
13.4,2.907,-0.4692,4.282,3.553,-1.271,0.05846,-0.2756,4.079,6.502,3.401,6.307,2.757,-1.591,-1.994,-56.09,-38.02,1.168,7.679,0.8344,2.237,52.75,33.61,-0.03841,2.226,-0.1795,-0.4558,8.83,2.143,-0.4399,6.756,-7.053,-0.5512,-0.2408,0.365,-0.4407,-5.838,-77.66,-5.791,-1.105,-21.79,2.511,-1.072,-21.78,2.236,-1.072,15.48,1.261,1.334,-115.7,-1.845,2.569,-115.5,2.23,2.57,-171.6,-4.297,-2.677,-77.74,-2.238,0.1688,-82.01,0.7151,0.5856,-90.84,0.7301,0.2975,-90.85,1.171,-2.7,-90.07,-5.853,-2.518,-79.84,2.901,1.152,-79.92,-3.854,0.1971,-85.78,-4.363,1.01,-38.58,-40.04,131.8,247.1,22.94,-42,335,31.74,-96.67,376.5,-104.5,-60.06,120.6,59.08,14.16,210,39.56,-3.904,156.7,209,146,-61.04,-133.8,89.35,-72.26,-146.5,69.83,10.28,-147.5,56.62,-23.46,69.82,-105,-6.013,58.61,57.64,7.331,-43.96,4.864,30.71,-50.33,-31.75,-60.58,-46.93,60.57,0.5184,-0.0249,0.8456,0.1975,-0.6545,0.2348,0.6485,-0.4471,0.3521,0.3608,-0.5566,0.2669,-0.466,-0.531,-0.4746,-0.7079,-0.2999,-0.4433,-0.4525,-0.475,-0.4715,0.7401,-0.119,0.6557,0.6141,-0.04798,0.7849,0.4806,-0.6077,0.4493,0.5479,-0.5702,0.4173,0.03845,-0.2886,0.06378,-0.565,-0.5109,-0.4634,-0.5546,-0.5417,-0.4954,-0.09131,-0.2586,-0.1873
13.41,2.875,-0.4348,4.261,3.456,-1.235,0.2112,-0.01081,3.246,6.873,3.129,6.668,2.347,-1.68,-2.073,-56.32,-37.82,1.276,7.066,1.165,1.894,52.43,33.15,0.01756,2.197,-0.3339,-0.4446,8.576,2.41,-0.352,6.842,-6.979,-0.4602,-0.3792,0.4558,-0.3159,-5.971,-77.68,-5.671,-1.109,-21.57,2.858,-0.7134,-21.57,2.847,-0.7136,15.99,1.416,2.335,-115.5,-2.036,2.8,-115.4,1.206,2.799,-172.1,-4.061,-1.375,-77.92,-2.214,0.135,-82.16,0.7009,0.5186,-90.74,0.7382,0.07553,-90.75,1.091,-2.767,-90.09,-5.866,-2.434,-79.73,2.855,1.085,-79.8,-3.987,0.1083,-85.79,-4.412,1.027,0.4778,-35.15,135.7,174.8,10.26,-40.53,326.7,-45.42,-91.8,325.2,-130.9,-46.38,111.3,52.73,34.18,203.1,29.79,-1.958,173.8,187.5,135.2,-69.32,-106.9,54.7,-37.61,-100.6,23.45,134.8,-155.3,-78.11,181.2,-168.4,32.21,-30.4,-118.1,38.12,49.33,-84.47,-22.48,63.92,-48.33,-53.67,-6.323,-81.05,49.83,0.5193,-0.0249,0.8451,0.1984,-0.6524,0.2318,0.6497,-0.449,0.3437,0.3631,-0.5534,0.259,-0.4669,-0.5314,-0.4767,-0.7038,-0.3039,-0.4507,-0.448,-0.4845,-0.4728,0.7404,-0.118,0.6557,0.614,-0.04761,0.7851,0.4834,-0.607,0.4494,0.5474,-0.5712,0.417,0.03778,-0.2886,0.06409,-0.5648,-0.5106,-0.4641,-0.5542,-0.5414,-0.4968,-0.09137,-0.259,-0.1871
13.42,2.793,-0.4079,4.233,3.406,-1.191,0.4028,0.2396,2.404,7.216,2.944,7.001,1.959,-1.764,-2.2,-56.47,-37.57,1.419,6.378,1.441,1.501,52,32.81,0.03621,2.175,-0.4237,-0.5083,8.325,2.647,-0.3037,6.903,-6.923,-0.4169,-0.4248,0.5188,-0.2212,-6.067,-77.67,-5.562,-1.13,-21.42,3.19,-0.3952,-21.42,3.43,-0.3952,16.56,1.528,3.24,-115.3,-2.204,3.045,-115.1,0.1958,3.043,-172.3,-3.715,-0.01599,-78.1,-2.155,0.07772,-82.32,0.6719,0.4367,-90.65,0.7035,-0.08959,-90.65,1.005,-2.802,-90.09,-5.899,-2.415,-79.65,2.799,1.076,-79.72,-4.104,0.03771,-85.81,-4.491,1.035,32.73,-44.92,149.4,128.9,2.926,-27.83,258.3,-110.3,-69.34,258.3,-146,-68.84,98.15,52.73,39.55,180.2,13.68,21.49,163.1,144,144.5,-26.84,-61.52,6.355,-5.381,-67.87,6.347,86.89,-166,-278.8,256.8,-219.7,97.67,-25.39,-125,15.06,86.93,-87.37,-37.59,104.5,-24.94,-56.65,-21.91,-46.41,15.66,0.5201,-0.02515,0.8446,0.1986,-0.6508,0.228,0.6507,-0.4507,0.3355,0.3646,-0.5508,0.2512,-0.4682,-0.5317,-0.4787,-0.7002,-0.3066,-0.4588,-0.4447,-0.4938,-0.4749,0.741,-0.1172,0.6554,0.6139,-0.04731,0.7854,0.4857,-0.6064,0.4499,0.5467,-0.5721,0.4168,0.0376,-0.2889,0.06415,-0.5647,-0.5106,-0.4646,-0.5539,-0.5413,-0.4979,-0.09132,-0.2597,-0.187
13.43,2.658,-0.378,4.185,3.358,-1.126,0.6279,0.5017,1.581,7.477,2.796,7.242,1.568,-1.884,-2.316,-56.86,-37.24,1.604,5.622,1.71,1.028,51.82,32.6,0.03512,2.179,-0.3784,-0.5948,8.167,2.813,-0.2923,6.947,-6.881,-0.3909,-0.4085,0.554,-0.2392,-6.073,-77.65,-5.429,-1.135,-21.01,3.5,-0.1297,-21.01,4.002,-0.1296,17.13,1.624,4.081,-114.9,-2.361,3.277,-114.8,-0.7824,3.275,-172.3,-3.284,1.398,-78.31,-2.071,0.01518,-82.49,0.6137,0.3491,-90.66,0.6377,-0.1212,-90.66,0.9289,-2.817,-90.08,-5.932,-2.449,-79.66,2.744,1.08,-79.72,-4.204,-0.009327,-85.82,-4.57,1.032,50.29,-36.14,121.6,93.76,-21,-52.74,209,-142.1,-30.76,212.4,-170.9,-97.17,78.12,64.94,38.57,156.7,6.35,21.97,186.5,125,130.9,10.76,-1.471,-21.96,19.05,-12.69,-8.31,2.457,-128.9,-161.6,114.8,-168.4,40.04,-44.43,-69.32,39.96,89.85,-31.73,-46.37,109.9,-14.15,-8.784,-17.65,-51.71,22.99,0.5211,-0.02533,0.844,0.1979,-0.6497,0.2235,0.6518,-0.4522,0.3277,0.3657,-0.5485,0.2437,-0.4698,-0.5316,-0.481,-0.6971,-0.3082,-0.4673,-0.4426,-0.5027,-0.4779,0.7416,-0.1162,0.6551,0.6135,-0.047,0.7858,0.4872,-0.6055,0.4511,0.5466,-0.5724,0.4171,0.03784,-0.2892,0.06403,-0.5642,-0.5112,-0.4645,-0.5533,-0.5416,-0.4985,-0.09119,-0.2603,-0.187
13.44,2.532,-0.3507,4.145,3.266,-1.05,0.8335,0.7796,0.7921,7.663,2.686,7.398,1.171,-2.025,-2.417,-57.33,-36.84,1.815,4.813,1.97,0.481,51.71,32.54,0.02634,2.281,-0.2662,-0.6743,8.144,2.909,-0.3009,7.061,-6.881,-0.3941,-0.372,0.5761,-0.3911,-6.025,-77.63,-5.272,-1.138,-20.51,3.791,0.08546,-20.51,4.571,0.08565,17.71,1.724,4.866,-114.5,-2.516,3.483,-114.4,-1.725,3.481,-172,-2.803,2.849,-78.5,-2.007,-0.05728,-82.64,0.5455,0.2544,-90.79,0.5649,-0.09266,-90.79,0.8661,-2.832,-90.06,-5.986,-2.516,-79.72,2.775,1.071,-79.78,-4.284,-0.05191,-85.82,-4.658,1.016,19.53,-30.76,85.93,54.68,-49.81,-71.29,153.3,-176.7,11.71,168.5,-202.1,-105.5,51.27,50.29,33.69,126,-31.25,12.69,222.2,95.69,213.9,30.74,45.42,-33.2,15.63,36.13,-2.443,38.11,-61.01,-0.984,-34.69,-86.89,-6.342,-12.7,-31.68,19.52,123.5,1383,-478.5,52.78,54.22,33.2,-11.18,-17.58,1.432,0.5222,-0.02551,0.8433,0.1965,-0.6492,0.2184,0.653,-0.4534,0.3199,0.3666,-0.5465,0.2364,-0.4715,-0.5312,-0.4834,-0.6946,-0.3089,-0.476,-0.4416,-0.511,-0.4818,0.7422,-0.1154,0.6548,0.6131,-0.04682,0.7863,0.4883,-0.6045,0.4527,0.547,-0.5721,0.4179,0.03833,-0.2897,0.06372,-0.5637,-0.5116,-0.464,-0.5525,-0.542,-0.4989,-0.09095,-0.2611,-0.187
13.45,2.424,-0.338,4.148,3.159,-0.9669,0.9747,1.112,0.0128,7.829,2.637,7.532,0.7893,-2.16,-2.517,-57.93,-36.4,2.032,4.108,2.216,-0.05345,51.73,32.8,-0.00439,2.926,-0.1119,-0.4798,8.169,2.98,-0.3406,7.699,-6.887,-0.4245,-0.3276,0.5777,-0.5987,-5.973,-77.64,-5.118,-1.13,-19.92,4.051,0.3018,-19.91,5.163,0.3021,18.26,1.842,5.646,-114.1,-2.662,3.685,-114.1,-2.649,3.685,-171.4,-2.439,4.281,-78.65,-1.961,-0.1287,-82.79,0.4764,0.1751,-90.97,0.476,-0.004392,-90.97,0.8185,-2.847,-90.03,-6.03,-2.599,-79.8,3.364,0.8314,-79.85,-4.333,-0.08597,-85.85,-4.741,0.9881,-59.07,-33.2,64.93,15.63,-79.59,-79.1,109.4,-222.2,22.46,120.6,-225.1,-123,42.96,32.22,41.5,102.6,-19.53,-55.17,323.7,245.6,139.2,13.68,69.35,-26.36,14.16,60.56,-1.461,7.327,0,68.85,-92.77,-7.842,-36.12,-6.682,5.356,-0.9223,-61.52,815,397,-20.47,142.5,58.59,15.15,43.44,4.384,0.5234,-0.02551,0.8426,0.1942,-0.6489,0.2127,0.6545,-0.4546,0.3121,0.3678,-0.5445,0.2292,-0.4733,-0.5309,-0.4858,-0.6922,-0.3085,-0.4851,-0.4416,-0.5174,-0.4878,0.7425,-0.1149,0.6546,0.6126,-0.04651,0.7868,0.4883,-0.6039,0.454,0.5478,-0.5715,0.4187,0.03894,-0.2901,0.06336,-0.566,-0.5067,-0.464,-0.5519,-0.5425,-0.499,-0.09058,-0.2617,-0.187
13.46,2.319,-0.3201,4.161,3.007,-0.886,1.05,1.462,-0.7584,7.943,2.642,7.616,0.3684,-2.282,-2.616,-58.61,-35.93,2.215,3.128,2.471,0.3764,51.84,34.37,-0.03841,3.357,0.05705,-0.3693,8.222,3.029,-0.3775,8.084,-6.87,-0.4505,-0.2948,0.5635,-0.8118,-5.908,-77.68,-4.928,-1.116,-19.27,4.281,0.528,-19.26,5.743,0.5291,18.77,1.986,6.429,-113.6,-2.813,3.891,-113.7,-3.57,3.894,-169.4,-1.926,4.77,-78.76,-1.925,-0.1935,-82.92,0.4016,0.09761,-91.15,0.3824,0.101,-91.16,0.7576,-2.86,-90,-6.061,-2.668,-79.88,3.73,0.6654,-79.93,-4.354,-0.09206,-85.85,-4.786,0.9678,-109.9,-36.14,75.2,-20.99,-97.66,-84.96,69.33,-237.3,47.85,74.7,-240.2,-115.2,-0.9737,30.27,22.46,28.8,36.12,-23.44,859.4,327.6,590.3,-1.462,78.62,-6.355,-7.325,75.2,7.328,-94.22,45.89,72.27,-126.9,4.893,-36.62,1.336,50.8,-24.9,-647.5,-2158,249,-39.58,205.6,52.7,34.7,91.27,-11.72,0.5248,-0.02533,0.8417,0.1912,-0.6486,0.2067,0.6561,-0.4553,0.3045,0.3692,-0.5424,0.2221,-0.4749,-0.5306,-0.488,-0.69,-0.3078,-0.4944,-0.4519,-0.5138,-0.4963,0.7428,-0.1145,0.6545,0.6121,-0.04633,0.7873,0.4879,-0.6036,0.4552,0.5486,-0.5709,0.4197,0.03943,-0.2904,0.06299,-0.5653,-0.5057,-0.4623,-0.5514,-0.5429,-0.4989,-0.09034,-0.2621,-0.187
13.47,2.218,-0.2952,4.183,2.807,-0.84,1.051,1.865,-1.458,7.977,2.74,7.628,-0.09264,-2.36,-2.738,-59.32,-35.47,2.388,2.393,2.743,1.35,51.99,36.26,-0.0856,3.009,0.1742,-0.7788,8.312,3.106,-0.4343,7.63,-6.821,-0.4754,-0.2688,0.5661,-1.017,-5.878,-77.75,-4.701,-1.127,-18.61,4.473,0.7413,-18.59,6.337,0.7436,19.26,2.164,7.221,-113.3,-2.969,4.094,-113.4,-4.424,4.101,-167.1,-1.705,4.642,-78.83,-1.899,-0.2512,-83.02,0.3212,0.02065,-91.33,0.2611,0.1588,-91.34,0.6948,-2.868,-89.98,-6.066,-2.724,-79.91,3.281,0.9788,-79.97,-4.348,-0.103,-85.86,-4.808,0.9587,-101.1,-56.64,-2.447,-46.38,-125.5,-84.47,62.01,-221.7,62.02,42.96,-248,-122.6,-88.39,39.55,23.93,-40.53,-8.787,69.82,74.22,-962.4,208,-25.87,64.46,15.63,-17.08,88.37,2.443,-135.3,71.27,25.87,-131.4,2.949,5.35,8.686,-8.263,-45.96,-183.1,358.4,242.2,-51.75,214.4,54.24,42.94,42.92,-21.47,0.5265,-0.02521,0.8408,0.1878,-0.6484,0.2006,0.6579,-0.456,0.297,0.371,-0.5404,0.2149,-0.4763,-0.5305,-0.4901,-0.6883,-0.3061,-0.5038,-0.4637,-0.5047,-0.5054,0.743,-0.1144,0.6544,0.6116,-0.04633,0.7878,0.488,-0.6032,0.4566,0.5493,-0.5703,0.4206,0.03986,-0.2905,0.06275,-0.5609,-0.5131,-0.459,-0.5512,-0.543,-0.4988,-0.09021,-0.2623,-0.1869
13.48,2.1,-0.2683,4.217,2.648,-0.8097,1.003,2.289,-1.975,8.021,2.914,7.655,-0.5314,-2.426,-2.865,-60.03,-35.07,2.522,2.608,3.026,1.087,52.14,37.43,-0.1152,2.952,0.2657,-1.029,8.441,3.2,-0.4513,7.452,-6.713,-0.4873,-0.2332,0.5609,-1.218,-5.898,-77.83,-4.505,-1.14,-17.97,4.642,0.9507,-17.93,6.931,0.9546,19.73,2.385,8.02,-112.9,-3.13,4.307,-113.1,-5.099,4.317,-165.7,-2.278,5.587,-78.86,-1.862,-0.2959,-83.09,0.2345,-0.04486,-91.53,0.1502,0.2009,-91.54,0.6015,-2.874,-89.98,-6.039,-2.787,-79.88,3.127,1.16,-79.95,-4.324,-0.1115,-85.87,-4.796,0.9456,-63.49,-75.2,-46.87,-68.35,-163.1,-108.4,45.89,-250.5,60.06,30.27,-266.1,-111.8,-85.44,31.25,32.72,-54.68,-127.4,49.31,-384.8,-785.1,93.27,-58.11,57.13,33.2,-33.21,42.96,-11.71,-110.3,91.3,-41.01,-81.54,34.69,22.45,-32.07,34.74,-36.12,141.6,300.3,-156.3,-85.42,156.8,64.47,27.35,28.83,-17.09,0.528,-0.02503,0.84,0.1842,-0.6482,0.1947,0.6597,-0.4566,0.2896,0.3733,-0.5384,0.2077,-0.4774,-0.5307,-0.4919,-0.6877,-0.3028,-0.5126,-0.4638,-0.5022,-0.5176,0.7433,-0.1144,0.6542,0.611,-0.04639,0.7883,0.4887,-0.6024,0.4582,0.55,-0.5697,0.4218,0.04041,-0.2903,0.06263,-0.56,-0.5157,-0.4577,-0.5513,-0.5428,-0.4988,-0.0901,-0.2622,-0.1868
13.49,1.955,-0.2261,4.266,2.598,-0.7817,0.9468,2.741,-2.326,8.13,3.131,7.761,-0.8963,-2.455,-3.001,-60.64,-34.73,2.597,2.567,3.298,0.09576,52.25,38.16,-0.1262,2.953,0.3887,-1.023,8.599,3.318,-0.4343,7.347,-6.576,-0.4689,-0.1846,0.544,-1.434,-5.967,-77.88,-4.387,-1.16,-17.41,4.784,1.17,-17.36,7.524,1.177,20.17,2.659,8.817,-112.7,-3.292,4.524,-112.8,-5.61,4.538,-164.8,-2.46,7.122,-78.87,-1.795,-0.3469,-83.14,0.1502,-0.1323,-91.74,0.06123,0.2501,-91.75,0.4949,-2.866,-89.98,-5.999,-2.848,-79.82,3.047,1.069,-79.88,-4.299,-0.1087,-85.87,-4.753,0.9326,-55.19,-73.73,-15.63,-104.5,-213.4,-151.9,37.1,-289.1,35.15,22.45,-290,-91.79,-72.75,54.2,23.44,-62.49,-276.4,29.78,-51.76,-110.8,140.6,-64.45,20.51,12.69,-46.38,-25.88,-22.94,-47.85,116.7,-29.77,-64.46,61.54,-56.64,-21.38,57.08,6.763,-100.6,209,108.9,-100.1,79.07,89.86,-15.15,40.59,-43.48,0.5288,-0.02496,0.8395,0.1807,-0.6479,0.1892,0.6616,-0.4571,0.2822,0.3759,-0.5365,0.2005,-0.4783,-0.5311,-0.4934,-0.6877,-0.2985,-0.5205,-0.4621,-0.506,-0.5272,0.7436,-0.1148,0.6538,0.6104,-0.04669,0.7888,0.4895,-0.6015,0.4598,0.5506,-0.5691,0.4231,0.04096,-0.29,0.0625,-0.5589,-0.5161,-0.4582,-0.5517,-0.5424,-0.4989,-0.09003,-0.2618,-0.1868
13.5,1.788,-0.1839,4.34,2.55,-0.7295,0.8721,3.211,-2.618,8.24,3.378,7.865,-1.293,-2.49,-3.122,-61.06,-34.44,2.635,2.22,3.566,-0.8065,52.23,38.87,-0.08889,2.935,0.5006,-1.142,8.711,3.465,-0.3945,7.2,-6.441,-0.4288,-0.1979,0.5162,-1.596,-6.065,-77.93,-4.265,-1.163,-17.02,4.917,1.386,-16.94,8.127,1.395,20.59,2.967,9.626,-112.4,-3.475,4.759,-112.6,-6.084,4.778,-163.9,-2.311,8.542,-78.83,-1.722,-0.4055,-83.18,0.04928,-0.2259,-91.89,0.00231,0.2773,-91.9,0.3959,-2.881,-89.97,-5.953,-2.868,-79.73,2.924,1.095,-79.79,-4.276,-0.08922,-85.87,-4.688,0.9254,-56.65,-46.87,8.309,-132.3,-243.6,-172.9,42.95,-314.9,26.85,4.396,-314,-84.96,-82.05,80.08,45.41,-69.33,-286.1,37.6,59.09,-166,-39.06,-62.5,-26.36,5.864,-56.16,-54.2,-17.58,11.7,96.69,33.68,-38.08,49.81,-50.79,-3.007,49.73,9.837,-45.42,258.3,118.2,-93.73,-5.35,74.71,-31.76,46.41,-33.73,0.5297,-0.02484,0.839,0.178,-0.6473,0.1846,0.6638,-0.4572,0.2753,0.3789,-0.5346,0.1933,-0.479,-0.5318,-0.495,-0.6876,-0.2941,-0.5278,-0.4626,-0.5102,-0.5345,0.744,-0.1153,0.6533,0.6097,-0.04706,0.7893,0.4898,-0.6011,0.4607,0.5511,-0.5688,0.4241,0.04114,-0.2896,0.06244,-0.5579,-0.5174,-0.458,-0.5524,-0.5419,-0.499,-0.09003,-0.2612,-0.1868
13.51,1.645,-0.1602,4.424,2.492,-0.6645,0.8076,3.704,-2.919,8.349,3.643,7.969,-1.67,-2.521,-3.239,-61.23,-34.16,2.646,1.717,3.811,-1.421,52.02,39.6,-0.02305,2.899,0.5601,-1.236,8.725,3.627,-0.369,7.031,-6.338,-0.4006,-0.2477,0.481,-1.631,-6.201,-77.94,-4.152,-1.163,-16.85,5.045,1.578,-16.75,8.748,1.59,20.97,3.31,10.42,-112.2,-3.65,4.987,-112.4,-6.558,5.01,-162.8,-2.034,9.667,-78.78,-1.667,-0.4738,-83.22,-0.04622,-0.3108,-91.94,-0.03004,0.2569,-91.95,0.3388,-2.9,-89.99,-5.905,-2.837,-79.6,2.788,1.103,-79.67,-4.24,-0.06975,-85.89,-4.621,0.9136,-26.85,-19.04,-10.74,-145.5,-262.7,-182.6,27.82,-327.1,19.53,-8.293,-338.4,-90.34,-67.88,98.14,51.76,-85.46,-186,68.84,190.4,-265.6,-108.4,-66.4,-75.68,-2.921,-68.85,-72.27,1.963,55.17,65.44,28.31,23.46,31.24,-39.05,-34.08,35.2,38.12,-30.26,248.1,-6.847,-69.84,-66.38,11.69,-23.38,12.15,9.752,0.5306,-0.02484,0.8385,0.1765,-0.6465,0.1815,0.6663,-0.4569,0.2688,0.3822,-0.5327,0.1863,-0.4798,-0.5323,-0.4965,-0.687,-0.2898,-0.5346,-0.4651,-0.5128,-0.5404,0.7442,-0.116,0.6529,0.609,-0.04743,0.7899,0.4894,-0.6016,0.4604,0.5512,-0.5689,0.4245,0.04096,-0.2892,0.06263,-0.5576,-0.518,-0.4586,-0.5531,-0.5412,-0.4992,-0.08997,-0.2607,-0.1867
13.52,1.512,-0.1663,4.485,2.458,-0.5937,0.7738,4.224,-3.184,8.487,3.882,8.097,-2.006,-2.576,-3.326,-61.12,-33.85,2.664,1.417,4.025,-1.865,51.62,40.23,0.05377,2.857,0.5691,-1.218,8.629,3.778,-0.3803,6.845,-6.283,-0.3757,-0.3243,0.4338,-1.549,-6.341,-77.94,-4.082,-1.156,-16.96,5.185,1.717,-16.83,9.407,1.734,21.29,3.679,11.2,-111.9,-3.846,5.194,-112.2,-7.016,5.221,-161.9,-1.962,10.59,-78.75,-1.632,-0.5392,-83.24,-0.1491,-0.3621,-91.87,-0.06354,0.2189,-91.88,0.3141,-2.93,-90.01,-5.878,-2.783,-79.48,2.646,1.032,-79.54,-4.197,-0.04583,-85.9,-4.55,0.894,0.4778,0,-0.9675,-123.1,-244.1,-178.2,22.46,-315.9,7.322,-8.793,-368.7,-83.98,-32.22,81.54,62.5,-121.6,-168.5,2.441,182.6,-401.9,-175.3,-54.21,-110.8,14.16,-46.38,-75.68,21,69.83,34.66,-48.82,100.1,-42.97,31.71,-9.688,-1.989,43.5,-77.17,187,13.69,-46.86,-109.9,15.15,1.029,-38.14,-7.784,0.5311,-0.02484,0.8382,0.1765,-0.6456,0.1798,0.6693,-0.4562,0.2629,0.3858,-0.5309,0.1797,-0.4807,-0.5326,-0.4984,-0.6863,-0.2862,-0.5407,-0.4668,-0.5141,-0.5463,0.7444,-0.1166,0.6527,0.6083,-0.04761,0.7905,0.4882,-0.6028,0.4595,0.5509,-0.5694,0.4242,0.04053,-0.2889,0.06281,-0.5575,-0.5177,-0.4601,-0.554,-0.5405,-0.4993,-0.08985,-0.2601,-0.1865
13.53,1.36,-0.1731,4.523,2.456,-0.5559,0.8025,4.752,-3.488,8.626,4.09,8.231,-2.281,-2.615,-3.398,-60.76,-33.51,2.661,1.311,4.213,-2.143,51.07,40.73,0.09657,2.795,0.5671,-1.211,8.493,3.858,-0.4485,6.634,-6.251,-0.3357,-0.3744,0.3792,-1.431,-6.411,-77.9,-4.032,-1.17,-17.26,5.33,1.822,-17.11,10.08,1.842,21.55,4.073,11.95,-111.5,-4.031,5.344,-111.8,-7.504,5.377,-161.1,-2.134,11.33,-78.74,-1.585,-0.5906,-83.27,-0.2568,-0.3982,-91.77,-0.134,0.1908,-91.78,0.3141,-2.945,-90.02,-5.853,-2.733,-79.43,2.479,0.9812,-79.49,-4.155,-0.0292,-85.92,-4.465,0.8522,4.898,1.951,37.6,-83.98,-206.1,-160.2,37.59,-283.7,-5.368,25.88,-399.4,-83.98,-6.343,44.44,43.45,-127.4,-182.1,-32.72,108.9,-426.8,-89.36,-17.1,-122.6,31.73,-17.58,-68.84,46.87,31.72,14.15,-78.11,124.5,-117.7,25.37,-25.39,-78.2,3.843,-47.35,77.65,41.51,-21.95,-73.72,-56.17,7.794,-30.77,-7.336,0.5315,-0.02515,0.8379,0.1776,-0.6446,0.1794,0.6726,-0.4552,0.2576,0.3898,-0.529,0.1735,-0.4817,-0.5323,-0.5006,-0.6851,-0.2835,-0.5464,-0.4674,-0.514,-0.5526,0.7446,-0.117,0.6524,0.6076,-0.04767,0.7911,0.4863,-0.6046,0.4584,0.5504,-0.57,0.4237,0.04016,-0.2887,0.06299,-0.5575,-0.5175,-0.4617,-0.5545,-0.5401,-0.4993,-0.08955,-0.2594,-0.1864
13.54,1.208,-0.1665,4.504,2.423,-0.5318,0.8856,5.279,-3.814,8.747,4.259,8.347,-2.534,-2.654,-3.427,-60.26,-33.16,2.635,1.099,4.348,-2.257,50.45,40.98,0.1251,2.738,0.5568,-1.217,8.348,3.788,-0.5563,6.407,-6.239,-0.3238,-0.3783,0.282,-1.302,-6.332,-77.85,-3.957,-1.178,-17.72,5.48,1.917,-17.54,10.76,1.942,21.77,4.477,12.66,-111.1,-4.202,5.434,-111.5,-7.999,5.473,-160.4,-2.219,11.88,-78.77,-1.544,-0.6206,-83.29,-0.3705,-0.4261,-91.64,-0.2241,0.1649,-91.65,0.3293,-2.946,-90.02,-5.832,-2.717,-79.52,2.31,0.9455,-79.57,-4.097,0.02433,-85.92,-4.39,0.7947,4.39,-1.951,24.91,-26.84,-133.8,-157.7,71.29,-258.8,-23.92,73.74,-414.5,-90.34,11.24,16.12,31.74,-109.4,-195.3,0.9788,113.8,-430.2,70.32,22.95,-92.78,40.54,-2.926,-39.05,54.68,-12.2,-7.826,-45.9,54.23,-124.5,58.13,-13.7,-41.47,0.9223,2.425,-5.402,18.56,-3.412,-12.69,-67.86,10.73,-42.53,12.7,0.532,-0.02545,0.8375,0.1798,-0.6435,0.18,0.6761,-0.4539,0.2528,0.3939,-0.5272,0.1677,-0.4828,-0.5315,-0.503,-0.6837,-0.2818,-0.5516,-0.4681,-0.5139,-0.557,0.7449,-0.117,0.6521,0.6068,-0.04773,0.7917,0.4839,-0.6068,0.4571,0.5498,-0.5705,0.4231,0.04004,-0.2885,0.06305,-0.5575,-0.5174,-0.4632,-0.5545,-0.5405,-0.4984,-0.08912,-0.2587,-0.1864
13.55,1.053,-0.1566,4.448,2.415,-0.5142,1.005,5.757,-4.107,8.894,4.379,8.486,-2.741,-2.705,-3.421,-59.67,-32.8,2.601,0.9501,4.456,-2.334,49.82,41.08,0.1185,2.66,0.5297,-1.25,8.293,3.655,-0.684,6.176,-6.225,-0.3129,-0.3714,0.1791,-1.265,-6.199,-77.79,-3.888,-1.188,-18.25,5.656,2.009,-18.04,11.41,2.04,21.91,4.86,13.34,-110.7,-4.36,5.469,-111.1,-8.448,5.514,-159.9,-2.355,12.32,-78.84,-1.485,-0.6464,-83.3,-0.4687,-0.4546,-91.59,-0.335,0.1249,-91.61,0.3464,-2.944,-90.02,-5.803,-2.717,-79.66,2.137,0.9333,-79.72,-4.038,0.0734,-85.93,-4.317,0.7228,-2.449,-16.11,0,4.393,-73.23,-151.9,112.8,-224.6,-20.51,106.4,-439,-109.4,22.45,-32.22,11.23,-78.12,-212.4,-45.9,101.6,-455.6,100.1,36.63,-56.64,38.58,26.86,-15.62,46.87,-28.82,-17.11,-40.02,-42.46,-71.77,18.53,-7.684,-20.51,-0.4611,17.09,-56.65,-12.18,18.09,61.48,-29.33,8.823,-39.04,-18.52,0.5325,-0.02582,0.8372,0.1828,-0.6421,0.1813,0.6795,-0.4528,0.2485,0.3981,-0.5253,0.1627,-0.4839,-0.5304,-0.5055,-0.6824,-0.2807,-0.5559,-0.4682,-0.5138,-0.5608,0.7453,-0.1167,0.6518,0.6061,-0.04785,0.7922,0.4815,-0.6091,0.4558,0.5497,-0.5707,0.4229,0.04004,-0.2883,0.06299,-0.5576,-0.5176,-0.4644,-0.5543,-0.5411,-0.4975,-0.08857,-0.258,-0.1864
13.56,0.8673,-0.1372,4.348,2.458,-0.5044,1.137,6.177,-4.35,9.071,4.458,8.661,-2.909,-2.74,-3.383,-59.04,-32.47,2.563,0.8498,4.555,-2.345,49.2,41.09,0.1086,2.612,0.5196,-1.31,8.306,3.544,-0.8146,5.957,-6.181,-0.2956,-0.3575,0.0898,-1.267,-6.106,-77.74,-3.851,-1.201,-18.82,5.828,2.106,-18.59,12,2.141,22,5.186,13.98,-110.3,-4.529,5.471,-110.7,-8.858,5.521,-159.6,-2.523,12.64,-78.92,-1.406,-0.6672,-83.28,-0.5775,-0.4874,-91.58,-0.4586,0.09947,-91.6,0.354,-2.936,-90.01,-5.751,-2.721,-79.75,1.98,0.946,-79.81,-3.977,0.09571,-85.93,-4.239,0.6404,-35.15,-27.34,29.78,27.36,-2.444,-128.4,131.3,-208.5,-28.81,109.9,-453.6,-108.9,28.32,-33.2,-3.421,-38.09,-225.1,-79.59,197.7,-392.1,31.74,47.84,-6.845,24.42,27.33,3.905,46.87,-42.49,-8.798,-43.45,-76.69,-1.443,-26.86,-14.7,-8.722,-14.6,-4.906,-64.48,-34.19,-21.04,117.2,7.817,-4.853,-21.46,-19.5,0.5327,-0.02619,0.837,0.1864,-0.6406,0.1832,0.6825,-0.4517,0.2449,0.4021,-0.5232,0.1584,-0.4847,-0.5292,-0.508,-0.681,-0.2799,-0.5596,-0.468,-0.5134,-0.5639,0.7458,-0.1163,0.6513,0.6053,-0.04816,0.7928,0.4792,-0.6112,0.4547,0.5496,-0.5706,0.4229,0.0401,-0.2879,0.06293,-0.5576,-0.5179,-0.4654,-0.5542,-0.5414,-0.4968,-0.08796,-0.2573,-0.1865
13.57,0.6759,-0.1287,4.253,2.487,-0.4889,1.262,6.524,-4.554,9.219,4.523,8.799,-3.095,-2.795,-3.305,-58.34,-32.21,2.547,0.8145,4.662,-2.323,48.6,40.97,0.0856,2.569,0.5215,-1.382,8.344,3.452,-0.931,5.752,-6.108,-0.2729,-0.3319,-0.02626,-1.266,-6.048,-77.67,-3.789,-1.21,-19.44,6.011,2.172,-19.18,12.53,2.213,22.02,5.457,14.57,-110,-4.704,5.443,-110.4,-9.237,5.496,-159.4,-2.735,12.89,-78.97,-1.317,-0.6908,-83.23,-0.6811,-0.5129,-91.58,-0.588,0.09508,-91.6,0.3407,-2.921,-90.02,-5.693,-2.731,-79.8,1.832,0.9807,-79.86,-3.919,0.1261,-85.92,-4.156,0.5418,-40.52,-40.53,35.64,15.15,48.35,-104.5,140.1,-197.8,-26.85,103,-456,-114.3,22.45,-23.93,-6.833,-19.04,-233.4,-72.26,164.1,-441.9,12.21,39.07,22.94,31.73,6.343,7.334,56.16,-26.85,-20.51,-26.38,-55.15,84.94,-29.29,-48.78,41.01,0.9223,-40.51,-30.25,-30.27,-40.04,116.7,32.72,-28.82,15.64,-15.12,0.5332,-0.02661,0.8366,0.1905,-0.6391,0.1856,0.6851,-0.4507,0.2417,0.4058,-0.5208,0.1549,-0.4851,-0.5281,-0.5103,-0.6796,-0.2793,-0.5628,-0.4669,-0.5133,-0.5665,0.7463,-0.1162,0.6508,0.6046,-0.04853,0.7933,0.4769,-0.6132,0.4539,0.5495,-0.5706,0.423,0.04023,-0.2874,0.06293,-0.5575,-0.5184,-0.466,-0.5543,-0.5415,-0.4963,-0.08722,-0.2565,-0.1867
13.58,0.514,-0.1165,4.188,2.493,-0.4614,1.342,6.793,-4.719,9.359,4.603,8.92,-3.294,-2.88,-3.222,-57.69,-32.04,2.56,0.8579,4.788,-2.292,48.08,40.8,0.05816,2.534,0.5448,-1.47,8.396,3.405,-1.042,5.538,-6.043,-0.2588,-0.311,-0.1392,-1.27,-6.045,-77.6,-3.732,-1.21,-20.01,6.201,2.21,-19.74,12.99,2.254,21.99,5.671,15.11,-109.8,-4.885,5.435,-110.2,-9.583,5.492,-159.4,-2.976,13.13,-78.98,-1.256,-0.7178,-83.17,-0.7844,-0.5454,-91.57,-0.7186,0.1056,-91.6,0.3217,-2.913,-90.01,-5.649,-2.743,-79.79,1.692,1.027,-79.85,-3.847,0.1557,-85.91,-4.065,0.449,-0.9855,-29.3,-7.322,-10.24,76.18,-73.73,118.7,-203.1,-0.9771,83,-474.1,-103.5,14.16,-3.425,-8.786,-18.55,-199.2,-45.41,140.6,-411.1,-17.58,20.51,22.94,21.96,-20.5,-7.811,66.89,31.23,-40.54,-14.66,-9.769,148.9,-72.74,-40.09,35.65,41.5,-50.77,44.9,-36.13,-36.63,78.16,14.67,-20.44,5.429,26.84,0.5336,-0.02698,0.8363,0.1945,-0.6379,0.1877,0.6873,-0.4499,0.2391,0.4093,-0.5185,0.1522,-0.4852,-0.5275,-0.5124,-0.6781,-0.2788,-0.5656,-0.465,-0.5136,-0.5685,0.7467,-0.1163,0.6504,0.6038,-0.04901,0.7938,0.4749,-0.6148,0.4535,0.5494,-0.5707,0.4231,0.04035,-0.287,0.06287,-0.5574,-0.5191,-0.4664,-0.5547,-0.5412,-0.4958,-0.08655,-0.2556,-0.1869
13.59,0.3747,-0.1116,4.164,2.515,-0.4407,1.379,7.01,-4.837,9.503,4.701,9.045,-3.477,-2.965,-3.173,-57.12,-31.91,2.606,0.9795,4.94,-2.242,47.68,40.6,0.05487,2.508,0.6029,-1.559,8.454,3.409,-1.104,5.328,-5.986,-0.2653,-0.3101,-0.2447,-1.27,-6.113,-77.52,-3.711,-1.219,-20.51,6.38,2.219,-20.23,13.39,2.267,21.9,5.844,15.59,-109.6,-5.064,5.461,-110,-9.88,5.522,-159.4,-3.227,13.33,-78.94,-1.214,-0.7478,-83.11,-0.8833,-0.5735,-91.57,-0.8144,0.1511,-91.59,0.2874,-2.905,-90.01,-5.626,-2.735,-79.73,1.563,1.08,-79.79,-3.764,0.1837,-85.91,-3.986,0.3679,35.15,-17.58,-1.954,-12.21,100.1,-55.66,102.1,-219.2,15.62,73.74,-460,-121.6,16.11,4.882,21.97,-30.75,-153.3,-42.97,106,-381.8,-12.7,12.22,-1.962,34.67,-24.9,-20.5,56.16,44.45,-40.54,-9.268,37.61,120.6,-35.63,-20.04,4.897,27.36,-29.77,105.5,-1.464,-30.26,0.4534,21.03,-17.65,5.817,21.03,0.5337,-0.02741,0.8361,0.1983,-0.6369,0.1896,0.6893,-0.4494,0.237,0.4126,-0.516,0.1502,-0.4851,-0.5272,-0.5141,-0.6767,-0.2782,-0.568,-0.4628,-0.514,-0.5702,0.7469,-0.1167,0.6501,0.6031,-0.0495,0.7943,0.4733,-0.6158,0.4533,0.5492,-0.5708,0.4233,0.04029,-0.2868,0.06287,-0.5572,-0.5198,-0.4667,-0.5555,-0.5407,-0.4956,-0.08594,-0.2549,-0.187
13.6,0.2972,-0.1391,4.18,2.501,-0.4065,1.412,7.203,-4.896,9.596,4.817,9.119,-3.655,-3.039,-3.146,-56.58,-31.84,2.691,1.156,5.172,-2.193,47.37,40.39,0.05597,2.468,0.6488,-1.646,8.513,3.424,-1.144,5.128,-5.92,-0.275,-0.3077,-0.3324,-1.276,-6.174,-77.42,-3.7,-1.236,-20.95,6.522,2.18,-20.67,13.72,2.229,21.77,5.977,16.06,-109.4,-5.236,5.507,-109.9,-10.11,5.571,-159.5,-3.472,13.5,-78.87,-1.219,-0.7979,-83.06,-0.9674,-0.5898,-91.57,-0.893,0.1932,-91.6,0.2474,-2.885,-90.02,-5.599,-2.717,-79.66,1.435,1.144,-79.72,-3.694,0.2072,-85.91,-3.923,0.3013,40.52,-8.302,38.09,-16.12,106,-37.6,88.88,-229.5,20.02,64.45,-459.5,-105,26.37,-4.401,28.32,-41.03,-128.4,-56.64,85.92,-342.3,-7.819,9.748,-20.51,49.32,-22.96,-44.43,42.96,27.83,-24.41,-13.68,61.54,80.55,-32.21,-30.4,0.9181,12.14,14.17,121.1,65.92,6.825,-35.64,17.08,1.912,-4.912,14.14,0.5338,-0.02802,0.8359,0.2014,-0.6363,0.1912,0.6909,-0.449,0.2353,0.4159,-0.5132,0.1486,-0.4851,-0.5272,-0.5156,-0.6757,-0.2774,-0.57,-0.4606,-0.5144,-0.5716,0.7467,-0.1174,0.6501,0.6025,-0.04987,0.7948,0.4725,-0.6162,0.4536,0.549,-0.5709,0.4236,0.04016,-0.2866,0.06293,-0.5571,-0.5206,-0.4668,-0.5561,-0.5401,-0.4954,-0.08545,-0.2543,-0.1871
13.61,0.2241,-0.1681,4.197,2.443,-0.3383,1.463,7.356,-4.907,9.579,4.929,9.063,-3.854,-3.156,-3.083,-56.11,-31.8,2.801,1.318,5.557,-2.151,47.17,40.24,0.07682,2.41,0.6974,-1.738,8.592,3.419,-1.127,4.909,-5.836,-0.2913,-0.27,-0.4322,-1.312,-6.206,-77.3,-3.644,-1.224,-21.31,6.626,2.066,-21.04,13.98,2.115,21.58,6.105,16.56,-109.3,-5.388,5.535,-109.7,-10.27,5.601,-159.6,-3.681,13.61,-78.81,-1.224,-0.8535,-83.01,-1.047,-0.6103,-91.6,-0.9461,0.2312,-91.63,0.1789,-2.85,-90.02,-5.582,-2.723,-79.62,1.293,1.207,-79.68,-3.616,0.2356,-85.9,-3.858,0.2255,29.77,-18.56,24.91,-0.4847,122.1,-28.32,96.2,-247.6,27.35,45.39,-451.7,-96.19,42.96,-4.401,30.76,-45.89,-120.1,-59.57,73.25,-314.4,-3.909,18.56,-39.07,52.73,-6.834,-57.63,49.81,16.13,1.945,-46.88,34.69,55.14,-26.86,-17.04,5.815,19.52,66.92,94.73,95.2,28.32,-36.63,31.75,-11.18,5.429,22.99,0.5341,-0.0285,0.8356,0.2037,-0.6364,0.1924,0.6922,-0.4489,0.2344,0.4194,-0.5101,0.1472,-0.485,-0.5271,-0.5169,-0.6751,-0.2762,-0.5716,-0.4589,-0.5145,-0.5729,0.7466,-0.1182,0.6501,0.6019,-0.05024,0.7952,0.4725,-0.616,0.4543,0.5488,-0.5709,0.4242,0.04022,-0.2865,0.06293,-0.5572,-0.5212,-0.4673,-0.5567,-0.5397,-0.4951,-0.0849,-0.2537,-0.1873
13.62,0.166,-0.2136,4.209,2.373,-0.2718,1.532,7.477,-4.882,9.495,5.051,8.935,-4.047,-3.266,-3.034,-55.74,-31.79,2.923,1.463,6.067,-2.06,47.1,40.17,0.1262,2.319,0.7327,-1.799,8.714,3.373,-1.036,4.67,-5.717,-0.3064,-0.2308,-0.5104,-1.391,-6.21,-77.17,-3.582,-1.221,-21.55,6.689,1.908,-21.3,14.16,1.954,21.37,6.224,17.09,-109.1,-5.524,5.566,-109.6,-10.38,5.632,-159.5,-3.857,13.63,-78.75,-1.234,-0.9144,-82.96,-1.117,-0.6205,-91.68,-0.9623,0.2611,-91.7,0.07233,-2.809,-90.02,-5.568,-2.728,-79.61,1.131,1.247,-79.67,-3.539,0.2624,-85.9,-3.793,0.1673,35.66,-4.393,1.461,11.72,106,-13.67,108.4,-251.9,51.27,19.05,-436,-83.5,49.8,-8.307,28.81,-34.68,-123.5,-58.59,83.01,-268.1,-26.86,7.311,-54.7,56.15,-4.89,-49.79,51.75,28.82,34.18,-49.32,4.846,18.07,-37.12,-36.08,8.263,19.52,70.78,65.43,42.97,32.19,-3.446,42.47,11.76,53.65,17.54,0.5346,-0.02912,0.8351,0.2051,-0.6371,0.1931,0.6933,-0.4489,0.2343,0.4231,-0.5066,0.146,-0.4849,-0.527,-0.5182,-0.6748,-0.2747,-0.5731,-0.458,-0.5139,-0.574,0.7465,-0.1189,0.6502,0.6014,-0.05054,0.7955,0.4731,-0.6153,0.4551,0.5486,-0.5708,0.4252,0.04028,-0.2863,0.06293,-0.5575,-0.5213,-0.4683,-0.5572,-0.5395,-0.4947,-0.08448,-0.2531,-0.1873
13.63,0.1029,-0.2463,4.213,2.342,-0.2314,1.605,7.569,-4.823,9.397,5.119,8.805,-4.17,-3.337,-2.98,-55.57,-31.79,3.013,1.583,6.632,-1.965,47.25,40.2,0.1899,2.208,0.7537,-1.799,8.892,3.317,-0.9168,4.426,-5.611,-0.3216,-0.207,-0.5698,-1.526,-6.207,-77.05,-3.545,-1.223,-21.61,6.704,1.769,-21.37,14.27,1.813,21.13,6.345,17.59,-109,-5.627,5.563,-109.5,-10.43,5.629,-159.4,-4.012,13.56,-78.7,-1.23,-0.9558,-82.91,-1.176,-0.6247,-91.81,-0.9542,0.2797,-91.83,-0.03807,-2.779,-90.02,-5.568,-2.736,-79.62,0.962,1.232,-79.68,-3.463,0.2932,-85.9,-3.73,0.1314,16.13,-3.418,9.769,27.84,60.05,11.23,116.2,-204.6,52.74,5.862,-428.2,-78.12,41.98,5.378,39.55,-44.93,-138.7,-59.57,79.12,-265.1,-37.11,0,-72.27,55.66,-24.41,-62.99,60.54,9.784,42.49,-33.68,17.62,-18.57,-17.1,-29.4,23.41,27.82,31.75,16.61,0.4722,6.825,13.15,68.34,-21.47,58.04,22.99,0.5348,-0.02973,0.8348,0.2055,-0.6379,0.1931,0.6943,-0.4491,0.2348,0.4268,-0.5031,0.145,-0.4849,-0.5267,-0.5192,-0.6748,-0.273,-0.5742,-0.458,-0.5125,-0.5752,0.7464,-0.1195,0.6501,0.601,-0.05078,0.7958,0.4739,-0.6146,0.4558,0.5487,-0.5705,0.4264,0.04034,-0.2863,0.06293,-0.558,-0.521,-0.4699,-0.5575,-0.5393,-0.4942,-0.08423,-0.2525,-0.1873
13.64,0.04675,-0.2555,4.201,2.321,-0.2204,1.715,7.63,-4.742,9.288,5.168,8.684,-4.265,-3.347,-2.93,-55.55,-31.81,3.037,1.687,7.195,-1.844,47.6,40.33,0.2579,2.112,0.769,-1.779,9.065,3.256,-0.8004,4.221,-5.513,-0.3259,-0.1994,-0.5903,-1.658,-6.209,-76.9,-3.513,-1.236,-21.49,6.674,1.68,-21.26,14.3,1.722,20.88,6.481,18.05,-108.9,-5.712,5.545,-109.4,-10.43,5.611,-159.2,-4.156,13.43,-78.66,-1.223,-0.9776,-82.86,-1.226,-0.634,-91.93,-0.9346,0.2861,-91.95,-0.137,-2.745,-90.02,-5.561,-2.721,-79.63,0.8194,1.193,-79.69,-3.402,0.3224,-85.91,-3.671,0.134,10.75,-13.67,11.72,-11.72,14.65,14.16,99.6,-125,57.13,15.62,-412.6,-63.97,39.06,23.93,49.8,-52.73,-143.1,-75.2,57.63,-263.2,-42.97,-0.4874,-63.48,65.91,-40.04,-52.74,65.43,-25.87,21.97,-8.316,15.15,-83,53.72,-29.73,-51.72,22.44,21.99,-20.05,20.02,10.69,-15.6,18.05,-55.73,3.361,77.66,0.535,-0.03052,0.8345,0.2047,-0.6387,0.1925,0.695,-0.4494,0.2358,0.4305,-0.5,0.1443,-0.4849,-0.5263,-0.5202,-0.6751,-0.2711,-0.5751,-0.4586,-0.5104,-0.5766,0.7464,-0.1198,0.65,0.6006,-0.05109,0.796,0.4745,-0.6141,0.4561,0.5489,-0.5702,0.4275,0.04022,-0.2863,0.06293,-0.5583,-0.5205,-0.4715,-0.5579,-0.5392,-0.4938,-0.0843,-0.252,-0.1872
13.65,0.009685,-0.2729,4.165,2.344,-0.2118,1.855,7.606,-4.618,9.199,5.156,8.588,-4.29,-3.348,-2.871,-55.61,-31.82,3.015,1.754,7.756,-1.741,48.05,40.52,0.2919,2.001,0.7643,-1.776,9.289,3.214,-0.6812,4.033,-5.41,-0.3747,-0.1816,-0.6107,-1.828,-6.236,-76.74,-3.516,-1.257,-21.27,6.634,1.591,-21.05,14.24,1.631,20.62,6.609,18.42,-108.7,-5.777,5.493,-109.2,-10.37,5.556,-158.8,-4.262,13.24,-78.64,-1.206,-1.005,-82.8,-1.246,-0.6433,-92.1,-0.9219,0.2736,-92.11,-0.2398,-2.711,-90.02,-5.555,-2.721,-79.61,0.6913,1.173,-79.67,-3.34,0.3711,-85.92,-3.653,0.1621,38.08,-16.11,3.415,-42.96,-3.907,12.7,72.76,-75.68,62.5,23.45,-391.1,-54.2,32.22,18.07,38.09,-60.54,-148.4,-75.2,39.54,-266.1,-45.42,-2.924,-51.75,58.6,-20.01,-15.62,52.74,-17.56,15.12,-10.73,25.38,-47.37,18.09,-6.682,-41.01,-1.537,42.5,-42.94,45.9,44.93,-42.44,44.4,-22.5,-19.52,45.45,0.5349,-0.03143,0.8344,0.2036,-0.6396,0.1916,0.6951,-0.4499,0.2373,0.4338,-0.4972,0.144,-0.4851,-0.5256,-0.5213,-0.6759,-0.2689,-0.5756,-0.4601,-0.5078,-0.578,0.7465,-0.1201,0.6499,0.6004,-0.05145,0.7961,0.4746,-0.6141,0.456,0.5492,-0.5697,0.4287,0.04022,-0.2862,0.06293,-0.5585,-0.5202,-0.4728,-0.5584,-0.539,-0.4933,-0.08454,-0.2519,-0.1871
13.66,-0.04943,-0.2741,4.125,2.425,-0.2162,2.009,7.565,-4.493,9.08,5.112,8.462,-4.266,-3.341,-2.828,-55.65,-31.81,3.008,1.785,8.257,-1.626,48.48,40.71,0.3182,1.896,0.7729,-1.806,9.485,3.178,-0.5762,3.849,-5.31,-0.432,-0.1306,-0.6244,-1.964,-6.271,-76.56,-3.546,-1.289,-21.07,6.566,1.452,-20.87,14.13,1.488,20.37,6.711,18.67,-108.5,-5.822,5.433,-109,-10.3,5.493,-158.4,-4.329,13.02,-78.62,-1.159,-1.031,-82.74,-1.26,-0.6676,-92.23,-0.9103,0.2591,-92.24,-0.3369,-2.666,-90.02,-5.547,-2.741,-79.59,0.5729,1.172,-79.64,-3.278,0.4128,-85.93,-3.642,0.1921,14.66,-19.04,43.95,-31.75,-6.833,-0.4902,44.91,-55.67,101.1,22.45,-364.2,-59.57,11.71,2.929,7.326,-62.02,-143.1,-67.88,21.98,-282.2,-49.31,-14.17,-23.44,67.38,-7.816,9.286,16.12,-27.83,4.377,-14.16,-9.769,-24.91,-0.4964,-16.04,17.6,4.458,66.42,-44.9,48.36,43.91,-29.74,2.418,-12.65,-8.79,6.8,0.5346,-0.03247,0.8343,0.2022,-0.6409,0.1908,0.6947,-0.4508,0.2387,0.4364,-0.4951,0.1442,-0.4855,-0.5246,-0.5225,-0.6767,-0.2667,-0.5761,-0.4621,-0.5049,-0.5794,0.7467,-0.1204,0.6496,0.6003,-0.05194,0.7962,0.4743,-0.6145,0.4555,0.5493,-0.5693,0.4299,0.04041,-0.2862,0.06293,-0.5586,-0.5202,-0.4737,-0.5589,-0.5387,-0.4929,-0.08478,-0.2518,-0.187
13.67,-0.154,-0.2744,4.052,2.532,-0.2239,2.197,7.539,-4.332,8.89,5.063,8.268,-4.238,-3.312,-2.781,-55.64,-31.83,3.031,1.78,8.65,-1.537,48.86,40.92,0.3248,1.813,0.7696,-1.829,9.66,3.101,-0.5137,3.691,-5.212,-0.4851,-0.07754,-0.6538,-2.057,-6.304,-76.35,-3.562,-1.326,-20.88,6.456,1.273,-20.71,13.99,1.304,20.15,6.778,18.78,-108.4,-5.854,5.356,-108.8,-10.17,5.413,-158,-4.342,12.77,-78.6,-1.072,-1.059,-82.65,-1.278,-0.6964,-92.31,-0.9277,0.2323,-92.33,-0.4149,-2.619,-90.02,-5.524,-2.754,-79.57,0.4726,1.16,-79.62,-3.217,0.4587,-85.94,-3.63,0.2091,-16.6,-16.11,57.61,-5.847,-25.89,-6.84,37.1,-54.69,106.4,11.22,-348.1,-54.69,0,-21.48,15.14,-67.87,-140.1,-74.22,27.36,-293.9,-38.57,-10.76,16.12,41.01,1.473,17.1,9.269,-31.23,-17.11,-23.93,-38.08,-11.73,-21.01,2.004,34.12,-4.458,43.44,-41.52,47.36,20.02,-4.897,3.868,-1.912,4.912,11.72,0.5344,-0.03369,0.8342,0.2005,-0.6425,0.1901,0.6938,-0.4522,0.2401,0.4381,-0.4939,0.145,-0.486,-0.5235,-0.5236,-0.6779,-0.2642,-0.5763,-0.4646,-0.5018,-0.5805,0.7472,-0.1207,0.649,0.6001,-0.05261,0.7962,0.4736,-0.6152,0.4549,0.5492,-0.5691,0.4308,0.04053,-0.286,0.06287,-0.5586,-0.5202,-0.4745,-0.5594,-0.5385,-0.4925,-0.0849,-0.2518,-0.1868
13.68,-0.3036,-0.2731,3.994,2.629,-0.2181,2.362,7.482,-4.14,8.651,5.048,8.026,-4.248,-3.27,-2.736,-55.66,-31.87,3.047,1.779,8.901,-1.455,49.24,41.15,0.3084,1.756,0.7811,-1.844,9.813,3.012,-0.4939,3.547,-5.12,-0.5512,-0.04827,-0.6738,-2.115,-6.326,-76.14,-3.526,-1.357,-20.65,6.331,1.109,-20.5,13.81,1.136,19.98,6.801,18.72,-108.2,-5.87,5.283,-108.6,-9.992,5.336,-157.6,-4.328,12.5,-78.56,-0.9441,-1.099,-82.55,-1.302,-0.7366,-92.37,-0.9716,0.2132,-92.38,-0.4797,-2.583,-90.02,-5.495,-2.752,-79.56,0.394,1.13,-79.61,-3.153,0.5012,-85.95,-3.626,0.2333,-29.77,-11.72,25.38,12.69,-33.2,-20.02,44.42,-52.25,80.08,6.828,-322.7,-32.71,-13.66,-42.96,8.302,-75.68,-138.2,-83.01,29.3,-306.6,-39.55,-4.874,33.69,23.93,-9.759,24.41,21.96,-14.16,-39.08,-41.99,-40.54,15.12,-42.96,-60.47,36.11,1.998,-1.929,-30.25,48.36,-16.61,8.342,30.3,0.4411,14.22,-13.15,0.5346,-0.03491,0.8338,0.1986,-0.644,0.1895,0.6924,-0.4539,0.2414,0.4388,-0.4937,0.1464,-0.4865,-0.5224,-0.5246,-0.6792,-0.2614,-0.5762,-0.4673,-0.4988,-0.5814,0.7479,-0.1213,0.6482,0.5999,-0.05341,0.7963,0.4727,-0.6161,0.4544,0.5491,-0.5689,0.4315,0.04053,-0.2857,0.06287,-0.5588,-0.5199,-0.4754,-0.5599,-0.5384,-0.4921,-0.08509,-0.2518,-0.1867
13.69,-0.4689,-0.274,3.956,2.754,-0.2371,2.473,7.387,-3.946,8.432,4.994,7.821,-4.206,-3.19,-2.702,-55.75,-31.93,3.042,1.759,9,-1.393,49.61,41.38,0.2886,1.726,0.8132,-1.84,9.936,2.909,-0.5024,3.442,-5.063,-0.601,-0.0356,-0.6864,-2.109,-6.353,-75.94,-3.514,-1.408,-20.38,6.199,0.9763,-20.25,13.58,0.9982,19.86,6.784,18.5,-108,-5.863,5.188,-108.4,-9.792,5.237,-157.2,-4.294,12.21,-78.48,-0.8103,-1.135,-82.43,-1.335,-0.7704,-92.37,-1.024,0.2229,-92.38,-0.5215,-2.56,-90.03,-5.48,-2.741,-79.54,0.336,1.089,-79.59,-3.104,0.5422,-85.96,-3.622,0.2634,-31.74,-9.278,-3.908,4.877,-32.22,-30.28,58.12,-52.73,83.5,-1.965,-308.6,-7.811,-17.08,-49.8,-1.469,-91.31,-137.2,-69.34,22.46,-313.5,-50.79,-4.387,41.99,10.26,-16.59,16.12,24.91,26.36,-35.64,-39.07,-5.385,17.57,-27.35,-26.39,23.87,19.52,-51.76,-7.832,1.464,-57.67,2.448,28.77,1.029,7.368,-6.352,0.5346,-0.03619,0.8336,0.1967,-0.6454,0.1889,0.6905,-0.456,0.2429,0.4384,-0.4945,0.1481,-0.4869,-0.5213,-0.5254,-0.6807,-0.2586,-0.5759,-0.4701,-0.4958,-0.582,0.7485,-0.1221,0.6472,0.5996,-0.05426,0.7964,0.4716,-0.617,0.454,0.5489,-0.569,0.4318,0.04047,-0.2856,0.06299,-0.5591,-0.5192,-0.4765,-0.5604,-0.5382,-0.4917,-0.08533,-0.2518,-0.1865
13.7,-0.6172,-0.285,3.963,2.909,-0.2547,2.506,7.223,-3.724,8.28,4.877,7.689,-4.089,-3.109,-2.665,-55.91,-32.02,2.987,1.751,8.954,-1.352,49.97,41.62,0.259,1.729,0.8392,-1.829,10.04,2.816,-0.5308,3.375,-5.028,-0.6161,-0.04314,-0.6927,-2.088,-6.401,-75.77,-3.551,-1.454,-20.05,6.074,0.8721,-19.94,13.3,0.8912,19.83,6.738,18.13,-108,-5.832,5.084,-108.3,-9.542,5.129,-156.8,-4.247,11.9,-78.35,-0.6946,-1.168,-82.3,-1.37,-0.7903,-92.35,-1.085,0.242,-92.36,-0.5558,-2.541,-90.04,-5.482,-2.712,-79.51,0.307,1.055,-79.55,-3.068,0.5844,-85.98,-3.594,0.2993,-21.98,-13.67,15.14,0,-17.57,-22.95,66.88,-53.23,65.43,2.931,-286.6,19.53,-30.27,-43.46,2.929,-109.9,-136.2,-79.1,12.71,-304.7,-54.19,-8.286,15.63,-11.73,-24.9,-0.9764,2.922,44.45,-32.23,-19.04,30.77,20.01,-31.71,-33.74,1.989,37.66,-78.6,29.78,-22.95,-71.32,-16.59,-9.751,-15.15,10.73,-9.752,0.5343,-0.03729,0.8336,0.1949,-0.6465,0.1884,0.6883,-0.4582,0.2446,0.4368,-0.4964,0.15,-0.4871,-0.5203,-0.5258,-0.6824,-0.2559,-0.5752,-0.4727,-0.4928,-0.5824,0.749,-0.1232,0.6464,0.5993,-0.05506,0.7965,0.4703,-0.6179,0.4536,0.5486,-0.5692,0.432,0.04022,-0.2856,0.06305,-0.5597,-0.5184,-0.4775,-0.5608,-0.538,-0.4915,-0.08564,-0.2516,-0.1864
13.71,-0.7581,-0.3133,4.006,3.039,-0.259,2.493,7.007,-3.494,8.132,4.751,7.561,-3.964,-3.028,-2.628,-56.11,-32.12,2.889,1.76,8.775,-1.3,50.28,41.85,0.2403,1.764,0.8451,-1.806,10.12,2.736,-0.5819,3.345,-5.024,-0.6107,-0.05038,-0.6974,-2.037,-6.455,-75.62,-3.583,-1.486,-19.71,5.942,0.7867,-19.61,12.95,0.8028,19.87,6.665,17.61,-107.9,-5.781,4.986,-108.2,-9.262,5.026,-156.5,-4.187,11.56,-78.19,-0.598,-1.2,-82.18,-1.415,-0.7898,-92.3,-1.146,0.2609,-92.31,-0.5653,-2.516,-90.05,-5.49,-2.674,-79.47,0.2997,1.031,-79.51,-3.043,0.6172,-85.99,-3.561,0.3281,-10.75,-22.46,24.91,-4.393,-9.277,-29.3,75.67,-48.34,59.09,-5.862,-284.7,46.38,-44.93,-37.6,2.929,-106.9,-146,-83.49,12.22,-298.8,-52.73,-0.9748,-27.34,-21,-22.46,-23.43,15.62,50.3,-21.49,-2.92,58.61,4.392,3.419,-38.09,-10.25,27.36,-98.17,44.43,11.24,-81.1,-49.78,-14.67,5.441,-1.939,-19.5,0.534,-0.03821,0.8336,0.1932,-0.6475,0.1881,0.6856,-0.4606,0.2467,0.4342,-0.4994,0.1522,-0.4874,-0.5194,-0.526,-0.6841,-0.2532,-0.5743,-0.4754,-0.49,-0.5824,0.7494,-0.1245,0.6457,0.5989,-0.05567,0.7967,0.469,-0.6188,0.4533,0.5482,-0.5694,0.432,0.03992,-0.2857,0.06317,-0.5602,-0.5176,-0.4782,-0.5613,-0.5378,-0.4914,-0.08588,-0.2514,-0.1862
13.72,-0.8623,-0.3545,4.075,3.112,-0.2699,2.456,6.747,-3.246,7.961,4.631,7.414,-3.838,-2.932,-2.599,-56.32,-32.23,2.75,1.793,8.511,-1.238,50.56,42.04,0.2184,1.803,0.8389,-1.779,10.17,2.652,-0.6301,3.328,-5.027,-0.5782,-0.02776,-0.7142,-1.992,-6.489,-75.48,-3.599,-1.518,-19.36,5.796,0.7077,-19.27,12.54,0.7214,19.97,6.57,16.99,-107.9,-5.711,4.887,-108.2,-8.945,4.923,-156.3,-4.118,11.18,-78.01,-0.5411,-1.223,-82.08,-1.461,-0.7672,-92.25,-1.211,0.2901,-92.26,-0.5824,-2.47,-90.05,-5.515,-2.647,-79.45,0.2949,1.027,-79.5,-3.034,0.6566,-86,-3.513,0.3477,-13.68,-28.81,26.86,0.9694,-3.907,-22.95,58.58,-61.04,51.27,-8.293,-264.2,61.03,-47.35,-26.36,20.51,-109.9,-146,-86.43,16.59,-288.6,-52.73,1.95,-66.4,-0.4905,-15.63,-54.2,8.31,26.36,-24.89,-26.85,38.54,8.281,8.328,-4.009,0,-3.843,-62.01,47.87,39.57,-58.58,-63.47,-26.84,6.323,-29.73,5.816,0.5338,-0.03906,0.8335,0.1914,-0.6485,0.1879,0.6826,-0.463,0.249,0.4308,-0.5032,0.1544,-0.4877,-0.5186,-0.526,-0.6859,-0.2508,-0.5729,-0.4779,-0.4871,-0.5821,0.7495,-0.1257,0.6452,0.5985,-0.05603,0.7969,0.4679,-0.6195,0.4532,0.5477,-0.5695,0.4321,0.03967,-0.2858,0.06324,-0.5608,-0.517,-0.4788,-0.5616,-0.5378,-0.4912,-0.08607,-0.251,-0.186
13.73,-0.9408,-0.3959,4.116,3.179,-0.292,2.447,6.44,-2.996,7.809,4.496,7.284,-3.688,-2.846,-2.578,-56.54,-32.35,2.593,1.854,8.168,-1.138,50.75,42.21,0.2217,1.836,0.8227,-1.743,10.25,2.556,-0.6415,3.314,-5.017,-0.5349,-0.01207,-0.7326,-1.964,-6.496,-75.35,-3.631,-1.545,-19.02,5.656,0.6268,-18.95,12.1,0.6377,20.15,6.45,16.28,-107.9,-5.628,4.795,-108.1,-8.612,4.826,-156.1,-4.055,10.77,-77.87,-0.5062,-1.23,-81.97,-1.503,-0.7288,-92.23,-1.245,0.3204,-92.24,-0.6053,-2.426,-90.05,-5.53,-2.618,-79.44,0.2876,1.028,-79.49,-3.026,0.6894,-86.01,-3.46,0.3555,-30.28,-27.34,45.91,-9.27,-3.425,-38.09,45.89,-71.77,50.79,8.293,-241.7,75.2,-45.91,-20.51,20.99,-111.3,-146.5,-80.08,21.98,-286.1,-58.1,2.437,-70.31,-1.962,3.908,-112.3,18.56,-28.82,-28.34,-37.1,-21,-11.73,43.46,-28.4,-18.52,0.9223,-12.68,20.05,49.82,-5.915,-44.88,-41.5,-10.29,-30.77,11.27,0.5335,-0.03986,0.8335,0.1897,-0.6495,0.1877,0.6795,-0.4653,0.2517,0.4265,-0.5077,0.1567,-0.4879,-0.5178,-0.5259,-0.6877,-0.2487,-0.5711,-0.4803,-0.4843,-0.5816,0.7495,-0.1267,0.6448,0.5982,-0.05628,0.7971,0.4672,-0.6199,0.4531,0.5473,-0.5695,0.4323,0.03943,-0.286,0.06336,-0.5615,-0.5162,-0.4795,-0.5617,-0.5379,-0.491,-0.08619,-0.2506,-0.1859
13.74,-1.006,-0.4292,4.137,3.192,-0.3398,2.478,6.089,-2.747,7.634,4.375,7.122,-3.553,-2.777,-2.56,-56.75,-32.48,2.422,1.931,7.765,-1.031,50.91,42.31,0.2381,1.858,0.7872,-1.7,10.33,2.441,-0.6273,3.298,-4.997,-0.497,-3.02E-04,-0.7851,-1.965,-6.472,-75.22,-3.623,-1.568,-18.67,5.532,0.5452,-18.61,11.62,0.554,20.36,6.315,15.49,-107.8,-5.517,4.694,-108.1,-8.255,4.722,-155.9,-3.986,10.32,-77.77,-0.4842,-1.206,-81.89,-1.542,-0.6681,-92.23,-1.262,0.3513,-92.24,-0.6357,-2.393,-90.06,-5.541,-2.596,-79.47,0.2719,1.045,-79.52,-3.026,0.7369,-86.01,-3.417,0.3451,-47.36,-36.14,53.23,-21.48,-4.888,-41.02,56.65,-79.1,51.27,17.59,-248.5,78.12,-40.54,-17.1,22.94,-104,-139.2,-62.01,15.62,-272.5,-69.83,0.4874,-74.7,26.36,1.944,-79.58,16.12,-44.94,-11.23,7.808,-57.61,8.783,49.3,-11.36,-31.68,-5.38,45.42,-3.916,1.464,50.27,-4.897,-33.2,-11.76,-15.64,14.67,0.5335,-0.04065,0.8334,0.1881,-0.6504,0.1875,0.6763,-0.4675,0.2547,0.4217,-0.5126,0.1591,-0.4883,-0.517,-0.5256,-0.6895,-0.247,-0.569,-0.4825,-0.4815,-0.5807,0.7495,-0.1273,0.6446,0.5979,-0.05628,0.7972,0.4668,-0.62,0.4532,0.5471,-0.5695,0.4326,0.03925,-0.286,0.06342,-0.5625,-0.5153,-0.4803,-0.5618,-0.5382,-0.4906,-0.08613,-0.2502,-0.1859
13.75,-1.078,-0.4414,4.142,3.176,-0.4007,2.532,5.671,-2.504,7.434,4.284,6.928,-3.441,-2.722,-2.559,-56.99,-32.61,2.23,2.027,7.361,-0.9048,51.06,42.37,0.2711,1.867,0.7411,-1.651,10.42,2.35,-0.5762,3.289,-4.932,-0.4515,0.02323,-0.8371,-1.995,-6.454,-75.09,-3.573,-1.59,-18.31,5.424,0.4635,-18.26,11.1,0.4703,20.6,6.159,14.68,-107.8,-5.383,4.601,-108,-7.879,4.624,-155.8,-3.91,9.849,-77.69,-0.4493,-1.169,-81.82,-1.576,-0.6153,-92.24,-1.26,0.3597,-92.25,-0.6833,-2.354,-90.05,-5.526,-2.583,-79.49,0.249,1.047,-79.54,-3.039,0.7815,-86.01,-3.381,0.3333,-23.92,-36.14,39.06,-14.15,-2.444,-56.16,65.44,-94.72,22.46,37.1,-236.8,76.66,-28.32,-14.65,20.51,-92.27,-122.6,-70.8,18.05,-259.3,-63.47,-7.798,-66.4,21.49,-14.16,-54.2,39.54,-35.16,12.2,25.87,-39.54,54.71,30.28,-18.04,-21.42,-2.459,59.09,-31.26,-72.25,57.67,18.59,-3.385,-22.5,-13.19,12.7,0.5338,-0.04145,0.833,0.1867,-0.6514,0.1872,0.6728,-0.4697,0.2582,0.4165,-0.5177,0.1615,-0.4888,-0.5162,-0.5251,-0.6913,-0.2456,-0.5664,-0.4845,-0.4789,-0.5794,0.7497,-0.1276,0.6443,0.5977,-0.05628,0.7973,0.4666,-0.6202,0.4531,0.5468,-0.5695,0.4331,0.03913,-0.2859,0.06336,-0.5635,-0.5143,-0.4812,-0.5619,-0.5385,-0.4904,-0.08606,-0.2499,-0.1859
13.76,-1.132,-0.4377,4.129,3.139,-0.4671,2.605,5.202,-2.246,7.21,4.198,6.71,-3.333,-2.664,-2.558,-57.19,-32.76,2.012,2.126,6.978,-0.7845,51.2,42.38,0.2897,1.873,0.7114,-1.583,10.45,2.289,-0.5336,3.284,-4.861,-0.4191,0.06577,-0.8754,-1.963,-6.466,-74.96,-3.506,-1.62,-17.97,5.318,0.3712,-17.94,10.52,0.3761,20.83,5.993,13.85,-107.8,-5.241,4.494,-108,-7.48,4.513,-155.8,-3.824,9.361,-77.64,-0.42,-1.133,-81.75,-1.598,-0.5817,-92.21,-1.263,0.3652,-92.21,-0.7309,-2.315,-90.05,-5.505,-2.582,-79.48,0.2345,1.012,-79.53,-3.049,0.805,-86.02,-3.354,0.3156,3.912,-46.87,13.68,-3.908,-1.945,-64.45,64.95,-91.32,9.771,58.12,-213.9,94.24,-5.37,-7.812,28.81,-70.32,-106.9,-73.24,30.76,-230,-85.45,-2.924,-54.21,24.91,-10.25,-23.93,41.02,-36.14,6.367,17.58,-21.46,84.44,2.427,-25.06,7.804,-2.92,28.33,-55.16,-83.96,30.71,32.19,-13.22,-30.29,-6.851,21.47,0.5342,-0.0423,0.8326,0.1854,-0.6523,0.1871,0.6692,-0.4718,0.2622,0.4112,-0.5227,0.1641,-0.4893,-0.5153,-0.5246,-0.6931,-0.2443,-0.5636,-0.4865,-0.4764,-0.5779,0.7498,-0.1278,0.6441,0.5975,-0.0564,0.7974,0.4662,-0.6205,0.4528,0.5463,-0.5698,0.4334,0.03912,-0.2857,0.06336,-0.5643,-0.513,-0.4824,-0.562,-0.5386,-0.4903,-0.08594,-0.2496,-0.1859
13.77,-1.19,-0.4401,4.086,3.108,-0.5134,2.705,4.673,-1.992,6.994,4.09,6.498,-3.191,-2.609,-2.564,-57.37,-32.93,1.779,2.228,6.606,-0.6633,51.32,42.36,0.3226,1.873,0.7047,-1.543,10.44,2.25,-0.4655,3.259,-4.774,-0.4136,0.09986,-0.9085,-1.884,-6.505,-74.82,-3.439,-1.655,-17.66,5.224,0.2766,-17.64,9.897,0.2795,21.04,5.804,13,-107.9,-5.068,4.37,-108,-7.055,4.386,-155.8,-3.73,8.839,-77.6,-0.3849,-1.123,-81.67,-1.619,-0.5689,-92.12,-1.251,0.3687,-92.13,-0.7842,-2.274,-90.05,-5.476,-2.566,-79.44,0.2151,0.9835,-79.49,-3.045,0.8289,-86.02,-3.342,0.3071,17.59,-44.92,11.72,28.33,-2.926,-70.31,77.63,-69.33,-7.322,97.18,-203.1,100.6,9.765,-7.331,11.23,-54.19,-96.69,-70.32,40.51,-206.5,-80.57,10.24,-25.4,10.26,-10.74,-2.452,39.06,-28.82,0,5.872,-32.69,37.58,-50.3,-8.352,28.31,-0.4611,-3.418,-82.04,-61.01,-14.1,12.69,23.93,-12.65,-19.52,11.27,0.5346,-0.04321,0.8321,0.1843,-0.6533,0.187,0.6655,-0.4735,0.2667,0.4058,-0.5277,0.1669,-0.4898,-0.5143,-0.5239,-0.6951,-0.2431,-0.5605,-0.4883,-0.474,-0.576,0.75,-0.1279,0.6438,0.5973,-0.0567,0.7975,0.4655,-0.6209,0.4524,0.5455,-0.5702,0.4335,0.039,-0.2855,0.06336,-0.5649,-0.5122,-0.4833,-0.5623,-0.5384,-0.4903,-0.08588,-0.2495,-0.1859
13.78,-1.237,-0.4437,4.037,3.075,-0.5379,2.803,4.131,-1.728,6.78,3.972,6.291,-3.035,-2.547,-2.567,-57.53,-33.1,1.57,2.325,6.23,-0.5227,51.46,42.33,0.3501,1.888,0.7327,-1.56,10.39,2.239,-0.3945,3.262,-4.685,-0.4028,0.1349,-0.9484,-1.752,-6.58,-74.69,-3.372,-1.684,-17.37,5.121,0.1904,-17.36,9.252,0.1923,21.2,5.571,12.14,-107.9,-4.882,4.242,-108,-6.605,4.255,-155.9,-3.616,8.279,-77.57,-0.3535,-1.128,-81.59,-1.634,-0.5713,-91.99,-1.234,0.3904,-92,-0.8394,-2.227,-90.06,-5.449,-2.54,-79.37,0.2151,0.9979,-79.43,-3.045,0.8585,-86.02,-3.328,0.3006,26.85,-41.5,16.11,34.17,-1.463,-79.59,97.18,-39.55,-22.94,126,-181.2,110.3,20.5,-13.19,7.326,-39.08,-88.38,-61.04,50.3,-180.2,-78.62,10.24,0,21,0,9.286,29.79,-11.21,2.918,-10.73,-23.92,-23.9,-56.64,-14.7,37.18,-1.537,-19.51,-81.56,-30.27,-17.63,-1.995,10.23,-15.59,5.429,21.03,0.535,-0.04407,0.8317,0.1832,-0.6541,0.1871,0.6617,-0.4752,0.2713,0.4002,-0.5323,0.1703,-0.4903,-0.5133,-0.5231,-0.6971,-0.2419,-0.5573,-0.4903,-0.4715,-0.5738,0.7501,-0.1282,0.6436,0.5972,-0.05713,0.7975,0.4648,-0.6213,0.4519,0.5445,-0.5709,0.4335,0.03882,-0.2852,0.06348,-0.5652,-0.5119,-0.4834,-0.5627,-0.5382,-0.4904,-0.08582,-0.2494,-0.1858
13.79,-1.294,-0.4513,3.986,3.046,-0.5494,2.916,3.51,-1.428,6.582,3.843,6.098,-2.875,-2.496,-2.554,-57.65,-33.3,1.369,2.399,5.887,-0.404,51.59,42.28,0.394,1.916,0.7785,-1.612,10.35,2.223,-0.3406,3.264,-4.607,-0.3952,0.1463,-1.011,-1.63,-6.638,-74.56,-3.308,-1.715,-17.11,5.035,0.1022,-17.11,8.545,0.1032,21.34,5.281,11.27,-108,-4.705,4.099,-108.1,-6.129,4.108,-156,-3.474,7.71,-77.55,-0.3211,-1.149,-81.51,-1.66,-0.5842,-91.87,-1.211,0.4187,-91.88,-0.868,-2.188,-90.06,-5.409,-2.499,-79.31,0.2163,1.038,-79.36,-3.047,0.8954,-86.02,-3.314,0.2764,14.66,-35.15,21.97,47.87,1.463,-79.59,117.7,-6.829,-31.74,159.7,-151.9,120.6,32.72,-19.53,11.23,-2.941,-70.31,-59.57,57.63,-158.2,-61.52,7.311,21.49,13.18,10.25,8.31,21.48,-16.13,-12.69,-32.72,-7.846,-68.82,-59.07,-22.38,43,18.14,-12.18,-63.94,18.56,-12.17,-13.69,9.751,-11.18,5.429,3.937,0.5354,-0.04499,0.8312,0.1824,-0.6549,0.1872,0.6575,-0.4768,0.2763,0.3945,-0.5366,0.1741,-0.4906,-0.5124,-0.5223,-0.6993,-0.2406,-0.5539,-0.4923,-0.4691,-0.5714,0.7502,-0.1285,0.6434,0.597,-0.05762,0.7976,0.464,-0.6217,0.4514,0.5436,-0.5715,0.4334,0.03852,-0.2849,0.0636,-0.5652,-0.5124,-0.483,-0.5632,-0.538,-0.4904,-0.08564,-0.2493,-0.1859
13.8,-1.355,-0.4609,3.94,3.02,-0.558,3.012,2.852,-1.12,6.384,3.733,5.898,-2.719,-2.458,-2.561,-57.74,-33.49,1.246,2.473,5.574,-0.2714,51.73,42.23,0.4137,1.958,0.811,-1.668,10.39,2.155,-0.3009,3.278,-4.53,-0.392,0.1343,-1.057,-1.579,-6.662,-74.42,-3.241,-1.746,-16.89,4.96,0.000763,-16.89,7.812,7.79E-04,21.42,4.899,10.41,-108,-4.519,3.97,-108.1,-5.636,3.977,-156,-3.307,7.124,-77.51,-0.2838,-1.173,-81.43,-1.683,-0.5983,-91.82,-1.21,0.4383,-91.83,-0.9098,-2.144,-90.07,-5.376,-2.437,-79.29,0.2345,1.08,-79.35,-3.043,0.9331,-86.02,-3.303,0.2699,-16.6,-39.06,50.29,44.93,-7.332,-73.24,111.3,-17.08,-20.02,183.1,-122.6,113.3,35.17,-36.13,11.71,7.804,-69.83,-42.97,69.81,-146,-46.39,4.387,7.314,2.921,7.816,-0.499,5.867,1.966,-19.06,-38.56,10.23,-86.89,-37.12,-15.03,6.886,3.843,-21,-28.83,61.53,-22.41,-24.39,24.9,12.21,31.28,0,0.5358,-0.0459,0.8308,0.1816,-0.6557,0.1873,0.6531,-0.4784,0.2814,0.3885,-0.5403,0.1785,-0.4911,-0.5114,-0.5214,-0.7015,-0.2392,-0.5504,-0.4946,-0.4667,-0.5688,0.7504,-0.1289,0.6431,0.5967,-0.05817,0.7977,0.4632,-0.6221,0.451,0.5431,-0.5717,0.4336,0.03803,-0.2846,0.06378,-0.565,-0.5129,-0.4823,-0.5634,-0.538,-0.4903,-0.08558,-0.2492,-0.1858
13.81,-1.444,-0.483,3.919,2.961,-0.5646,3.108,2.155,-0.7544,6.145,3.66,5.651,-2.628,-2.429,-2.551,-57.78,-33.69,1.209,2.54,5.276,-0.1518,51.85,42.16,0.4488,2.013,0.8188,-1.739,10.5,2.081,-0.264,3.292,-4.443,-0.3573,0.1086,-1.095,-1.588,-6.666,-74.27,-3.128,-1.783,-16.7,4.895,-0.1141,-16.7,7.051,-0.1145,21.47,4.417,9.537,-108,-4.362,3.833,-108.1,-5.114,3.837,-156.1,-3.121,6.524,-77.45,-0.2349,-1.206,-81.35,-1.724,-0.6067,-91.85,-1.215,0.4411,-91.86,-0.9498,-2.103,-90.1,-5.33,-2.369,-79.29,0.2478,1.142,-79.35,-3.043,0.9729,-86.03,-3.265,0.2666,-22.93,-36.14,57.14,50.77,-13.18,-66.4,114.2,-24.41,-42.49,185.5,-99.12,111.8,20.03,-41.99,11.23,8.299,-46.39,-34.18,79.61,-130.4,-44.43,8.286,-7.314,-2.431,9.759,0.9764,0.9817,28.82,-42.98,-43.45,45.92,-80.05,-26.86,-33.74,-10.71,29.36,-16.59,12.22,74.23,-32.19,-28.84,44.89,-13.23,10.73,6.8,0.5366,-0.04694,0.8301,0.1809,-0.6567,0.1873,0.6484,-0.4798,0.2865,0.3821,-0.5435,0.1835,-0.4914,-0.5105,-0.5207,-0.7039,-0.2375,-0.5468,-0.497,-0.4643,-0.5659,0.7506,-0.1295,0.6427,0.5964,-0.0586,0.7978,0.4627,-0.6225,0.4507,0.5429,-0.5716,0.4341,0.03754,-0.2841,0.06409,-0.565,-0.5133,-0.4817,-0.5636,-0.5382,-0.49,-0.08558,-0.2489,-0.1857
13.82,-1.523,-0.496,3.935,2.863,-0.5918,3.182,1.452,-0.3422,5.878,3.609,5.373,-2.582,-2.398,-2.525,-57.79,-33.9,1.256,2.582,4.982,-0.05313,51.97,42.12,0.4741,2.059,0.8085,-1.785,10.6,1.986,-0.2498,3.292,-4.392,-0.3368,0.1162,-1.135,-1.635,-6.635,-74.12,-2.991,-1.82,-16.54,4.826,-0.2358,-16.55,6.278,-0.2367,21.47,3.845,8.659,-108.1,-4.231,3.695,-108.1,-4.573,3.697,-156.1,-2.9,5.929,-77.38,-0.1966,-1.217,-81.29,-1.765,-0.6023,-91.9,-1.23,0.4402,-91.91,-0.9822,-2.037,-90.11,-5.311,-2.314,-79.33,0.2538,1.192,-79.39,-3.039,1.024,-86.04,-3.234,0.2725,-10.75,-40.53,36.61,42.96,-39.07,-52.24,109.4,-48.34,-25.88,187.5,-58.1,97.66,17.58,-30.27,19.04,11.71,-40.53,-38.08,75.68,-123.5,-22.95,8.773,-23.44,-10.26,-12.21,-17.57,4.383,38.55,-53.23,-37.61,53.23,-41.03,7.831,-23.39,-1.989,22.9,-8.323,32.21,50.29,-20.02,-27.38,42.47,-9.264,8.79,18.07,0.5375,-0.04798,0.8293,0.1802,-0.6576,0.1875,0.6437,-0.4812,0.2918,0.3754,-0.5462,0.1891,-0.4915,-0.5097,-0.5201,-0.7065,-0.2356,-0.5431,-0.4996,-0.4619,-0.563,0.7507,-0.13,0.6424,0.5961,-0.05884,0.798,0.4624,-0.6228,0.4505,0.5428,-0.5712,0.4348,0.03711,-0.2839,0.06427,-0.5654,-0.5133,-0.4815,-0.5636,-0.5386,-0.4896,-0.08564,-0.2486,-0.1856
13.83,-1.568,-0.5171,3.952,2.73,-0.6204,3.264,0.7521,0.1233,5.606,3.581,5.08,-2.564,-2.382,-2.503,-57.74,-34.13,1.402,2.654,4.689,0.03468,52.05,42.09,0.484,2.075,0.7872,-1.805,10.73,1.875,-0.2356,3.281,-4.342,-0.2989,0.1068,-1.178,-1.698,-6.587,-73.98,-2.844,-1.852,-16.43,4.762,-0.3712,-16.44,5.515,-0.3718,21.46,3.185,7.782,-108.2,-4.11,3.574,-108.2,-3.987,3.573,-156.2,-2.67,5.322,-77.31,-0.1841,-1.221,-81.24,-1.796,-0.582,-91.98,-1.251,0.446,-91.98,-1.016,-1.978,-90.13,-5.293,-2.251,-79.39,0.2381,1.232,-79.45,-3.043,1.08,-86.06,-3.196,0.2777,15.14,-41.5,-7.816,37.11,-65.44,-41.02,93.26,-65.43,-9.771,165,-30.28,83.98,6.343,-8.307,35.15,19.04,-31.25,-21.49,87.9,-99.6,-17.58,-4.874,-41.99,-3.902,-16.59,-28.31,8.31,17.11,-62.52,-35.17,28.85,6.336,17.59,-21.38,-14.69,7.378,11.74,32.75,11.24,25.93,-9.249,21.03,-21.47,7.756,16.64,0.5385,-0.04901,0.8285,0.1797,-0.6585,0.1876,0.6392,-0.4824,0.2972,0.3683,-0.5484,0.1951,-0.4915,-0.5091,-0.5194,-0.7093,-0.2333,-0.5393,-0.5022,-0.4594,-0.5599,0.7507,-0.1305,0.6423,0.5959,-0.05896,0.7982,0.4621,-0.623,0.4505,0.5428,-0.5708,0.4355,0.03662,-0.2838,0.06452,-0.5658,-0.5132,-0.4817,-0.5636,-0.539,-0.4891,-0.0857,-0.2483,-0.1855
13.84,-1.565,-0.548,3.982,2.605,-0.6545,3.306,0.059,0.6048,5.355,3.551,4.806,-2.52,-2.371,-2.506,-57.65,-34.32,1.613,2.763,4.402,0.139,52.07,42.08,0.4697,2.063,0.7618,-1.794,10.86,1.752,-0.2271,3.273,-4.303,-0.2685,0.09775,-1.221,-1.773,-6.522,-73.86,-2.725,-1.88,-16.41,4.695,-0.5207,-16.41,4.753,-0.5209,21.43,2.466,6.908,-108.2,-3.978,3.474,-108.2,-3.375,3.472,-156.2,-2.443,4.695,-77.23,-0.1921,-1.215,-81.19,-1.798,-0.5444,-92.06,-1.264,0.4642,-92.06,-1.037,-1.927,-90.14,-5.276,-2.197,-79.46,0.226,1.258,-79.53,-3.047,1.149,-86.06,-3.163,0.298,24.43,-41.5,-26.37,26.84,-96.68,-27.83,77.63,-67.87,-5.368,132.3,-7.327,60.55,0,13.19,48.83,8.794,-28.32,-8.787,111.3,-67.88,-14.65,-7.798,-31.24,23.93,-16.59,-39.55,0.4794,-0.4914,-50.8,-4.38,2.923,10.23,42.47,-27.73,-28.31,14.14,51.26,21.94,-3.4,44.93,-3.899,-3.385,-30.73,-3.878,18.07,0.5393,-0.04987,0.8278,0.1793,-0.6595,0.188,0.6349,-0.4832,0.3028,0.361,-0.5502,0.2015,-0.4915,-0.5086,-0.5186,-0.7121,-0.2311,-0.5352,-0.505,-0.4568,-0.5569,0.7506,-0.131,0.6423,0.5958,-0.05896,0.7981,0.4621,-0.6229,0.4507,0.5429,-0.5703,0.4362,0.03619,-0.2836,0.0647,-0.5661,-0.5132,-0.4817,-0.5635,-0.5397,-0.4885,-0.08588,-0.2481,-0.1854
13.85,-1.555,-0.5582,3.985,2.512,-0.7272,3.355,-0.5967,1.089,5.118,3.539,4.559,-2.459,-2.336,-2.549,-57.75,-34.48,1.867,2.905,4.087,0.2825,52.29,42.09,0.4499,2.04,0.7542,-1.772,11,1.592,-0.1958,3.253,-4.261,-0.2653,0.1071,-1.252,-1.85,-6.432,-73.76,-2.633,-1.924,-16.2,4.62,-0.6489,-16.2,4.023,-0.6482,21.4,1.722,6.029,-108.3,-3.843,3.398,-108.2,-2.755,3.394,-156.2,-2.23,4.04,-77.18,-0.1921,-1.187,-81.14,-1.787,-0.5059,-92.15,-1.265,0.4989,-92.15,-1.07,-1.864,-90.15,-5.265,-2.15,-79.57,0.2175,1.273,-79.64,-3.036,1.219,-86.08,-3.143,0.3294,41.99,-39.55,-35.15,20.99,-116.7,-27.83,62.01,-58.6,-1.46,97.65,2.939,45.41,4.396,27.84,38.57,15.64,-42.47,-56.64,120.1,-61.03,-12.21,-15.63,-29.3,9.766,-2.435,-32.22,-2.922,-8.801,-47.84,27.84,-17.62,-10.73,30.77,-30.74,-32.29,0,65.92,4.389,7.32,41.52,1.451,-1.451,-28.38,-8.273,14.67,0.5399,-0.05072,0.8273,0.1789,-0.6604,0.1886,0.631,-0.4837,0.3086,0.3537,-0.5518,0.2081,-0.4917,-0.5082,-0.5177,-0.715,-0.2289,-0.531,-0.508,-0.4537,-0.554,0.7505,-0.1312,0.6423,0.5959,-0.05896,0.798,0.462,-0.6227,0.451,0.5429,-0.5698,0.437,0.03583,-0.2835,0.06488,-0.566,-0.5134,-0.4816,-0.5633,-0.5404,-0.4877,-0.08613,-0.2479,-0.1851
13.86,-1.568,-0.5688,3.968,2.48,-0.7882,3.409,-1.23,1.562,4.915,3.506,4.355,-2.35,-2.286,-2.605,-57.59,-34.61,2.107,3.111,3.755,0.4737,52.26,42.1,0.439,2.01,0.7665,-1.732,11.1,1.46,-0.1618,3.228,-4.22,-0.274,0.1466,-1.283,-1.894,-6.363,-73.67,-2.582,-1.965,-16.28,4.53,-0.7859,-16.26,3.301,-0.7845,21.35,0.9912,5.15,-108.3,-3.695,3.327,-108.2,-2.135,3.322,-156.2,-2.075,3.34,-77.15,-0.1729,-1.168,-81.09,-1.778,-0.4774,-92.2,-1.258,0.5417,-92.2,-1.096,-1.802,-90.16,-5.251,-2.131,-79.65,0.1994,1.26,-79.72,-3.028,1.286,-86.1,-3.139,0.3614,40.52,-29.78,-30.28,7.331,-120.1,-17.09,45.4,-47.84,18.07,83.5,26.85,29.29,10.27,24.91,38.09,11.71,-64.46,-12.69,103.5,-53.22,14.65,-13.2,-18.55,3.412,0.9821,-18.07,0,-8.31,-26.35,57.13,-17.62,8.281,-26.86,-17.04,10.71,10.76,39.08,-8.777,8.311,23.89,42.98,-7.817,-13.23,-8.79,21.47,0.5402,-0.05145,0.827,0.1787,-0.6612,0.1895,0.6273,-0.4839,0.3145,0.3465,-0.5534,0.2149,-0.492,-0.5078,-0.5167,-0.7178,-0.2268,-0.5266,-0.5107,-0.4501,-0.5514,0.7506,-0.1313,0.6421,0.596,-0.05902,0.7979,0.4618,-0.6226,0.4511,0.5428,-0.5694,0.4376,0.03571,-0.2833,0.065,-0.5656,-0.5137,-0.4815,-0.5633,-0.541,-0.487,-0.08637,-0.2479,-0.1849
13.87,-1.592,-0.5866,3.93,2.515,-0.8273,3.464,-1.826,2.064,4.757,3.444,4.203,-2.205,-2.236,-2.649,-57.39,-34.68,2.345,3.366,3.414,0.6767,52.2,42.05,0.4302,1.966,0.7883,-1.718,11.19,1.383,-0.1079,3.17,-4.166,-0.3086,0.1677,-1.296,-1.939,-6.341,-73.61,-2.582,-1.999,-16.42,4.432,-0.9217,-16.39,2.607,-0.9196,21.28,0.2847,4.281,-108.3,-3.566,3.257,-108.2,-1.504,3.252,-156.2,-1.957,2.62,-77.14,-0.1378,-1.164,-81.05,-1.765,-0.4583,-92.24,-1.245,0.5828,-92.24,-1.138,-1.746,-90.17,-5.24,-2.099,-79.68,0.1704,1.264,-79.75,-2.998,1.337,-86.1,-3.139,0.3993,25.89,-23.44,-16.6,6.847,-111.8,-25.39,30.27,-35.65,27.35,76.67,46.88,19.04,2.448,6.835,30.27,5.358,-36.62,30.76,79.61,-50.28,31.26,-0.4874,-14.65,-7.314,12.21,-4.404,-4.383,1.474,-4.863,44.44,-9.308,20.01,-20.02,-14.03,27.39,16.6,11.24,-10.26,0.9917,-1.024,80.07,21.03,2.5,-2.456,3.937,0.5401,-0.052,0.8269,0.1788,-0.6619,0.1908,0.6239,-0.4837,0.3204,0.3395,-0.5548,0.2216,-0.4923,-0.5074,-0.5159,-0.7206,-0.225,-0.522,-0.5132,-0.4464,-0.5488,0.7508,-0.1314,0.6419,0.596,-0.05915,0.7978,0.4617,-0.6224,0.4513,0.5427,-0.5692,0.4383,0.03546,-0.2832,0.06513,-0.5652,-0.5143,-0.4813,-0.5635,-0.5412,-0.4866,-0.08667,-0.248,-0.1848
13.88,-1.639,-0.6032,3.896,2.602,-0.8558,3.509,-2.379,2.605,4.621,3.366,4.085,-2.03,-2.169,-2.687,-57.16,-34.75,2.565,3.661,3.075,0.8873,52.11,41.98,0.4214,1.924,0.8124,-1.735,11.29,1.346,-0.0738,3.112,-4.128,-0.3465,0.1964,-1.324,-1.982,-6.353,-73.55,-2.616,-2.036,-16.6,4.32,-1.051,-16.56,1.941,-1.049,21.2,-0.3847,3.437,-108.3,-3.446,3.183,-108.2,-0.8452,3.177,-156.3,-1.863,1.867,-77.13,-0.08672,-1.175,-81,-1.761,-0.454,-92.3,-1.243,0.6137,-92.3,-1.169,-1.68,-90.19,-5.234,-2.066,-79.68,0.1329,1.285,-79.75,-2.977,1.389,-86.12,-3.149,0.4248,8.302,-21.97,-8.309,14.15,-96.68,-18.07,35.14,-22.47,28.32,76.67,57.13,22.95,2.448,-0.9764,26.37,20.5,-8.787,21.97,67.87,-29.78,14.16,7.798,-12.69,-8.786,6.343,-2.929,-10.25,-0.4914,6.853,13.17,-11.23,10.23,-28.35,-14.7,9.335,0.4611,-13.17,-9.25,-19.03,-6.37,66.92,41.02,-0.4411,23.92,12.7,0.5398,-0.05249,0.8271,0.1792,-0.6625,0.1925,0.6208,-0.4834,0.3262,0.3329,-0.5563,0.2282,-0.4924,-0.507,-0.515,-0.7233,-0.2236,-0.517,-0.5155,-0.4426,-0.5461,0.7511,-0.1315,0.6415,0.5961,-0.05933,0.7978,0.4616,-0.6222,0.4515,0.5426,-0.5688,0.4389,0.03522,-0.2831,0.06531,-0.5648,-0.5149,-0.4811,-0.5638,-0.5413,-0.4862,-0.08686,-0.2481,-0.1847
13.89,-1.687,-0.6306,3.853,2.68,-0.8669,3.56,-2.899,3.171,4.477,3.299,3.957,-1.882,-2.101,-2.712,-56.91,-34.81,2.758,3.966,2.777,1.132,52.03,41.86,0.4291,1.891,0.8524,-1.749,11.36,1.332,-0.02271,3.056,-4.067,-0.3768,0.2049,-1.349,-2.001,-6.393,-73.5,-2.645,-2.066,-16.8,4.198,-1.18,-16.74,1.3,-1.178,21.11,-1.006,2.648,-108.4,-3.347,3.115,-108.2,-0.1803,3.109,-156.4,-1.77,1.078,-77.14,-0.04043,-1.197,-80.96,-1.761,-0.4498,-92.33,-1.227,0.657,-92.33,-1.205,-1.614,-90.2,-5.209,-2.009,-79.65,0.0991,1.302,-79.72,-2.956,1.451,-86.13,-3.151,0.4646,-7.824,-16.11,-10.26,19.54,-80.08,-10.74,33.21,-18.56,37.6,60.55,74.22,17.09,-5.87,-7.812,24.91,49.79,0,21.49,74.71,15.13,21.98,4.874,-15.63,-23.93,5.381,-6.357,10.75,-2.457,27.32,-10.25,-5.385,21.96,-16.6,-17.71,14.23,0.9223,-27.34,-8.305,-24.89,-7.848,15.6,21.03,13.68,35.68,9.752,0.5396,-0.05292,0.8272,0.1795,-0.663,0.1944,0.6179,-0.4829,0.3319,0.3269,-0.5574,0.2345,-0.4923,-0.5069,-0.5141,-0.7261,-0.2221,-0.5118,-0.5177,-0.4387,-0.5431,0.7513,-0.1316,0.6412,0.596,-0.05951,0.7978,0.4617,-0.6219,0.4518,0.5423,-0.5686,0.4395,0.03479,-0.2829,0.06555,-0.5645,-0.5154,-0.4809,-0.5642,-0.5412,-0.4859,-0.08716,-0.2482,-0.1845
13.9,-1.734,-0.6542,3.822,2.756,-0.8894,3.598,-3.357,3.733,4.313,3.23,3.816,-1.735,-2.013,-2.726,-56.67,-34.87,2.934,4.254,2.516,1.416,51.97,41.71,0.439,1.865,0.9013,-1.76,11.42,1.327,0.02838,3.004,-4.004,-0.3844,0.2196,-1.353,-2.028,-6.427,-73.46,-2.68,-2.098,-17,4.051,-1.314,-16.92,0.6957,-1.31,21.01,-1.577,1.913,-108.4,-3.261,3.039,-108.2,0.4654,3.034,-156.5,-1.679,0.2558,-77.14,-0.000266,-1.21,-80.94,-1.767,-0.4391,-92.37,-1.211,0.7165,-92.37,-1.241,-1.542,-90.22,-5.184,-1.952,-79.63,0.06768,1.323,-79.7,-2.935,1.513,-86.14,-3.129,0.5235,-10.24,-5.368,-9.276,23.93,-56.16,11.23,32.23,-17.08,34.67,64.45,90.33,11.72,-3.895,-1.472,23.93,45.42,4.89,35.64,57.63,56.63,24.41,4.387,-9.276,-6.355,-10.74,-7.334,15.62,-19.52,32.23,1.46,-19.54,30.74,9.265,-31.74,22.04,11.22,-49.83,-7.832,7.32,-32.19,-25.39,19.02,5.441,25.34,-17.54,0.5393,-0.05329,0.8273,0.1797,-0.6636,0.1964,0.6153,-0.4823,0.3374,0.3214,-0.5585,0.2405,-0.492,-0.5069,-0.5132,-0.7286,-0.2207,-0.5068,-0.5199,-0.4347,-0.5399,0.7516,-0.1317,0.641,0.596,-0.05957,0.7978,0.4618,-0.6214,0.4523,0.5421,-0.5683,0.4402,0.03436,-0.2827,0.0658,-0.5642,-0.5158,-0.4807,-0.5647,-0.5413,-0.4855,-0.08765,-0.2481,-0.1843
13.91,-1.757,-0.6892,3.792,2.804,-0.8985,3.636,-3.776,4.278,4.138,3.155,3.662,-1.59,-1.933,-2.727,-56.45,-34.94,3.081,4.526,2.301,1.731,51.95,41.56,0.451,1.838,0.9298,-1.761,11.49,1.272,0.0738,2.965,-3.946,-0.3703,0.203,-1.361,-2.052,-6.424,-73.43,-2.715,-2.121,-17.19,3.894,-1.456,-17.09,0.1178,-1.452,20.88,-2.092,1.231,-108.4,-3.181,2.962,-108.2,1.092,2.958,-156.6,-1.588,-0.5836,-77.14,0.01064,-1.224,-80.91,-1.778,-0.4188,-92.4,-1.199,0.7652,-92.4,-1.273,-1.487,-90.24,-5.161,-1.882,-79.65,0.03021,1.343,-79.73,-2.932,1.578,-86.17,-3.106,0.577,-15.62,-3.909,-4.401,27.84,-51.27,27.35,41.51,-4.886,3.414,90.82,96.68,-1.467,-11.24,0,37.11,25.39,-7.809,58.11,29.3,70.31,16.59,0,-14.65,8.786,-19.54,-14.17,22.46,1.474,36.12,-0.4761,-7.846,20.01,9.762,-42.43,6.274,18.6,-50.77,-4.389,3.4,-32.19,-70.27,-16.6,-6.323,-6.334,13.15,0.539,-0.05359,0.8274,0.1798,-0.6642,0.1984,0.6128,-0.4816,0.3427,0.3166,-0.5594,0.2462,-0.4916,-0.507,-0.5123,-0.7311,-0.2196,-0.5018,-0.522,-0.4306,-0.5366,0.7516,-0.1317,0.6409,0.5959,-0.05957,0.7978,0.4619,-0.6209,0.4527,0.5419,-0.568,0.4408,0.03382,-0.2824,0.06604,-0.5639,-0.5164,-0.4805,-0.5649,-0.5416,-0.4851,-0.08808,-0.2479,-0.184
13.92,-1.765,-0.6981,3.768,2.833,-0.9274,3.673,-4.184,4.814,3.949,3.088,3.487,-1.457,-1.857,-2.724,-56.27,-34.98,3.213,4.776,2.141,2.048,51.99,41.35,0.4631,1.82,0.9251,-1.762,11.5,1.178,0.1022,2.918,-3.914,-0.3682,0.184,-1.366,-2.039,-6.359,-73.4,-2.745,-2.141,-17.35,3.729,-1.607,-17.23,-0.454,-1.604,20.73,-2.583,0.5981,-108.4,-3.108,2.886,-108.2,1.701,2.883,-156.7,-1.487,-1.418,-77.15,0.009843,-1.215,-80.9,-1.785,-0.4011,-92.41,-1.191,0.7775,-92.41,-1.292,-1.436,-90.26,-5.151,-1.81,-79.73,0.007252,1.361,-79.81,-2.909,1.641,-86.18,-3.076,0.628,-2.449,-3.418,12.2,42.47,-30.76,49.32,41.02,10.25,9.277,103,93.27,-14.16,-3.422,3.906,42.48,19.54,-20.51,62.01,6.839,96.69,37.11,-8.773,-32.71,5.864,-20.01,-25.39,13.67,12.69,19.06,-1.968,27.85,-1.945,29.29,-21.38,-9.794,16.6,-44.92,1.485,22.48,-34.69,-55.68,-41.99,-12.21,-24.43,3.937,0.5387,-0.05384,0.8276,0.1796,-0.665,0.2003,0.6104,-0.4808,0.348,0.3122,-0.5601,0.2518,-0.4912,-0.507,-0.5114,-0.7334,-0.2186,-0.4968,-0.5241,-0.4268,-0.533,0.7516,-0.1316,0.6409,0.5959,-0.05951,0.7978,0.4621,-0.6207,0.4529,0.5417,-0.5679,0.4411,0.03327,-0.2823,0.06635,-0.5635,-0.517,-0.4801,-0.5648,-0.5421,-0.4844,-0.0885,-0.2478,-0.1837
13.93,-1.782,-0.7181,3.744,2.86,-0.9593,3.714,-4.526,5.324,3.732,3.023,3.286,-1.315,-1.772,-2.723,-56.11,-34.99,3.371,4.981,2.025,2.35,52.08,41.09,0.4785,1.808,0.9061,-1.77,11.52,1.085,0.1306,2.884,-3.88,-0.3552,0.1696,-1.382,-2.034,-6.289,-73.38,-2.768,-2.164,-17.48,3.548,-1.768,-17.35,-0.9757,-1.765,20.55,-3.056,0.03272,-108.4,-3.024,2.799,-108.1,2.294,2.798,-156.9,-1.362,-2.238,-77.18,0.0133,-1.206,-80.9,-1.797,-0.3724,-92.42,-1.185,0.7861,-92.41,-1.315,-1.389,-90.28,-5.14,-1.748,-79.82,-0.01571,1.398,-79.9,-2.897,1.695,-86.21,-3.048,0.6594,11.23,-5.368,-9.276,43.44,-23.44,49.32,22.95,21.49,-0.4827,111.8,118.2,-56.16,11.24,4.401,34.67,21.49,-35.16,57.61,-5.382,112.3,43.94,0.4874,-40.05,8.295,2.926,-24.41,7.328,27.83,-3.891,-19.04,41,-11.23,28.35,-26.73,-22.49,9.837,-9.26,5.402,25.88,-12.17,2.448,-25.39,-17.65,-18.1,-1.968,0.5385,-0.05408,0.8277,0.1792,-0.6658,0.2021,0.6082,-0.4801,0.3531,0.3084,-0.5604,0.2572,-0.4909,-0.5069,-0.5105,-0.7355,-0.2179,-0.4917,-0.5261,-0.4232,-0.5292,0.7517,-0.1314,0.6409,0.5958,-0.05933,0.7979,0.462,-0.6207,0.4529,0.5414,-0.5678,0.4415,0.03278,-0.2822,0.06659,-0.5632,-0.5176,-0.4797,-0.5647,-0.5427,-0.4837,-0.08875,-0.2476,-0.1835
13.94,-1.798,-0.7268,3.712,2.9,-1.013,3.775,-4.8,5.822,3.493,2.961,3.079,-1.166,-1.653,-2.722,-55.95,-35,3.558,5.133,1.946,2.6,52.2,40.78,0.4905,1.78,0.8949,-1.779,11.52,1.015,0.1589,2.846,-3.856,-0.3562,0.191,-1.387,-2.034,-6.219,-73.35,-2.796,-2.193,-17.61,3.338,-1.923,-17.45,-1.46,-1.92,20.35,-3.534,-0.4663,-108.4,-2.941,2.706,-108.1,2.875,2.706,-157.1,-1.201,-3.006,-77.21,0.02527,-1.184,-80.9,-1.799,-0.3417,-92.42,-1.171,0.8032,-92.42,-1.33,-1.328,-90.29,-5.136,-1.708,-79.9,-0.04351,1.436,-79.98,-2.888,1.741,-86.21,-3.037,0.6953,18.54,-2.442,-11.72,25.87,-23.44,51.26,-0.9809,9.272,23.92,73.74,124.5,-42.48,9.264,2.929,27.84,31.74,-27.34,76.17,-26.87,126,26.86,6.824,-43.95,5.374,7.325,-32.22,1.461,18.05,-22.46,-4.888,28.31,-11.73,50.3,-27.73,-31.22,15.06,25.85,-0.9453,3.4,20.02,51.23,0.9671,-4.411,5.817,12.7,0.5383,-0.05438,0.8278,0.1786,-0.6666,0.2041,0.6062,-0.4794,0.3579,0.3049,-0.5603,0.2625,-0.4907,-0.5067,-0.5098,-0.7374,-0.2176,-0.4866,-0.5281,-0.4201,-0.5251,0.7518,-0.131,0.6408,0.5958,-0.05908,0.7979,0.4618,-0.6208,0.4527,0.5412,-0.5676,0.4419,0.03247,-0.2821,0.06677,-0.5631,-0.5181,-0.4795,-0.5645,-0.5432,-0.4832,-0.08906,-0.2475,-0.1834
13.95,-1.835,-0.7467,3.67,2.957,-1.057,3.858,-5.008,6.291,3.245,2.879,2.866,-1.005,-1.523,-2.699,-55.78,-35.03,3.779,5.221,1.891,2.82,52.3,40.49,0.4993,1.749,0.8655,-1.76,11.5,0.9743,0.1731,2.787,-3.842,-0.3541,0.207,-1.407,-2.031,-6.179,-73.33,-2.832,-2.214,-17.75,3.102,-2.076,-17.57,-1.903,-2.074,20.17,-4.016,-0.9154,-108.4,-2.863,2.599,-108.1,3.422,2.601,-157.4,-1.012,-3.729,-77.27,0.04682,-1.162,-80.92,-1.811,-0.3004,-92.43,-1.173,0.8155,-92.43,-1.346,-1.281,-90.3,-5.138,-1.677,-79.95,-0.08823,1.459,-80.03,-2.873,1.795,-86.23,-3.017,0.7254,7.316,0,7.322,17.57,-20.02,32.72,-33.21,18.56,14.64,36.14,149.9,-28.81,10.74,0,20.51,44.93,-15.14,75.2,-31.24,149.4,29.78,18.07,-30.28,17.57,-2.926,-29.29,15.14,13.18,-41.52,-6.824,14.62,-3.89,28.35,-25.72,-24.48,17.52,46.41,5.402,-31.26,24.45,50.78,49.32,-8.823,17.58,11.27,0.538,-0.05463,0.8279,0.1779,-0.6674,0.2062,0.6045,-0.4787,0.3624,0.3015,-0.5599,0.2675,-0.4903,-0.5065,-0.509,-0.7391,-0.2176,-0.4815,-0.53,-0.4175,-0.5209,0.752,-0.1306,0.6407,0.5957,-0.05872,0.7979,0.4615,-0.6209,0.4527,0.5409,-0.5675,0.4422,0.03223,-0.2821,0.0669,-0.563,-0.5184,-0.4795,-0.5646,-0.5436,-0.4826,-0.0893,-0.2474,-0.1832
13.96,-1.836,-0.7511,3.626,2.988,-1.108,3.968,-5.132,6.724,2.957,2.808,2.618,-0.8589,-1.378,-2.674,-55.57,-35.08,4.026,5.245,1.843,2.988,52.38,40.15,0.4851,1.681,0.8518,-1.732,11.5,0.9993,0.193,2.74,-3.828,-0.3443,0.2411,-1.415,-2.043,-6.203,-73.27,-2.846,-2.233,-17.9,2.842,-2.233,-17.7,-2.287,-2.232,19.99,-4.474,-1.324,-108.4,-2.778,2.491,-108.1,3.94,2.494,-157.7,-0.7862,-4.385,-77.33,0.06251,-1.131,-80.93,-1.794,-0.267,-92.44,-1.167,0.8342,-92.44,-1.359,-1.231,-90.3,-5.138,-1.662,-79.94,-0.1378,1.463,-80.02,-2.877,1.84,-86.24,-3.003,0.7633,-7.824,-3.909,18.06,0.4847,-13.67,30.28,-28.8,50.79,33.69,4.396,168.5,-21.98,11.71,13.67,7.326,50.29,-6.35,73.24,-40.03,155.8,36.14,8.286,-12.2,14.65,6.834,-9.286,13.67,2.949,-44.92,8.792,-7.846,1.004,18.09,-19.38,-14.23,5.38,42,-1.485,-63.47,33.67,21.94,16.6,-2.941,34.13,25.86,0.5379,-0.05499,0.828,0.1771,-0.6682,0.2086,0.6029,-0.4782,0.3665,0.2984,-0.5594,0.2722,-0.4899,-0.5063,-0.5082,-0.7405,-0.2177,-0.4766,-0.5318,-0.4156,-0.5165,0.7522,-0.13,0.6407,0.5959,-0.05842,0.7979,0.4613,-0.6209,0.4526,0.5407,-0.5673,0.4426,0.03211,-0.2821,0.06696,-0.5631,-0.5184,-0.4799,-0.5648,-0.5437,-0.4825,-0.08961,-0.2473,-0.183
13.97,-1.841,-0.7587,3.6,3.021,-1.152,4.069,-5.198,7.113,2.645,2.732,2.347,-0.7067,-1.219,-2.64,-55.37,-35.16,4.26,5.192,1.8,3.102,52.43,39.81,0.4697,1.623,0.8694,-1.683,11.49,1.036,0.2242,2.701,-3.809,-0.3324,0.2748,-1.403,-2.041,-6.247,-73.22,-2.859,-2.247,-18.04,2.556,-2.392,-17.82,-2.638,-2.392,19.85,-4.891,-1.71,-108.4,-2.687,2.375,-108.1,4.42,2.379,-158,-0.5189,-4.965,-77.37,0.08406,-1.103,-80.95,-1.775,-0.2334,-92.44,-1.153,0.8834,-92.44,-1.378,-1.18,-90.31,-5.14,-1.644,-79.92,-0.1789,1.447,-80,-2.879,1.889,-86.26,-2.985,0.8247,-8.302,-4.393,7.816,-11.24,-5.37,6.35,-48.35,48.82,9.277,-21.48,159.7,-9.764,17.58,24.91,4.881,57.13,-7.809,82.03,-43.95,160.6,47.36,5.849,0.9809,-1.471,-5.381,-10.26,5.365,-15.64,-41.52,21.49,-22,12.23,-0.9927,-30.4,8.722,4.919,18.08,-30.79,-47.36,13.65,-26.84,0.9671,2.941,17.58,0.4473,0.5377,-0.05536,0.828,0.176,-0.6691,0.211,0.6015,-0.4777,0.3703,0.2954,-0.5591,0.2764,-0.4895,-0.506,-0.5074,-0.7417,-0.218,-0.4719,-0.5336,-0.4143,-0.5118,0.7524,-0.1296,0.6405,0.596,-0.05811,0.7978,0.4609,-0.6209,0.4527,0.5405,-0.5672,0.443,0.03198,-0.2821,0.06708,-0.5631,-0.5182,-0.4804,-0.5651,-0.5437,-0.4823,-0.09009,-0.2473,-0.1827
13.98,-1.845,-0.7594,3.563,3.062,-1.197,4.2,-5.216,7.472,2.33,2.656,2.084,-0.5293,-1.044,-2.603,-55.18,-35.25,4.456,5.07,1.76,3.122,52.48,39.45,0.4708,1.563,0.8996,-1.65,11.46,1.041,0.264,2.66,-3.794,-0.3173,0.3077,-1.397,-2.044,-6.248,-73.15,-2.882,-2.265,-18.14,2.254,-2.547,-17.91,-2.957,-2.548,19.73,-5.248,-2.07,-108.4,-2.59,2.245,-108.1,4.876,2.251,-158.4,-0.2151,-5.448,-77.43,0.1,-1.077,-80.98,-1.762,-0.2086,-92.44,-1.128,0.9339,-92.44,-1.391,-1.127,-90.31,-5.14,-1.624,-79.94,-0.2248,1.438,-80.02,-2.882,1.946,-86.28,-2.97,0.8862,-2.449,-1.467,-2.447,-5.362,26.37,16.6,-37.59,74.22,-0.9771,-48.83,158.7,-32.23,1.475,21,17.09,62.02,4.89,74.22,-37.11,171.9,41.51,-2.437,10.75,-1.471,-9.759,3.428,15.14,-23.95,-28.83,48.82,-32.69,28.29,-14.67,-17.71,20.96,0.4611,-9.26,-60.09,-16.1,-1.479,-60.57,-29.33,-29.26,-16.55,17.54,0.5375,-0.05579,0.828,0.1748,-0.6699,0.2134,0.6002,-0.4774,0.3737,0.2927,-0.559,0.2802,-0.4891,-0.5056,-0.5066,-0.7428,-0.2183,-0.4674,-0.5352,-0.414,-0.507,0.7525,-0.129,0.6405,0.5962,-0.0578,0.7977,0.4605,-0.6208,0.4527,0.5402,-0.5671,0.4433,0.0318,-0.2821,0.06708,-0.563,-0.5183,-0.4807,-0.5652,-0.5441,-0.4819,-0.09058,-0.2472,-0.1824
13.99,-1.831,-0.7661,3.533,3.084,-1.225,4.327,-5.213,7.789,2.007,2.584,1.802,-0.3598,-0.8851,-2.559,-55.02,-35.34,4.597,4.878,1.726,3.103,52.56,39.05,0.4642,1.506,0.9131,-1.628,11.41,1.007,0.2952,2.632,-3.78,-0.3032,0.3488,-1.395,-2.032,-6.204,-73.08,-2.901,-2.272,-18.21,1.951,-2.712,-17.97,-3.255,-2.714,19.63,-5.529,-2.418,-108.4,-2.494,2.121,-108.2,5.29,2.128,-158.8,0.1273,-5.86,-77.49,0.1022,-1.056,-81,-1.744,-0.1836,-92.42,-1.109,0.9683,-92.42,-1.405,-1.074,-90.31,-5.143,-1.611,-80,-0.2635,1.44,-80.08,-2.894,2.007,-86.3,-2.962,0.9469,-2.927,-2.442,-0.9675,-6.362,52.74,14.16,-44.42,83.99,-5.368,-54.19,155.3,-33.21,4.897,12.21,15.14,48.34,-38.58,73.24,-34.68,184.1,42,-7.311,25.89,-2.921,-5.381,6.357,1.461,-22.96,-15.12,31.74,-34.15,-3.89,-15.11,-6.013,13.62,6.302,-14.17,-49.83,1.464,-20.02,-63.47,-56.65,-25.44,-31.28,18.52,0.5373,-0.05616,0.828,0.1732,-0.6709,0.2155,0.599,-0.477,0.3769,0.2904,-0.5592,0.2835,-0.4887,-0.5053,-0.5058,-0.7435,-0.2191,-0.4629,-0.5367,-0.4143,-0.5021,0.7526,-0.1285,0.6405,0.5963,-0.0575,0.7976,0.4603,-0.6207,0.4527,0.5398,-0.567,0.4435,0.03168,-0.2821,0.06708,-0.5627,-0.5187,-0.4807,-0.5652,-0.5446,-0.4814,-0.09107,-0.2472,-0.1821
14,-1.835,-0.7705,3.494,3.096,-1.239,4.446,-5.184,8.036,1.673,2.525,1.504,-0.1939,-0.7335,-2.518,-54.94,-35.41,4.662,4.627,1.686,3.054,52.67,38.64,0.4829,1.48,0.9351,-1.632,11.37,0.9678,0.3406,2.61,-3.757,-0.314,0.3684,-1.397,-2.002,-6.153,-73.02,-2.905,-2.269,-18.23,1.648,-2.873,-17.97,-3.529,-2.877,19.54,-5.72,-2.754,-108.5,-2.382,1.999,-108.2,5.649,2.008,-159.3,0.489,-6.203,-77.55,0.1088,-1.041,-81.03,-1.74,-0.165,-92.4,-1.08,1.003,-92.4,-1.422,-1.031,-90.32,-5.136,-1.583,-80.06,-0.284,1.462,-80.14,-2.892,2.059,-86.31,-2.968,0.994,11.71,0,1.461,-3.423,64.46,15.63,-43.93,99.61,-13.18,-40.03,152.8,-35.16,2.921,1.953,13.68,49.79,-14.66,45.41,-31.24,196.8,34.66,-5.849,37.1,-6.845,8.798,23.93,3.904,-7.818,-12.69,30.76,-11.23,-0.5019,-4.412,-28.73,18.06,6.302,-7.827,-32.75,9.775,-22.98,-16.14,-50.29,-17.06,-42.53,5.816,0.5373,-0.0564,0.8279,0.1714,-0.6719,0.2174,0.5977,-0.4767,0.3798,0.2885,-0.5597,0.2863,-0.4886,-0.5048,-0.505,-0.7438,-0.2205,-0.4586,-0.538,-0.4153,-0.497,0.7527,-0.1281,0.6405,0.5964,-0.05725,0.7976,0.4602,-0.6205,0.4527,0.5395,-0.567,0.4438,0.0315,-0.2821,0.06726,-0.5624,-0.5192,-0.4804,-0.5651,-0.5451,-0.4809,-0.09143,-0.2473,-0.182
14.01,-1.859,-0.7608,3.487,3.122,-1.261,4.536,-5.156,8.231,1.357,2.482,1.229,-0.01795,-0.5749,-2.482,-54.92,-35.49,4.661,4.327,1.647,2.983,52.82,38.22,0.5081,1.468,0.957,-1.668,11.34,0.9424,0.3747,2.588,-3.729,-0.3303,0.3762,-1.424,-1.985,-6.099,-72.96,-2.918,-2.278,-18.18,1.36,-3.022,-17.9,-3.789,-3.028,19.48,-5.847,-3.069,-108.5,-2.272,1.872,-108.2,5.955,1.881,-159.8,0.8548,-6.487,-77.59,0.1216,-1.028,-81.06,-1.75,-0.1614,-92.4,-1.061,1.024,-92.4,-1.435,-0.9916,-90.34,-5.126,-1.551,-80.12,-0.3058,1.502,-80.2,-2.892,2.111,-86.32,-2.979,1.018,20.01,6.344,-13.68,6.362,66.4,15.14,-30.27,120.6,-27.83,-20.02,151.9,-37.11,-3.895,-4.401,-1.469,50.78,18.07,67.38,-25.86,214.8,39.06,0,32.22,-4.883,12.21,20.03,-0.4794,3.887,-19.54,13.68,3.385,-21.46,-10.26,-28.4,4.897,15.06,-2.921,-23.9,-0.4722,-5.346,40.08,-11.2,-9.705,-18.62,3.4,0.5371,-0.05671,0.8279,0.1693,-0.6729,0.2187,0.5965,-0.4765,0.3823,0.2869,-0.5605,0.2886,-0.4884,-0.5042,-0.5042,-0.7436,-0.2224,-0.4543,-0.5391,-0.4167,-0.492,0.7528,-0.1278,0.6404,0.5963,-0.05707,0.7977,0.4604,-0.6202,0.4529,0.5393,-0.5669,0.444,0.03125,-0.2819,0.06745,-0.5623,-0.5197,-0.4801,-0.5651,-0.5455,-0.4805,-0.09162,-0.2474,-0.1819
14.02,-1.883,-0.7641,3.496,3.16,-1.266,4.606,-5.129,8.388,1.064,2.451,0.9775,0.1601,-0.42,-2.447,-54.96,-35.6,4.588,4.023,1.588,2.907,52.99,37.81,0.541,1.452,0.9718,-1.708,11.3,0.9555,0.4172,2.56,-3.71,-0.3389,0.3901,-1.453,-1.973,-6.093,-72.91,-2.941,-2.282,-18.07,1.081,-3.159,-17.79,-4.041,-3.166,19.44,-5.905,-3.387,-108.5,-2.165,1.754,-108.3,6.218,1.763,-160.3,1.201,-6.728,-77.61,0.1357,-1.028,-81.09,-1.76,-0.1578,-92.39,-1.036,1.037,-92.39,-1.452,-0.9412,-90.35,-5.126,-1.512,-80.14,-0.3336,1.545,-80.22,-2.892,2.157,-86.33,-2.983,1.036,18.07,7.327,-7.322,20.99,70.31,7.809,-21.48,133.3,-56.64,0,163.1,-18.56,-11.24,-12.69,-2.445,48.34,81.05,40.04,-16.11,225.6,54.68,5.849,19.53,4.883,1.944,13.67,6.826,17.11,-21,3.904,20.54,-29.8,15.61,-19.38,1.989,16.14,0,-2.903,-15.63,20.02,36.09,-4.432,-17.06,8.273,11.27,0.5369,-0.05695,0.828,0.1669,-0.674,0.2197,0.5951,-0.4765,0.3847,0.2856,-0.5617,0.2905,-0.4881,-0.5039,-0.5034,-0.7431,-0.2247,-0.4502,-0.5399,-0.4185,-0.4872,0.7529,-0.1276,0.6403,0.5962,-0.05689,0.7977,0.4609,-0.6197,0.4532,0.539,-0.5669,0.4443,0.03095,-0.2819,0.06757,-0.5622,-0.5201,-0.4798,-0.5652,-0.5458,-0.4801,-0.09174,-0.2475,-0.1818
14.03,-1.902,-0.7734,3.511,3.201,-1.257,4.658,-5.107,8.501,0.813,2.433,0.7667,0.3339,-0.2704,-2.41,-55.06,-35.69,4.469,3.731,1.493,2.869,53.18,37.4,0.5542,1.437,0.9824,-1.732,11.28,0.9859,0.4286,2.549,-3.701,-0.3411,0.4043,-1.481,-1.985,-6.091,-72.88,-2.971,-2.273,-17.93,0.8185,-3.263,-17.64,-4.28,-3.272,19.42,-5.929,-3.708,-108.6,-2.062,1.651,-108.4,6.436,1.661,-160.8,1.515,-6.963,-77.63,0.1452,-1.03,-81.12,-1.769,-0.1485,-92.41,-1.028,1.055,-92.41,-1.456,-0.895,-90.36,-5.122,-1.481,-80.14,-0.359,1.577,-80.22,-2.907,2.202,-86.33,-2.997,1.053,10.24,2.442,0,24.9,36.63,-0.4902,-13.66,132.8,-67.38,15.62,178.7,-12.7,-11.24,-22.95,1.469,46.38,115.7,23.44,0,220.7,47.85,2.924,6.355,-1.471,4.399,8.31,8.31,21.98,-21.49,-4.38,28.85,-39.08,20.02,-33.74,-14.69,21.52,-0.9922,10.26,-53.22,6.37,32.19,-0.9671,4.853,13.19,6.352,0.5367,-0.05701,0.8281,0.1644,-0.6748,0.2203,0.5935,-0.4768,0.3866,0.2843,-0.5631,0.2922,-0.4878,-0.5036,-0.5025,-0.7424,-0.227,-0.4463,-0.5404,-0.4203,-0.4824,0.753,-0.1275,0.6403,0.5962,-0.05664,0.7978,0.4613,-0.6193,0.4536,0.5389,-0.5666,0.4446,0.0307,-0.2819,0.06769,-0.5623,-0.5203,-0.4798,-0.5653,-0.546,-0.48,-0.09186,-0.2476,-0.1817
14.04,-1.933,-0.7825,3.523,3.268,-1.254,4.703,-5.119,8.594,0.6178,2.436,0.6041,0.5221,-0.1314,-2.379,-55.17,-35.78,4.319,3.483,1.39,2.831,53.33,36.99,0.5838,1.445,0.9964,-1.738,11.27,1.045,0.4456,2.554,-3.701,-0.3422,0.4218,-1.494,-1.999,-6.115,-72.86,-3.024,-2.265,-17.79,0.5814,-3.355,-17.49,-4.529,-3.365,19.43,-5.936,-4.031,-108.7,-1.963,1.557,-108.4,6.628,1.567,-161.3,1.773,-7.174,-77.66,0.1588,-1.026,-81.16,-1.785,-0.1342,-92.43,-1.011,1.081,-92.43,-1.456,-0.852,-90.37,-5.124,-1.457,-80.12,-0.3698,1.597,-80.2,-2.922,2.235,-86.34,-3.007,1.077,-0.9855,-1.951,6.355,23.45,9.759,-6.35,-19.06,118.7,-84.48,19.05,181.6,-7.326,-8.291,-31.25,-11.23,54.68,182.1,30.28,4.41,225.6,50.3,0.4874,-7.805,6.845,7.325,6.357,0,11.21,-26.84,0.4761,13.69,-25.91,32.7,-20.04,-13.62,13.22,1.488,13.64,-41.98,6.37,23.94,-0.4835,-24.85,-3.878,28.81,0.5363,-0.05701,0.8283,0.1621,-0.6756,0.2209,0.5918,-0.4771,0.3885,0.2829,-0.5646,0.2937,-0.4874,-0.5035,-0.5015,-0.7416,-0.2291,-0.4429,-0.5406,-0.4221,-0.4779,0.7531,-0.1273,0.6402,0.5961,-0.05634,0.7979,0.4614,-0.619,0.4538,0.5388,-0.5664,0.4449,0.03052,-0.2819,0.06781,-0.5624,-0.5204,-0.4797,-0.5655,-0.5461,-0.4799,-0.09204,-0.2478,-0.1816
14.05,-1.952,-0.7937,3.526,3.323,-1.252,4.728,-5.163,8.691,0.4871,2.451,0.4869,0.6858,0.002184,-2.353,-55.3,-35.87,4.154,3.323,1.264,2.802,53.44,36.56,0.6069,1.437,1.022,-1.745,11.27,1.114,0.4541,2.546,-3.71,-0.3476,0.4417,-1.496,-2.046,-6.147,-72.87,-3.075,-2.26,-17.65,0.3803,-3.413,-17.34,-4.773,-3.425,19.48,-5.94,-4.348,-108.8,-1.882,1.477,-108.5,6.807,1.486,-161.9,1.943,-7.375,-77.69,0.1625,-1.023,-81.2,-1.801,-0.1196,-92.47,-0.9935,1.118,-92.48,-1.449,-0.8064,-90.37,-5.126,-1.435,-80.09,-0.3952,1.619,-80.17,-2.939,2.265,-86.34,-3.025,1.108,-11.23,-10.74,17.58,18.06,-16.11,-14.16,-30.76,102.1,-92.28,21.48,186,-1.467,3.895,-31.74,-16.11,62.49,169.9,45.9,8.297,227.5,47.36,11.25,-3.412,5.374,-2.435,3.428,4.383,-1.966,-26.84,17.08,-8.308,-21.46,12.68,-26.39,-13.16,3.382,13.17,15.6,-14.64,-4.436,-24.94,-19.02,-18.09,-15.12,14.67,0.536,-0.05689,0.8285,0.16,-0.6762,0.2213,0.5901,-0.4775,0.39,0.2814,-0.5662,0.2948,-0.4868,-0.5036,-0.5004,-0.741,-0.2308,-0.4398,-0.5401,-0.4239,-0.4738,0.7532,-0.1271,0.6402,0.596,-0.05603,0.798,0.4613,-0.6188,0.4539,0.5389,-0.566,0.4453,0.03034,-0.2819,0.06787,-0.5622,-0.5208,-0.4795,-0.5657,-0.5461,-0.4799,-0.09229,-0.2479,-0.1816
14.06,-1.968,-0.7966,3.527,3.334,-1.258,4.736,-5.224,8.812,0.3762,2.437,0.3573,0.7756,0.1169,-2.31,-55.42,-35.96,4,3.241,1.119,2.776,53.46,36.17,0.6299,1.437,1.027,-1.745,11.27,1.172,0.474,2.546,-3.707,-0.353,0.4673,-1.496,-2.092,-6.164,-72.9,-3.086,-2.249,-17.56,0.2046,-3.455,-17.24,-5.01,-3.469,19.57,-5.952,-4.67,-108.9,-1.833,1.407,-108.7,6.976,1.417,-162.4,2.037,-7.562,-77.73,0.1652,-1.007,-81.24,-1.812,-0.09924,-92.52,-0.9773,1.141,-92.52,-1.45,-0.7697,-90.37,-5.126,-1.428,-80.07,-0.4097,1.638,-80.16,-2.954,2.293,-86.34,-3.043,1.14,-28.31,-16.6,34.18,10.75,-31.74,-14.16,-23.44,93.26,-98.15,17.09,191.4,-9.764,-2.921,-30.77,-11.71,79.11,157.7,32.72,20.03,250.5,38.57,3.899,0.4905,2.431,-5.381,7.334,14.15,3.887,-19.06,7.332,-15.62,-3.388,19.03,-19.38,-11.17,9.837,17.09,10.74,21.01,13.65,-18.59,-2.901,-4.411,8.79,4.384,0.5359,-0.05664,0.8286,0.1583,-0.6766,0.2218,0.5883,-0.478,0.3915,0.2796,-0.5679,0.2958,-0.486,-0.504,-0.4994,-0.7406,-0.2323,-0.4371,-0.5391,-0.4255,-0.4702,0.7533,-0.1267,0.6402,0.596,-0.05567,0.7981,0.4612,-0.6187,0.4539,0.5389,-0.5656,0.4456,0.03027,-0.2819,0.06787,-0.562,-0.5212,-0.4793,-0.5658,-0.5462,-0.4799,-0.09253,-0.2481,-0.1815
14.07,-1.976,-0.7894,3.517,3.316,-1.268,4.711,-5.316,8.903,0.308,2.407,0.2288,0.8345,0.206,-2.258,-55.51,-36.06,3.846,3.2,0.9656,2.754,53.42,35.82,0.6376,1.426,1.033,-1.742,11.29,1.216,0.4797,2.54,-3.716,-0.3682,0.4945,-1.512,-2.134,-6.178,-72.97,-3.067,-2.232,-17.53,0.05986,-3.487,-17.2,-5.246,-3.501,19.67,-5.963,-4.993,-109.1,-1.79,1.337,-108.9,7.111,1.346,-162.9,2.071,-7.723,-77.78,0.1673,-0.9801,-81.27,-1.817,-0.07989,-92.56,-0.9704,1.166,-92.56,-1.45,-0.7305,-90.37,-5.134,-1.42,-80.06,-0.4266,1.654,-80.15,-2.964,2.324,-86.34,-3.062,1.159,-20.99,-11.72,15.63,10.24,-31.74,-32.72,-34.68,73.74,-103.5,17.59,194.8,2.438,-4.897,-23.43,-15.14,67.87,149.9,32.72,-4.41,260.8,41.51,9.748,20.51,21,0,15.14,13.67,5.852,-17.11,6.348,-13.15,10.73,1.489,-28.73,1.989,18.14,14.66,17.55,37.59,-13.65,7.345,32.72,-8.823,8.79,7.784,0.5361,-0.05622,0.8286,0.1572,-0.6768,0.2224,0.5866,-0.4783,0.3928,0.2778,-0.5696,0.2967,-0.4851,-0.5044,-0.4984,-0.7401,-0.2337,-0.4348,-0.5378,-0.4271,-0.467,0.7533,-0.1263,0.6402,0.596,-0.05536,0.7981,0.4611,-0.6186,0.454,0.539,-0.5653,0.446,0.03021,-0.2819,0.06794,-0.5618,-0.5216,-0.479,-0.566,-0.5463,-0.4798,-0.09266,-0.2483,-0.1815
14.08,-1.971,-0.7864,3.533,3.258,-1.261,4.657,-5.442,9.005,0.2852,2.35,0.1153,0.8295,0.2606,-2.199,-55.53,-36.16,3.698,3.217,0.8038,2.743,53.29,35.52,0.6431,1.407,1.046,-1.742,11.3,1.26,0.4939,2.529,-3.72,-0.3649,0.518,-1.532,-2.18,-6.182,-73.05,-3.019,-2.209,-17.57,-0.03912,-3.496,-17.24,-5.472,-3.512,19.78,-5.974,-5.304,-109.2,-1.773,1.285,-109,7.23,1.295,-163.4,2.055,-7.866,-77.8,0.1604,-0.9622,-81.31,-1.819,-0.06443,-92.61,-0.96,1.193,-92.61,-1.454,-0.6944,-90.38,-5.143,-1.412,-80.05,-0.4472,1.668,-80.14,-2.977,2.358,-86.34,-3.068,1.172,-4.898,-7.811,-13.18,3.423,-31.26,-35.65,-37.59,55.17,-93.75,3.43,193.4,2.934,-6.343,-0.9764,-10.74,76.17,173.3,26.86,-20.03,285.2,45.9,-8.286,9.766,15.14,-6.834,12.69,13.67,5.361,-3.404,3.428,-1,36.14,-8.769,-25.06,14.23,16.6,-0.9922,25.39,19.55,-29.35,15.6,35.14,3.382,33.74,-10.29,0.5365,-0.05573,0.8284,0.1569,-0.6768,0.2233,0.5852,-0.4784,0.3941,0.276,-0.5713,0.2975,-0.484,-0.5051,-0.4974,-0.7399,-0.2347,-0.4328,-0.5362,-0.4284,-0.4642,0.7533,-0.126,0.6403,0.596,-0.05506,0.7981,0.4612,-0.6183,0.4543,0.539,-0.5649,0.4464,0.03015,-0.282,0.068,-0.5618,-0.5216,-0.4791,-0.5661,-0.5464,-0.4797,-0.09278,-0.2484,-0.1815
14.09,-1.986,-0.7789,3.554,3.234,-1.272,4.596,-5.57,9.094,0.3222,2.296,0.05956,0.8288,0.3168,-2.142,-55.52,-36.25,3.555,3.236,0.621,2.736,53.11,35.25,0.6508,1.403,1.081,-1.731,11.3,1.314,0.5081,2.543,-3.723,-0.3541,0.5488,-1.541,-2.226,-6.194,-73.14,-2.99,-2.195,-17.67,-0.1123,-3.479,-17.33,-5.672,-3.496,19.87,-5.98,-5.602,-109.4,-1.774,1.236,-109.2,7.318,1.246,-163.8,2.024,-7.983,-77.82,0.1681,-0.9392,-81.36,-1.824,-0.04778,-92.66,-0.9484,1.243,-92.66,-1.456,-0.6508,-90.38,-5.149,-1.403,-80.05,-0.4593,1.674,-80.14,-3.002,2.397,-86.35,-3.078,1.205,-0.4778,-13.19,-16.11,-4.393,-22.94,-42.97,-42.01,38.57,-98.15,0.9658,192.9,-3.906,-14.66,18.55,-10.25,55.18,175.3,41.5,-36.63,292.5,43.94,-9.261,0.9809,6.845,-17.08,3.905,9.771,-7.327,7.826,15.62,2.462,46.86,-6.342,-21.05,8.722,4.919,-26.35,4.861,-18.56,-14.1,-15.6,-3.868,-12.65,6.334,15.12,0.5368,-0.05524,0.8284,0.157,-0.6765,0.2243,0.5841,-0.4783,0.3954,0.2742,-0.5729,0.2983,-0.4828,-0.5058,-0.4964,-0.7396,-0.2354,-0.4314,-0.5347,-0.4297,-0.4618,0.7534,-0.1257,0.6402,0.596,-0.05469,0.7982,0.4614,-0.6178,0.4547,0.5391,-0.5646,0.4468,0.03009,-0.2821,0.06806,-0.5622,-0.5213,-0.4795,-0.5662,-0.5466,-0.4796,-0.09302,-0.2485,-0.1813
14.1,-1.974,-0.7737,3.574,3.21,-1.272,4.537,-5.703,9.145,0.3525,2.25,0.05105,0.8481,0.349,-2.085,-55.45,-36.33,3.41,3.242,0.4131,2.732,52.89,35.06,0.6573,1.395,1.113,-1.697,11.27,1.379,0.5393,2.568,-3.734,-0.3368,0.5726,-1.539,-2.256,-6.224,-73.23,-2.972,-2.174,-17.83,-0.1549,-3.44,-17.48,-5.848,-3.458,19.95,-5.974,-5.896,-109.6,-1.764,1.188,-109.4,7.379,1.197,-164.2,1.996,-8.074,-77.85,0.1655,-0.9165,-81.41,-1.814,-0.03027,-92.68,-0.923,1.288,-92.69,-1.46,-0.6115,-90.38,-5.165,-1.391,-80.03,-0.4593,1.656,-80.12,-3.026,2.433,-86.36,-3.08,1.245,10.24,0.9753,-17.09,-15.63,-11.24,-37.6,-58.58,20.51,-97.17,-10.26,179.7,-14.16,-30.77,36.13,0,33.69,164.6,27.34,-56.13,302.7,36.63,-6.824,-2.921,4.883,-22.96,3.428,9.269,-15.14,38.07,44.91,-12.23,32.25,10.75,-20.04,3.979,0.4611,-35.17,-11.21,-15.16,-13.65,-24.39,-35.14,-19.12,-40.98,5.368,0.537,-0.05469,0.8284,0.1577,-0.6761,0.2255,0.5834,-0.4778,0.3967,0.2727,-0.5745,0.2991,-0.4819,-0.5064,-0.4956,-0.7394,-0.2359,-0.4303,-0.5334,-0.4308,-0.4599,0.7534,-0.1254,0.6403,0.5961,-0.05432,0.7982,0.4615,-0.6174,0.4551,0.539,-0.5643,0.4471,0.02997,-0.2822,0.06806,-0.5624,-0.5209,-0.4798,-0.5663,-0.5467,-0.4795,-0.09333,-0.2485,-0.1812
14.11,-1.964,-0.7712,3.573,3.195,-1.283,4.505,-5.835,9.178,0.3828,2.224,0.08036,0.8639,0.374,-2.049,-55.33,-36.38,3.265,3.24,0.223,2.737,52.68,34.92,0.6892,1.396,1.131,-1.681,11.23,1.416,0.5875,2.582,-3.721,-0.3346,0.5925,-1.548,-2.26,-6.22,-73.31,-2.972,-2.161,-18.03,-0.1768,-3.395,-17.68,-6.002,-3.414,19.97,-5.954,-6.154,-109.7,-1.764,1.162,-109.5,7.412,1.171,-164.5,1.983,-8.135,-77.9,0.1522,-0.8917,-81.46,-1.815,-0.007783,-92.69,-0.8861,1.321,-92.69,-1.473,-0.576,-90.38,-5.168,-1.376,-80.05,-0.4617,1.663,-80.14,-3.041,2.46,-86.38,-3.09,1.263,11.23,3.418,-12.69,-27.84,-11.24,-24.42,-63.48,19.04,-92.78,-5.862,182.6,-13.18,-34.19,41.01,23.93,35.15,166,42.48,-68.84,305.7,25.38,-11.74,-3.412,4.883,-5.852,15.14,9.771,-11.7,45.89,44.44,-13.15,15.12,-3.419,-24.05,0,-0.9223,-20.01,-20.53,-15.63,3.867,-0.9974,-23.45,-9.705,-9.308,6.8,0.537,-0.0542,0.8285,0.1587,-0.6755,0.2269,0.583,-0.477,0.3981,0.2717,-0.5758,0.3001,-0.4811,-0.5069,-0.4949,-0.7394,-0.2362,-0.4298,-0.5324,-0.4317,-0.4583,0.7534,-0.1249,0.6404,0.5961,-0.0539,0.7982,0.4617,-0.617,0.4552,0.5389,-0.5642,0.4474,0.02985,-0.2822,0.06812,-0.5626,-0.5208,-0.4799,-0.5663,-0.547,-0.4794,-0.09345,-0.2487,-0.181
14.12,-1.957,-0.7667,3.556,3.198,-1.297,4.48,-5.955,9.18,0.4056,2.217,0.1399,0.8912,0.3811,-2.03,-55.2,-36.4,3.125,3.232,0.05086,2.732,52.49,34.85,0.7276,1.388,1.128,-1.678,11.18,1.427,0.6443,2.582,-3.707,-0.3465,0.6203,-1.571,-2.264,-6.177,-73.41,-2.983,-2.142,-18.25,-0.1784,-3.339,-17.91,-6.123,-3.358,19.92,-5.923,-6.365,-109.8,-1.75,1.153,-109.7,7.429,1.162,-164.7,1.987,-8.154,-77.97,0.1479,-0.8581,-81.52,-1.812,0.02054,-92.69,-0.841,1.337,-92.7,-1.487,-0.5324,-90.39,-5.168,-1.361,-80.09,-0.4653,1.687,-80.18,-3.045,2.501,-86.38,-3.102,1.281,-0.4778,9.278,11.72,-21.48,4.888,-23.44,-72.76,22.95,-83.01,-7.327,182.6,-28.81,-40.03,29.79,5.374,20.03,141.1,37.6,-72.28,306.6,26.38,-4.387,9.766,4.883,-3.417,10.74,17.58,-10.72,30.77,25.87,-8.769,2.949,-1.93,-24.39,0,12.14,-0.9922,-13.17,-19.55,7.848,47.33,-16.12,1.47,5.817,0.4473,0.537,-0.05359,0.8287,0.16,-0.6748,0.2283,0.5832,-0.4758,0.3996,0.2712,-0.5769,0.3012,-0.4805,-0.5074,-0.4942,-0.7393,-0.2362,-0.4295,-0.5318,-0.4325,-0.4574,0.7535,-0.1243,0.6405,0.5962,-0.05341,0.7982,0.4618,-0.6167,0.4551,0.5387,-0.5641,0.4477,0.02973,-0.2822,0.06818,-0.5626,-0.521,-0.4798,-0.5663,-0.5473,-0.479,-0.09357,-0.2488,-0.181
14.13,-1.956,-0.7503,3.56,3.186,-1.319,4.435,-6.039,9.131,0.4331,2.235,0.1995,0.9149,0.3847,-2.04,-55.06,-36.4,3.005,3.212,-0.1224,2.739,52.34,34.89,0.7693,1.389,1.109,-1.675,11.12,1.447,0.6925,2.579,-3.686,-0.3422,0.6269,-1.584,-2.27,-6.133,-73.52,-2.983,-2.125,-18.5,-0.1694,-3.278,-18.16,-6.199,-3.297,19.83,-5.882,-6.544,-110,-1.716,1.16,-109.8,7.414,1.169,-164.7,2.008,-8.142,-78.03,0.1391,-0.8186,-81.58,-1.817,0.04421,-92.7,-0.8064,1.333,-92.7,-1.498,-0.5032,-90.39,-5.161,-1.338,-80.13,-0.4726,1.708,-80.23,-3.049,2.523,-86.38,-3.102,1.287,-20.01,1.467,37.6,-7.331,9.277,-5.369,-69.33,32.22,-76.17,2.931,178.2,-33.69,-36.61,3.906,4.881,20.5,160.1,20.99,-58.12,300.3,14.16,0,6.845,7.805,-3.908,8.31,6.347,5.361,21.49,17.08,7.308,0,4.908,-27.39,2.448,12.76,-2.921,0,-18.56,-9.782,67.37,11.69,0,5.817,-1.432,0.5371,-0.05298,0.8288,0.1616,-0.6741,0.2297,0.5838,-0.4743,0.401,0.2711,-0.5777,0.3024,-0.4803,-0.5078,-0.4936,-0.7394,-0.2362,-0.4297,-0.5316,-0.4329,-0.4569,0.7535,-0.1237,0.6405,0.5962,-0.05292,0.7983,0.4619,-0.6166,0.455,0.5385,-0.564,0.4479,0.02954,-0.2821,0.06824,-0.5625,-0.5212,-0.4796,-0.5661,-0.5476,-0.4788,-0.09363,-0.2488,-0.181
14.14,-1.944,-0.7491,3.559,3.134,-1.332,4.38,-6.099,9.073,0.4548,2.243,0.2373,0.8848,0.3885,-2.062,-54.92,-36.39,2.878,3.192,-0.2775,2.735,52.24,35.02,0.8066,1.371,1.077,-1.67,11.06,1.504,0.7351,2.568,-3.678,-0.34,0.6438,-1.602,-2.272,-6.145,-73.63,-2.948,-2.111,-18.75,-0.1498,-3.207,-18.41,-6.239,-3.226,19.67,-5.82,-6.672,-110.1,-1.689,1.186,-109.9,7.382,1.195,-164.7,2.042,-8.086,-78.09,0.1256,-0.7893,-81.64,-1.818,0.07232,-92.7,-0.7729,1.323,-92.7,-1.508,-0.464,-90.4,-5.163,-1.315,-80.13,-0.4931,1.73,-80.23,-3.06,2.55,-86.39,-3.106,1.299,-15.14,11.72,2.447,-0.4847,9.277,-11.23,-56.65,49.8,-64.45,18.05,179.2,-43.46,-19.03,-3.906,-10.74,22.94,130.4,29.3,-54.68,276.9,8.305,6.824,10.75,0,-7.325,13.67,19.54,7.327,-10.26,-0.984,12.23,-0.5019,13.68,-20.04,1.53,21.52,-3.914,14.18,-29.28,-16.15,36.63,45.37,-9.264,23.01,13.15,0.5374,-0.05237,0.8288,0.1632,-0.6733,0.2312,0.5847,-0.4727,0.4022,0.2717,-0.5782,0.3038,-0.4801,-0.5082,-0.493,-0.7395,-0.2362,-0.4301,-0.5318,-0.4333,-0.4571,0.7535,-0.1231,0.6407,0.5962,-0.05243,0.7983,0.4621,-0.6165,0.4548,0.5384,-0.5639,0.4481,0.02936,-0.2821,0.0683,-0.5625,-0.5214,-0.4795,-0.5662,-0.5478,-0.4787,-0.09369,-0.2489,-0.1809
14.15,-1.928,-0.7392,3.546,3.094,-1.357,4.335,-6.109,8.979,0.5108,2.267,0.3101,0.8726,0.4057,-2.093,-54.79,-36.41,2.766,3.173,-0.4253,2.734,52.2,35.23,0.845,1.353,1.058,-1.648,11.01,1.598,0.7777,2.552,-3.665,-0.3378,0.6495,-1.617,-2.277,-6.194,-73.75,-2.931,-2.099,-19,-0.1291,-3.117,-18.67,-6.229,-3.136,19.45,-5.751,-6.743,-110.2,-1.66,1.218,-110,7.317,1.228,-164.6,2.069,-7.993,-78.16,0.1061,-0.7512,-81.69,-1.82,0.1003,-92.71,-0.7359,1.323,-92.71,-1.513,-0.4358,-90.4,-5.157,-1.293,-80.09,-0.5149,1.734,-80.19,-3.064,2.58,-86.4,-3.104,1.316,-2.927,-1.467,-2.447,-0.9694,3.425,-4.879,-46.88,63.96,-64.94,28.81,189.9,-38.08,-5.37,-13.19,-12.21,21.98,121.1,29.3,-51.76,255.4,-4.396,5.849,4.883,10.75,-5.852,10.26,27.35,6.344,-22.95,-11.71,13.15,-5.834,15.61,-23.39,-3.367,13.68,-9.756,4.861,-41.04,-1.934,-22.49,11.69,0.4411,22.49,16.64,0.5376,-0.05176,0.8288,0.1647,-0.6724,0.2326,0.5859,-0.4712,0.4031,0.2729,-0.5783,0.3052,-0.48,-0.5086,-0.4924,-0.7396,-0.2361,-0.4309,-0.532,-0.4335,-0.4577,0.7535,-0.1224,0.6408,0.5962,-0.05194,0.7983,0.4624,-0.6163,0.4547,0.5383,-0.5638,0.4483,0.02918,-0.2821,0.06836,-0.5625,-0.5215,-0.4796,-0.5665,-0.5477,-0.4787,-0.09382,-0.2489,-0.1807
14.16,-1.904,-0.7445,3.538,3.055,-1.389,4.292,-6.121,8.857,0.5856,2.304,0.3989,0.869,0.4292,-2.135,-54.64,-36.44,2.667,3.137,-0.5318,2.704,52.18,35.5,0.8691,1.333,1.031,-1.619,10.97,1.669,0.8146,2.549,-3.656,-0.3227,0.6646,-1.617,-2.278,-6.22,-73.85,-2.919,-2.1,-19.26,-0.09742,-3.022,-18.94,-6.21,-3.04,19.2,-5.694,-6.763,-110.3,-1.629,1.247,-110.1,7.226,1.256,-164.5,2.1,-7.849,-78.22,0.08247,-0.7179,-81.75,-1.816,0.1385,-92.71,-0.7082,1.328,-92.72,-1.523,-0.4034,-90.41,-5.159,-1.276,-80.08,-0.5342,1.742,-80.17,-3.079,2.602,-86.41,-3.1,1.34,3.404,-1.951,-3.415,-2.939,7.332,0.9804,-49.82,69.83,-46.88,19.52,200.2,-52.74,10.27,-6.835,-25.39,33.69,111.8,5.862,-40.03,241.2,-10.74,3.412,9.766,8.786,-11.23,9.286,16.6,-5.361,-28.34,2.92,3.385,-2.949,22.45,-15.7,-2.448,8.761,-4.41,-3.443,-29.28,7.848,-52.77,-23.93,-3.97,-7.368,9.305,0.5377,-0.05127,0.8289,0.1665,-0.6714,0.234,0.5871,-0.4697,0.4039,0.2744,-0.578,0.3066,-0.4799,-0.509,-0.4918,-0.7397,-0.236,-0.432,-0.5323,-0.4339,-0.4586,0.7535,-0.1218,0.641,0.5963,-0.05139,0.7983,0.4625,-0.6161,0.4547,0.5381,-0.5636,0.4486,0.02905,-0.2821,0.06848,-0.5624,-0.5217,-0.4796,-0.5666,-0.5478,-0.4787,-0.094,-0.2489,-0.1806
14.17,-1.869,-0.7394,3.53,3.01,-1.424,4.234,-6.106,8.71,0.6652,2.337,0.4954,0.8625,0.4435,-2.173,-54.5,-36.49,2.583,3.099,-0.6085,2.671,52.17,35.84,0.8911,1.318,1.009,-1.593,10.94,1.713,0.8487,2.543,-3.641,-0.3129,0.6782,-1.616,-2.305,-6.215,-73.97,-2.911,-2.099,-19.52,-0.05595,-2.927,-19.2,-6.154,-2.944,18.93,-5.624,-6.729,-110.5,-1.603,1.278,-110.3,7.105,1.288,-164.4,2.12,-7.668,-78.28,0.04868,-0.6799,-81.8,-1.813,0.1711,-92.73,-0.6816,1.333,-92.74,-1.53,-0.3668,-90.41,-5.153,-1.255,-80.09,-0.5475,1.748,-80.18,-3.089,2.623,-86.42,-3.098,1.361,6.361,-4.885,-2.447,-2.454,11.24,8.299,-53.22,57.13,-50.79,17.59,207.5,-37.11,7.317,-13.19,-19.53,35.64,93.75,1.958,-25.86,222.7,-10.25,0,12.2,10.75,-6.343,16.6,23.93,-9.292,-26.84,8.792,-11.69,-10.23,17.59,-16.7,-7.345,-0.9223,0.9922,-18.1,-26.87,-3.412,-61.48,-31.75,-1.912,-12.15,9.305,0.5378,-0.05072,0.829,0.1682,-0.6704,0.2353,0.5884,-0.4683,0.4043,0.2762,-0.5776,0.3078,-0.4798,-0.5094,-0.4913,-0.7398,-0.2359,-0.4334,-0.5325,-0.4342,-0.4599,0.7534,-0.1212,0.6413,0.5964,-0.05091,0.7983,0.4627,-0.6158,0.4548,0.5381,-0.5634,0.4489,0.02887,-0.282,0.06849,-0.5623,-0.5219,-0.4795,-0.5666,-0.5479,-0.4786,-0.09418,-0.2489,-0.1806
14.18,-1.827,-0.7246,3.51,2.949,-1.468,4.19,-6.056,8.518,0.723,2.357,0.5729,0.8496,0.4407,-2.199,-54.37,-36.57,2.533,3.047,-0.6494,2.642,52.17,36.21,0.9152,1.327,0.9897,-1.564,10.91,1.702,0.8856,2.565,-3.633,-0.2999,0.7123,-1.61,-2.32,-6.176,-74.08,-2.893,-2.094,-19.76,-0.009781,-2.849,-19.46,-6.058,-2.865,18.67,-5.546,-6.648,-110.7,-1.579,1.303,-110.5,6.937,1.312,-164.2,2.125,-7.456,-78.34,0.008779,-0.6277,-81.85,-1.809,0.2079,-92.75,-0.6516,1.345,-92.76,-1.536,-0.3313,-90.41,-5.153,-1.255,-80.14,-0.5342,1.757,-80.24,-3.098,2.639,-86.43,-3.094,1.38,-2.927,3.418,-7.322,3.423,14.65,4.389,-48.35,58.11,-54.2,22.95,217.8,-33.21,2.448,-10.74,-3.905,35.15,65.44,7.808,-25.38,204.6,-8.305,3.899,24.42,3.902,-12.69,19.53,18.56,-18.54,-22.46,23.93,-30.31,-11.23,14.67,-21.05,-7.345,-2.459,-4.41,-22.48,-8.784,-21.95,-31.28,-42.47,-10.73,-23.92,-4.921,0.538,-0.05017,0.8291,0.1699,-0.6696,0.2365,0.5899,-0.467,0.4044,0.2782,-0.5769,0.3087,-0.4796,-0.5099,-0.4907,-0.7397,-0.2358,-0.4352,-0.5326,-0.4347,-0.4614,0.7532,-0.1205,0.6416,0.5964,-0.05042,0.7983,0.4629,-0.6156,0.4547,0.538,-0.5633,0.4491,0.02887,-0.282,0.06849,-0.562,-0.5223,-0.4791,-0.5664,-0.5483,-0.4783,-0.09431,-0.2489,-0.1804
14.19,-1.78,-0.7095,3.503,2.898,-1.504,4.134,-5.982,8.29,0.7865,2.387,0.657,0.8388,0.4329,-2.235,-54.26,-36.68,2.504,3.01,-0.6593,2.608,52.17,36.62,0.9339,1.333,0.9841,-1.556,10.87,1.682,0.9253,2.599,-3.608,-0.2718,0.7364,-1.623,-2.342,-6.115,-74.2,-2.886,-2.09,-19.99,0.04108,-2.777,-19.7,-5.934,-2.791,18.43,-5.464,-6.523,-110.9,-1.555,1.34,-110.7,6.733,1.349,-164,2.102,-7.2,-78.4,-0.03033,-0.5845,-81.9,-1.8,0.2351,-92.76,-0.6204,1.361,-92.77,-1.547,-0.292,-90.4,-5.138,-1.241,-80.21,-0.5197,1.777,-80.31,-3.115,2.657,-86.44,-3.084,1.38,-16.6,5.86,-0.9675,16.6,10.26,5.369,-31.74,61.04,-45.9,19.52,208.5,-34.18,1.947,-9.283,-12.21,16.1,49.32,11.23,-29.79,183.1,-13.19,-3.899,25.89,17.08,-17.58,22.96,31.25,-2.457,-15.61,20.03,-17.08,-2.949,0.4964,-29.4,3.367,5.841,-21.99,-22.96,3.92,-33.67,-1.995,-5.399,-10.29,-11.76,-2.416,0.5381,-0.04962,0.8292,0.1716,-0.6688,0.2376,0.5915,-0.4658,0.4041,0.2804,-0.5761,0.3093,-0.4793,-0.5104,-0.49,-0.7395,-0.2359,-0.4372,-0.5325,-0.4353,-0.4632,0.7531,-0.1199,0.6419,0.5965,-0.04999,0.7983,0.4631,-0.6153,0.4548,0.5378,-0.5631,0.4494,0.02875,-0.2819,0.06848,-0.5617,-0.5227,-0.4786,-0.5661,-0.5488,-0.4781,-0.0943,-0.2488,-0.1803
14.2,-1.711,-0.7009,3.49,2.826,-1.533,4.084,-5.891,8.02,0.8453,2.411,0.7421,0.823,0.4055,-2.266,-54.16,-36.82,2.488,2.967,-0.6612,2.559,52.16,37.05,0.935,1.328,0.9634,-1.55,10.85,1.673,0.9537,2.64,-3.594,-0.2263,0.7497,-1.654,-2.359,-6.067,-74.3,-2.866,-2.08,-20.2,0.1119,-2.701,-19.92,-5.773,-2.715,18.21,-5.369,-6.366,-111.2,-1.523,1.375,-111,6.494,1.383,-163.8,2.062,-6.902,-78.45,-0.07874,-0.542,-81.94,-1.776,0.2673,-92.78,-0.5949,1.367,-92.79,-1.547,-0.2702,-90.4,-5.126,-1.233,-80.26,-0.5004,1.804,-80.36,-3.14,2.677,-86.44,-3.064,1.364,-18.07,15.62,0.4932,-2.454,-7.814,7.319,-32.72,36.63,-41.51,21.98,197.8,-34.66,-2.448,-10.74,-16.6,23.93,53.22,-4.883,-19.06,171.9,-10.25,-3.412,27.34,16.61,-13.18,33.2,28.33,25.87,-11.23,13.68,4.385,1.004,-3.916,-19.38,22.04,11.68,-33.18,-7.292,12.18,-35.15,48.33,12.17,-26.32,0,1.968,0.5383,-0.04908,0.8292,0.1732,-0.668,0.2385,0.5933,-0.4646,0.4037,0.2826,-0.5752,0.3096,-0.4791,-0.511,-0.4893,-0.7391,-0.2363,-0.4394,-0.5321,-0.4362,-0.4652,0.7529,-0.1193,0.6422,0.5967,-0.04956,0.7982,0.4633,-0.6151,0.4549,0.5378,-0.563,0.4496,0.02869,-0.2818,0.06849,-0.5617,-0.5229,-0.4782,-0.5658,-0.5492,-0.4779,-0.09418,-0.2486,-0.1803
14.21,-1.625,-0.688,3.493,2.772,-1.566,4.023,-5.791,7.731,0.9429,2.449,0.866,0.8266,0.3728,-2.306,-54.08,-36.97,2.464,2.941,-0.6376,2.499,52.15,37.47,0.9306,1.318,0.9606,-1.567,10.81,1.722,0.9877,2.69,-3.579,-0.1808,0.7548,-1.683,-2.37,-6.072,-74.41,-2.874,-2.074,-20.39,0.198,-2.623,-20.12,-5.587,-2.636,18,-5.246,-6.165,-111.4,-1.496,1.418,-111.2,6.232,1.426,-163.7,1.993,-6.571,-78.49,-0.1373,-0.499,-81.98,-1.747,0.2958,-92.79,-0.5672,1.387,-92.8,-1.555,-0.2484,-90.41,-5.118,-1.217,-80.26,-0.4846,1.849,-80.36,-3.174,2.691,-86.44,-3.05,1.348,0.9855,15.62,-18.06,-9.27,-7.332,16.11,-31.25,29.78,-43.95,16.12,177.2,-29.79,-7.818,-11.72,-4.881,26.85,44.93,6.84,-13.19,153.3,-19.53,-9.261,16.12,16.61,-10.74,6.357,0.9817,15.64,-19.54,13.17,24.38,-1.945,17.59,-24.39,3.979,12.14,-16.59,15.12,-14.17,-15.58,65.47,24.9,-13.68,3.361,0.4473,0.5383,-0.04852,0.8294,0.1749,-0.6672,0.2391,0.5952,-0.4635,0.4029,0.285,-0.5743,0.3095,-0.4788,-0.5116,-0.4885,-0.7384,-0.237,-0.4417,-0.5315,-0.4372,-0.4674,0.7526,-0.1187,0.6426,0.5969,-0.04913,0.7981,0.4635,-0.6148,0.455,0.5378,-0.5628,0.4498,0.02857,-0.2817,0.06854,-0.5619,-0.523,-0.4779,-0.5658,-0.5494,-0.4779,-0.09406,-0.2485,-0.1803
14.22,-1.544,-0.6771,3.486,2.745,-1.592,3.981,-5.646,7.415,1.05,2.484,0.9926,0.8288,0.3412,-2.342,-54.01,-37.12,2.46,2.899,-0.5834,2.449,52.14,37.87,0.9273,1.31,0.969,-1.556,10.79,1.806,1.022,2.737,-3.58,-0.1473,0.7621,-1.712,-2.399,-6.101,-74.51,-2.898,-2.066,-20.57,0.2735,-2.555,-20.32,-5.367,-2.566,17.8,-5.112,-5.919,-111.7,-1.484,1.47,-111.5,5.929,1.478,-163.5,1.916,-6.216,-78.55,-0.1859,-0.4616,-82.03,-1.713,0.3202,-92.82,-0.5303,1.413,-92.83,-1.553,-0.223,-90.41,-5.12,-1.201,-80.22,-0.4629,1.862,-80.33,-3.198,2.719,-86.44,-3.037,1.347,21.98,14.16,-12.69,-10.75,-5.852,25.39,-41.02,28.82,-41.99,4.396,162.6,-37.6,-16.11,-12.69,-5.374,15.64,43.95,7.808,-21.98,128.4,-23.44,-3.899,0.4905,7.805,-2.435,-0.499,0.4794,7.327,-10.74,26.85,9.769,-10.73,-6.342,-27.73,-8.722,6.763,-2.425,27.35,-24.89,32.76,36.09,-16.12,-19.12,-1.034,28.36,0.5382,-0.04797,0.8296,0.1764,-0.6665,0.2398,0.5974,-0.4622,0.4021,0.2877,-0.5732,0.3091,-0.4784,-0.5124,-0.4878,-0.7376,-0.2379,-0.4442,-0.5306,-0.4385,-0.4696,0.7524,-0.1181,0.643,0.5972,-0.04871,0.7979,0.4637,-0.6144,0.4551,0.5378,-0.5626,0.45,0.02844,-0.2817,0.06861,-0.5621,-0.523,-0.4777,-0.5659,-0.5494,-0.478,-0.09406,-0.2484,-0.1803
14.23,-1.478,-0.6771,3.478,2.749,-1.625,3.944,-5.482,7.067,1.177,2.536,1.139,0.8532,0.2982,-2.388,-53.94,-37.28,2.467,2.864,-0.5145,2.377,52.14,38.25,0.9207,1.299,0.9483,-1.54,10.76,1.909,1.033,2.773,-3.585,-0.1234,0.7793,-1.732,-2.423,-6.141,-74.62,-2.944,-2.064,-20.75,0.3631,-2.498,-20.51,-5.113,-2.508,17.6,-4.955,-5.648,-111.9,-1.467,1.525,-111.7,5.599,1.531,-163.4,1.814,-5.821,-78.62,-0.2248,-0.4243,-82.1,-1.685,0.3555,-92.85,-0.5071,1.423,-92.86,-1.54,-0.2017,-90.42,-5.113,-1.199,-80.18,-0.4484,1.881,-80.29,-3.219,2.736,-86.44,-3.031,1.346,19.05,4.885,0,-4.877,-6.351,30.28,-51.25,36.63,-31.74,8.793,153.3,-36.13,-10.27,-6.835,-11.71,19.54,67.87,5.862,-16.59,119.6,-18.07,1.95,-3.412,-10.75,8.307,1.953,-1.963,1.474,-2.918,30.76,7.846,-26.35,18.09,-25.06,-10.71,0.9223,23.43,23.9,-20.02,36.63,8.796,-4.916,-8.235,-3.878,6.352,0.5379,-0.04743,0.8299,0.178,-0.6658,0.2404,0.5998,-0.4609,0.4011,0.2905,-0.5721,0.3085,-0.4781,-0.5132,-0.487,-0.7365,-0.239,-0.4468,-0.5294,-0.4401,-0.4719,0.7523,-0.1174,0.6433,0.5974,-0.04816,0.7978,0.4638,-0.6142,0.4552,0.5379,-0.5623,0.4502,0.02844,-0.2816,0.06867,-0.5622,-0.523,-0.4775,-0.5661,-0.5494,-0.4781,-0.09406,-0.2483,-0.1803
14.24,-1.43,-0.6514,3.457,2.735,-1.653,3.909,-5.283,6.721,1.284,2.556,1.26,0.8431,0.2471,-2.413,-53.89,-37.44,2.485,2.814,-0.4478,2.292,52.14,38.61,0.9152,1.282,0.9365,-1.535,10.73,1.978,1.039,2.779,-3.593,-0.1267,0.7935,-1.748,-2.458,-6.16,-74.73,-2.962,-2.048,-20.92,0.4487,-2.436,-20.69,-4.83,-2.445,17.4,-4.789,-5.356,-112.2,-1.461,1.579,-112,5.257,1.586,-163.3,1.712,-5.406,-78.7,-0.2546,-0.3775,-82.16,-1.665,0.3749,-92.88,-0.4921,1.428,-92.89,-1.532,-0.1778,-90.41,-5.113,-1.192,-80.17,-0.4484,1.896,-80.28,-3.227,2.746,-86.45,-3.039,1.342,4.898,2.926,9.276,8.301,-3.425,27.83,-44.42,53.23,-15.62,15.62,141.1,-36.62,-5.37,-1.472,-22.46,15.14,27.34,10.25,-10.24,103.5,-22.47,6.824,3.902,5.374,13.67,0,10.75,-12.2,-16.58,4.888,-8.769,-30.74,16.1,-18.04,-7.345,6.763,33.68,15.6,-9.775,31.28,7.345,0.9671,3.97,13.7,20.04,0.5378,-0.04675,0.8302,0.1795,-0.6652,0.2409,0.6023,-0.4596,0.3999,0.2935,-0.5709,0.3078,-0.4776,-0.5141,-0.4862,-0.7354,-0.2401,-0.4494,-0.528,-0.4419,-0.4741,0.7522,-0.1166,0.6435,0.5976,-0.04773,0.7977,0.4641,-0.6139,0.4553,0.538,-0.5621,0.4504,0.02838,-0.2816,0.06867,-0.562,-0.5233,-0.4773,-0.5662,-0.5494,-0.4781,-0.094,-0.2484,-0.1803
14.25,-1.403,-0.6416,3.432,2.727,-1.672,3.891,-5.055,6.362,1.383,2.579,1.369,0.8144,0.1937,-2.447,-53.84,-37.58,2.519,2.774,-0.3637,2.203,52.14,38.91,0.9185,1.258,0.9212,-1.528,10.71,2.039,1.036,2.762,-3.614,-0.1321,0.814,-1.763,-2.5,-6.154,-74.84,-2.971,-2.036,-21.08,0.5387,-2.38,-20.87,-4.512,-2.387,17.2,-4.607,-5.03,-112.4,-1.458,1.643,-112.3,4.901,1.648,-163.3,1.593,-4.977,-78.79,-0.2681,-0.3456,-82.22,-1.65,0.3953,-92.92,-0.4748,1.429,-92.93,-1.509,-0.1534,-90.41,-5.113,-1.192,-80.18,-0.4605,1.908,-80.29,-3.219,2.761,-86.45,-3.037,1.341,-0.9855,8.786,2.921,30.26,0.981,27.35,-25.4,56.63,-11.23,26.84,123.5,-22.95,-7.818,5.859,-13.68,31.24,40.53,2.441,3.924,94.25,-27.83,16.61,23.93,-1.962,18.07,5.858,9.269,-10.28,-21.97,0.984,-18.54,-23.46,0,-12.36,4.438,0.9223,25.41,15.12,3.92,11.26,10.25,-1.451,-14.7,-7.756,0.9842,0.5378,-0.04614,0.8303,0.181,-0.6645,0.2414,0.6049,-0.4586,0.3985,0.2967,-0.5697,0.3068,-0.4772,-0.5149,-0.4855,-0.7342,-0.2414,-0.4522,-0.5263,-0.4439,-0.4763,0.7522,-0.1159,0.6436,0.5978,-0.04724,0.7977,0.4644,-0.6137,0.4554,0.5382,-0.5617,0.4506,0.02838,-0.2816,0.06867,-0.5618,-0.5237,-0.477,-0.5663,-0.5494,-0.478,-0.094,-0.2484,-0.1802
14.26,-1.374,-0.6201,3.405,2.721,-1.69,3.859,-4.792,5.988,1.492,2.585,1.485,0.7806,0.1473,-2.465,-53.81,-37.74,2.552,2.725,-0.3055,2.094,52.14,39.2,0.9163,1.225,0.9133,-1.511,10.69,2.087,1.042,2.743,-3.614,-0.1278,0.8266,-1.767,-2.534,-6.149,-74.96,-2.978,-2.011,-21.24,0.6205,-2.304,-21.04,-4.168,-2.31,17.01,-4.417,-4.698,-112.7,-1.46,1.704,-112.5,4.526,1.709,-163.3,1.465,-4.518,-78.88,-0.278,-0.3029,-82.28,-1.63,0.4147,-92.96,-0.4552,1.437,-92.97,-1.496,-0.1359,-90.42,-5.099,-1.189,-80.19,-0.475,1.91,-80.3,-3.217,2.773,-86.46,-3.029,1.349,-19.05,17.58,5.368,17.57,-10.74,8.299,-5.851,63.96,-19.05,37.6,121.6,-36.13,-8.792,7.812,-2.929,14.65,25.4,15.13,4.896,89.85,-22.95,19.53,32.71,2.921,10.74,14.17,6.826,-10.28,-26.84,11.24,-22.92,-8.281,3.419,-22.38,1.989,12.14,-2.921,7.832,13.69,-30.26,15.6,18.54,-13.23,5.429,-0.9842,0.5378,-0.04541,0.8305,0.1824,-0.6638,0.2419,0.6076,-0.4576,0.3966,0.2999,-0.5684,0.3057,-0.4767,-0.5159,-0.4847,-0.7328,-0.243,-0.4549,-0.5243,-0.4463,-0.4784,0.7523,-0.1151,0.6438,0.5979,-0.04682,0.7976,0.4646,-0.6134,0.4555,0.5384,-0.5614,0.4508,0.02838,-0.2815,0.06873,-0.5616,-0.524,-0.4769,-0.5663,-0.5495,-0.4779,-0.09406,-0.2483,-0.1802
14.27,-1.339,-0.6299,3.391,2.724,-1.675,3.828,-4.52,5.592,1.62,2.593,1.618,0.7577,0.1078,-2.48,-53.79,-37.88,2.556,2.674,-0.2355,1.996,52.15,39.47,0.8966,1.179,0.9021,-1.5,10.67,2.157,1.03,2.718,-3.617,-0.118,0.8297,-1.784,-2.58,-6.152,-75.07,-2.994,-1.984,-21.38,0.6976,-2.219,-21.2,-3.819,-2.224,16.82,-4.201,-4.344,-113,-1.461,1.766,-112.8,4.128,1.77,-163.3,1.321,-4.055,-78.95,-0.2902,-0.29,-82.35,-1.606,0.4356,-93.01,-0.4494,1.446,-93.02,-1.479,-0.1216,-90.42,-5.084,-1.182,-80.19,-0.4991,1.918,-80.3,-3.215,2.79,-86.46,-3.015,1.347,-20.01,18.06,3.415,11.72,-10.26,6.35,0.9809,46.38,-5.368,18.55,107.9,-18.07,0.5008,22.46,-11.23,20.99,38.58,7.808,16.11,83.5,-22.47,4.387,22.94,-4.393,-2.435,17.57,10.25,17.11,-23.43,17.08,0.4615,5.395,-3.419,-34.74,7.804,11.68,-20.01,14.18,11.71,-46.86,28.29,34.17,-10.29,18.1,10.74,0.5377,-0.04468,0.8307,0.1837,-0.663,0.2423,0.6102,-0.4568,0.3946,0.3034,-0.5671,0.3045,-0.4762,-0.5167,-0.484,-0.7312,-0.2448,-0.4577,-0.5222,-0.4486,-0.4806,0.7523,-0.1144,0.6439,0.5981,-0.04633,0.7975,0.4648,-0.6133,0.4557,0.5386,-0.5611,0.4509,0.02832,-0.2814,0.06873,-0.5614,-0.5242,-0.4768,-0.5664,-0.5495,-0.4778,-0.09406,-0.2482,-0.1802
14.28,-1.292,-0.6289,3.378,2.717,-1.666,3.794,-4.216,5.192,1.739,2.599,1.738,0.7232,0.06709,-2.497,-53.75,-38.03,2.546,2.631,-0.1636,1.889,52.15,39.7,0.8648,1.125,0.9066,-1.485,10.64,2.23,1.022,2.696,-3.626,-0.1148,0.8366,-1.812,-2.616,-6.174,-75.18,-3.002,-1.952,-21.52,0.7699,-2.134,-21.36,-3.443,-2.137,16.64,-3.948,-3.971,-113.2,-1.459,1.834,-113.1,3.73,1.837,-163.3,1.168,-3.583,-79.03,-0.3033,-0.2664,-82.41,-1.571,0.4557,-93.04,-0.4425,1.469,-93.05,-1.464,-0.1046,-90.42,-5.078,-1.174,-80.17,-0.5209,1.922,-80.28,-3.213,2.818,-86.46,-3.005,1.348,-11.71,21.97,-11.72,2.939,-10.26,22.46,-0.4905,29.3,10.25,7.827,100.1,-8.793,5.37,24.91,-15.14,25.39,30.27,-3.42,15.62,70.31,-28.81,-6.824,9.766,4.883,-21.97,3.428,16.6,11.21,-29.31,0,9.769,18.57,2.923,-22.05,10.71,15.06,-24.42,22.48,1.464,-27.3,19.04,30.3,3.97,29.73,0,0.5378,-0.04395,0.8308,0.185,-0.6622,0.2428,0.6129,-0.456,0.3924,0.307,-0.5659,0.3029,-0.4758,-0.5176,-0.4833,-0.7295,-0.2468,-0.4605,-0.5199,-0.4511,-0.4827,0.7523,-0.1138,0.644,0.5984,-0.0459,0.7973,0.4649,-0.613,0.4559,0.5387,-0.5608,0.4511,0.02826,-0.2813,0.06873,-0.5613,-0.5244,-0.4768,-0.5666,-0.5495,-0.4777,-0.09406,-0.2481,-0.1801
14.29,-1.241,-0.6329,3.378,2.704,-1.659,3.744,-3.883,4.79,1.848,2.609,1.847,0.688,0.02878,-2.517,-53.72,-38.14,2.537,2.572,-0.08513,1.781,52.15,39.9,0.8549,1.101,0.9139,-1.454,10.62,2.318,1.019,2.704,-3.637,-0.08663,0.8411,-1.809,-2.659,-6.211,-75.3,-3.017,-1.929,-21.67,0.8364,-2.068,-21.53,-3.044,-2.07,16.46,-3.665,-3.593,-113.5,-1.469,1.902,-113.3,3.318,1.904,-163.4,1.02,-3.103,-79.1,-0.3309,-0.2482,-82.48,-1.547,0.4767,-93.09,-0.424,1.494,-93.1,-1.443,-0.08706,-90.42,-5.07,-1.165,-80.15,-0.5233,1.911,-80.26,-3.225,2.838,-86.48,-2.985,1.37,2.449,24.42,-14.15,-10.24,-23.92,15.63,-4.379,-7.81,1.954,4.396,90.82,1.953,-2.921,25.39,-10.74,21.49,32.71,1.463,15.14,51.75,-15.62,-14.66,-1.471,4.393,-10.74,7.811,1.461,-6.835,-20.51,7.808,2.923,0.5019,2.923,-17.04,-5.815,3.843,-23.92,14.65,0,-15.13,-27.84,-9.751,-4.853,1.939,5.368,0.5377,-0.04322,0.831,0.1863,-0.6615,0.2434,0.6158,-0.455,0.39,0.3109,-0.5647,0.3013,-0.4754,-0.5185,-0.4827,-0.7278,-0.2488,-0.4633,-0.5176,-0.4536,-0.4848,0.7522,-0.1133,0.6442,0.5986,-0.04541,0.7972,0.465,-0.6127,0.4561,0.539,-0.5604,0.4513,0.0282,-0.2813,0.06879,-0.5611,-0.5244,-0.4768,-0.5667,-0.5496,-0.4777,-0.09424,-0.248,-0.1799
14.3,-1.184,-0.6297,3.358,2.694,-1.66,3.728,-3.54,4.391,1.963,2.607,1.964,0.6664,-0.02223,-2.521,-53.67,-38.25,2.489,2.5,0.01032,1.651,52.13,40.08,0.8307,1.072,0.9195,-1.43,10.6,2.385,1.01,2.712,-3.65,-0.05631,0.8541,-1.805,-2.708,-6.219,-75.4,-3.038,-1.905,-21.83,0.9127,-2.007,-21.71,-2.625,-2.009,16.28,-3.325,-3.192,-113.7,-1.481,1.952,-113.5,2.907,1.954,-163.4,0.869,-2.615,-79.18,-0.3594,-0.2215,-82.54,-1.517,0.4978,-93.13,-0.4136,1.519,-93.15,-1.422,-0.07007,-90.42,-5.063,-1.164,-80.15,-0.5245,1.907,-80.26,-3.234,2.857,-86.48,-2.962,1.392,9.287,19.04,-14.64,-16.6,-23.44,13.18,-8.303,-38.57,-5.368,-10.76,81.05,28.81,-0.5008,22.95,-19.53,22.45,27.34,-4.399,13.19,41,-16.11,-3.412,1.471,-4.883,-16.12,0.499,14.15,-11.21,0,17.58,-12.23,2.447,15.11,-18.71,-4.438,-3.382,-12.68,0,-8.784,-5.915,-59.12,-23.45,-13.23,-21.98,14.67,0.5376,-0.04254,0.8312,0.1877,-0.6609,0.2439,0.6189,-0.4539,0.3876,0.3151,-0.5637,0.2993,-0.475,-0.5192,-0.4822,-0.7259,-0.2509,-0.466,-0.5152,-0.4563,-0.4868,0.7522,-0.1126,0.6445,0.5988,-0.04492,0.7971,0.4653,-0.6123,0.4565,0.5392,-0.56,0.4514,0.0282,-0.2812,0.06879,-0.561,-0.5246,-0.4768,-0.5668,-0.5497,-0.4776,-0.09443,-0.2478,-0.1798
14.31,-1.127,-0.6311,3.332,2.676,-1.66,3.724,-3.172,3.993,2.082,2.616,2.08,0.6392,-0.08714,-2.536,-53.57,-38.34,2.442,2.427,0.09914,1.51,52.07,40.2,0.8165,1.061,0.903,-1.404,10.58,2.417,1.002,2.723,-3.65,-0.02924,0.8538,-1.811,-2.757,-6.189,-75.5,-3.061,-1.877,-22.03,0.9945,-1.955,-21.92,-2.176,-1.956,16.1,-2.954,-2.784,-113.9,-1.49,2.02,-113.7,2.5,2.022,-163.5,0.7313,-2.113,-79.27,-0.398,-0.1909,-82.61,-1.497,0.5282,-93.18,-0.4066,1.532,-93.2,-1.409,-0.05892,-90.42,-5.051,-1.157,-80.19,-0.5173,1.912,-80.3,-3.24,2.872,-86.49,-2.94,1.397,10.24,13.67,-18.55,-23.93,-43.46,-7.319,-12.19,-62.98,-6.84,-17.09,62.51,49.32,-5.87,31.25,-18.06,29.79,28.81,-9.766,15.14,25.38,-17.1,-9.261,8.295,-1.471,-6.834,7.811,18.56,-9.784,18.08,6.824,-23.46,7.842,3.916,-26.73,-10.71,0,-1.929,-22.48,-29.28,2.389,-48.78,-46.9,-7.794,-23.4,2.952,0.5375,-0.04187,0.8314,0.1893,-0.6602,0.2446,0.6225,-0.4522,0.3853,0.3195,-0.5627,0.2971,-0.4746,-0.52,-0.4817,-0.7242,-0.253,-0.4688,-0.5127,-0.4592,-0.4887,0.752,-0.1118,0.6448,0.599,-0.04437,0.797,0.4657,-0.6119,0.4568,0.5395,-0.5597,0.4516,0.02814,-0.2811,0.06879,-0.5608,-0.5248,-0.4765,-0.5666,-0.5499,-0.4774,-0.09449,-0.2476,-0.1798
14.32,-1.086,-0.6254,3.302,2.66,-1.658,3.736,-2.783,3.595,2.202,2.61,2.196,0.6018,-0.1568,-2.54,-53.42,-38.42,2.37,2.333,0.1887,1.371,51.99,40.31,0.8198,1.058,0.8974,-1.377,10.58,2.402,1.005,2.726,-3.644,0.003248,0.8764,-1.831,-2.812,-6.121,-75.58,-3.084,-1.847,-22.27,1.077,-1.907,-22.18,-1.705,-1.908,15.9,-2.537,-2.366,-114,-1.515,2.086,-113.9,2.077,2.087,-163.6,0.6033,-1.604,-79.37,-0.4363,-0.1601,-82.67,-1.493,0.5522,-93.24,-0.3951,1.548,-93.25,-1.399,-0.04459,-90.43,-5.034,-1.17,-80.26,-0.5149,1.909,-80.38,-3.238,2.89,-86.5,-2.909,1.387,7.316,14.65,-11.23,-6.847,-44.44,-5.859,-8.303,-68.85,-1.46,-2.431,53.22,69.83,-7.818,33.69,-15.63,29.79,35.16,-14.65,23.92,18.56,-11.22,-6.336,20.51,6.845,-7.816,6.834,10.25,-22.96,22.46,10.73,-21,20.01,10.75,-23.05,3.979,-0.9223,-1.488,-37.14,-24.41,3.867,-9.793,-28.77,-8.823,-17.06,6.8,0.5374,-0.04126,0.8316,0.1912,-0.6595,0.2456,0.6265,-0.4501,0.3833,0.3242,-0.5618,0.2949,-0.4743,-0.5207,-0.4814,-0.7222,-0.2551,-0.4716,-0.5102,-0.4621,-0.4905,0.7519,-0.111,0.6451,0.5991,-0.04389,0.797,0.4662,-0.6114,0.4572,0.5397,-0.5594,0.4519,0.02826,-0.281,0.06879,-0.5606,-0.525,-0.4764,-0.5663,-0.5503,-0.4771,-0.09442,-0.2474,-0.1797
14.33,-1.053,-0.6127,3.288,2.661,-1.645,3.735,-2.383,3.207,2.339,2.596,2.327,0.5796,-0.2332,-2.53,-53.22,-38.48,2.277,2.228,0.2742,1.212,51.88,40.37,0.8318,1.056,0.9072,-1.371,10.56,2.37,1.016,2.732,-3.631,0.03465,0.8794,-1.854,-2.857,-6.027,-75.66,-3.115,-1.808,-22.55,1.16,-1.853,-22.48,-1.222,-1.853,15.7,-2.093,-1.939,-114.2,-1.536,2.143,-114,1.67,2.143,-163.7,0.4867,-1.096,-79.44,-0.4645,-0.1326,-82.74,-1.488,0.5664,-93.28,-0.3743,1.569,-93.3,-1.39,-0.03079,-90.43,-5.013,-1.161,-80.35,-0.5112,1.917,-80.47,-3.24,2.911,-86.5,-2.881,1.377,2.927,16.11,-16.6,5.362,-68.85,-10.74,7.322,-65.43,-9.771,9.758,32.72,80.57,-1.475,34.18,-22.94,19.54,30.77,-2.925,24.89,5.375,-9.765,-2.924,25.89,6.845,-1.473,19.05,-3.424,-11.7,25.86,25.39,-10.77,28.8,-11.69,-36.75,12.7,13.22,-4.41,-42.47,-29.28,-0.455,19.5,-16.6,-16.18,-14.22,4.384,0.5372,-0.04059,0.8318,0.1934,-0.6586,0.2468,0.6311,-0.4473,0.3817,0.3292,-0.5609,0.2926,-0.474,-0.5213,-0.4811,-0.7204,-0.2572,-0.4743,-0.5077,-0.4651,-0.4922,0.7519,-0.1103,0.6453,0.5991,-0.04346,0.797,0.4666,-0.6109,0.4575,0.5399,-0.5591,0.4521,0.0282,-0.2808,0.06879,-0.5605,-0.5252,-0.4762,-0.566,-0.5509,-0.4767,-0.09436,-0.2471,-0.1797
14.34,-1.017,-0.5982,3.293,2.661,-1.63,3.718,-1.965,2.826,2.504,2.582,2.484,0.5587,-0.3132,-2.52,-52.97,-38.52,2.174,2.119,0.3372,1.057,51.77,40.4,0.8505,1.054,0.9049,-1.378,10.53,2.374,1.039,2.743,-3.61,0.07363,0.8876,-1.885,-2.889,-5.971,-75.74,-3.15,-1.767,-22.88,1.256,-1.784,-22.82,-0.708,-1.783,15.45,-1.626,-1.502,-114.3,-1.558,2.204,-114.2,1.266,2.204,-163.8,0.3793,-0.5916,-79.5,-0.4969,-0.1038,-82.8,-1.483,0.5806,-93.31,-0.35,1.576,-93.33,-1.39,-0.01964,-90.43,-4.99,-1.16,-80.42,-0.51,1.939,-80.53,-3.251,2.924,-86.5,-2.855,1.353,2.927,21.48,-21.97,-7.816,-71.77,-19.04,22.95,-44.44,-3.908,38.57,21.48,101.1,0,34.18,-23.93,18.55,29.29,-11.23,32.22,1.469,-7.333,-3.412,26.36,7.314,-1.473,14.17,8.31,3.887,23.43,17.08,-1,24.91,8.769,-21.38,18.52,5.38,0.9922,-16.61,-35.65,-8.303,69.37,19.02,-10.29,16.16,6.8,0.537,-0.03992,0.832,0.1959,-0.6576,0.2483,0.6361,-0.4439,0.3803,0.3346,-0.5598,0.2904,-0.4739,-0.5219,-0.4809,-0.7186,-0.2591,-0.4771,-0.5052,-0.4681,-0.4939,0.7517,-0.1097,0.6456,0.5992,-0.04303,0.797,0.4669,-0.6106,0.4577,0.54,-0.5589,0.4522,0.0282,-0.2806,0.06879,-0.5604,-0.5254,-0.4759,-0.5657,-0.5513,-0.4764,-0.09418,-0.2469,-0.1797
14.35,-0.9855,-0.5943,3.302,2.679,-1.611,3.703,-1.507,2.453,2.679,2.588,2.654,0.5415,-0.3678,-2.531,-52.66,-38.52,2.085,2.017,0.4006,0.9099,51.61,40.4,0.8735,1.054,0.9111,-1.394,10.48,2.411,1.047,2.748,-3.622,0.08879,0.8849,-1.917,-2.916,-5.936,-75.82,-3.196,-1.735,-23.27,1.34,-1.706,-23.23,-0.1671,-1.706,15.18,-1.156,-1.041,-114.4,-1.581,2.276,-114.3,0.8696,2.275,-163.9,0.2796,-0.09682,-79.56,-0.5235,-0.08983,-82.87,-1.477,0.5906,-93.34,-0.3212,1.586,-93.35,-1.369,-0.00637,-90.42,-4.984,-1.146,-80.45,-0.5076,1.965,-80.56,-3.253,2.942,-86.5,-2.844,1.336,11.23,28.32,-26.86,-10.24,-58.59,3.42,24.91,-22.47,14.16,56.15,19.54,106.4,-0.5008,34.67,-17.58,16.1,23.92,-22.95,40.03,-5.845,-9.765,7.311,21.49,5.374,2.926,13.67,0.4794,14.16,16.58,-1.46,18.08,21.02,1.93,-20.04,0.4591,11.68,-0.9922,5.402,-33.67,5.346,63.47,15.15,-6.764,4.395,13.15,0.5367,-0.03931,0.8323,0.1986,-0.6564,0.2502,0.6417,-0.44,0.3791,0.3402,-0.5586,0.2882,-0.4738,-0.5224,-0.4808,-0.7168,-0.2609,-0.4798,-0.5029,-0.4711,-0.4955,0.7516,-0.1093,0.6458,0.5993,-0.04261,0.797,0.4672,-0.6103,0.4578,0.5401,-0.5586,0.4523,0.02808,-0.2805,0.06879,-0.5604,-0.5256,-0.4757,-0.5656,-0.5515,-0.4762,-0.09406,-0.2468,-0.1798
14.36,-0.9531,-0.5896,3.3,2.723,-1.582,3.694,-1.003,2.103,2.847,2.578,2.815,0.5501,-0.4186,-2.519,-52.28,-38.49,2.036,1.925,0.4872,0.746,51.43,40.38,0.8768,1.047,0.9164,-1.392,10.44,2.482,1.05,2.754,-3.631,0.1213,0.8641,-1.935,-2.931,-5.947,-75.89,-3.262,-1.693,-23.73,1.393,-1.645,-23.7,0.391,-1.644,14.88,-0.7043,-0.5545,-114.4,-1.609,2.335,-114.3,0.492,2.334,-163.9,0.1718,0.3908,-79.62,-0.5453,-0.07562,-82.93,-1.466,0.5994,-93.36,-0.305,1.597,-93.37,-1.353,-0.01009,-90.43,-4.978,-1.129,-80.44,-0.5064,1.971,-80.56,-3.259,2.951,-86.5,-2.816,1.325,13.68,21,-37.1,-1.939,-44.92,8.299,20.49,10.73,25.88,58.12,1.946,106.9,0,24.91,-23.93,18.55,22.94,-24.9,44.92,-10.25,-3.909,6.824,8.786,-6.355,10.74,19.53,-3.424,12.2,10.74,1.968,21.46,-0.5019,13.68,-33.74,-8.722,11.22,-2.921,15.12,-22.95,2.389,11.7,6.366,-4.411,3.361,9.752,0.5363,-0.03864,0.8326,0.2016,-0.6552,0.2526,0.6475,-0.4358,0.3781,0.3459,-0.557,0.2861,-0.4738,-0.5228,-0.4809,-0.7151,-0.2626,-0.4825,-0.5005,-0.4738,-0.4972,0.7516,-0.1088,0.646,0.5994,-0.04224,0.797,0.4674,-0.61,0.4579,0.5403,-0.5585,0.4523,0.02795,-0.2805,0.06885,-0.5603,-0.5258,-0.4755,-0.5657,-0.5515,-0.4762,-0.094,-0.2465,-0.1798
14.37,-0.9211,-0.5845,3.298,2.772,-1.559,3.69,-0.4679,1.773,3.007,2.574,2.969,0.5638,-0.4714,-2.511,-51.85,-38.45,2.049,1.832,0.5945,0.5965,51.2,40.36,0.8911,1.049,0.9094,-1.41,10.39,2.56,1.05,2.754,-3.633,0.1332,0.8707,-1.962,-2.936,-5.967,-75.95,-3.34,-1.657,-24.23,1.441,-1.606,-24.22,0.9737,-1.606,14.59,-0.2843,-0.04636,-114.4,-1.644,2.396,-114.3,0.1286,2.395,-164,0.07555,0.8563,-79.68,-0.5727,-0.06158,-82.99,-1.461,0.6081,-93.37,-0.2865,1.595,-93.38,-1.336,-0.001062,-90.43,-4.963,-1.127,-80.42,-0.5016,1.997,-80.54,-3.253,2.969,-86.5,-2.794,1.315,17.08,21,-14.64,3.908,-37.11,29.79,27.82,64.44,28.81,64.94,-20.51,90.82,5.87,24.41,-39.55,19.04,16.6,-25.88,44.92,-31.75,-8.305,15.15,22.94,-7.314,18.07,10.26,-7.328,6.835,-2.432,-9.268,15.62,-11.23,13.68,-19.38,-1.53,11.22,7.331,18.57,-3.92,9.327,-29.29,0.4835,-12.65,-8.273,11.72,0.5357,-0.03803,0.833,0.2047,-0.654,0.2554,0.6534,-0.4315,0.377,0.3515,-0.5551,0.2841,-0.4738,-0.5232,-0.481,-0.7136,-0.2641,-0.4852,-0.4984,-0.4764,-0.4988,0.7515,-0.1083,0.6462,0.5994,-0.04187,0.797,0.4677,-0.6097,0.458,0.5404,-0.5583,0.4523,0.02796,-0.2803,0.06891,-0.56,-0.5263,-0.475,-0.5659,-0.5514,-0.4762,-0.09394,-0.2463,-0.1798
14.38,-0.9144,-0.5881,3.296,2.87,-1.543,3.69,0.07972,1.462,3.181,2.589,3.143,0.5989,-0.4873,-2.519,-51.32,-38.39,2.086,1.755,0.7087,0.4425,50.89,40.34,0.8999,1.052,0.9072,-1.42,10.35,2.606,1.047,2.768,-3.644,0.1592,0.8791,-1.995,-2.956,-5.962,-76.01,-3.439,-1.637,-24.82,1.469,-1.558,-24.82,1.549,-1.558,14.29,0.09781,0.4772,-114.4,-1.679,2.456,-114.4,-0.2187,2.455,-164,-0.02493,1.313,-79.74,-0.5743,-0.05623,-83.04,-1.456,0.6166,-93.39,-0.2726,1.599,-93.4,-1.321,0.009024,-90.43,-4.957,-1.126,-80.43,-0.4955,2.016,-80.55,-3.261,2.99,-86.5,-2.773,1.3,9.765,11.72,-2.921,0.9694,-19.04,33.21,15.13,99.61,48.34,61.05,-40.03,85.93,7.317,23.93,-16.6,15.64,4.393,-23.44,45.41,-40.03,-9.765,10.76,18.06,-9.276,18.07,7.811,-3.904,11.21,-3.404,-15.14,2.462,-19.07,14.67,-24.05,-6.274,8.3,1.488,16.14,25.41,10.69,-40.53,-14.18,-15.59,-7.368,15.66,0.535,-0.03754,0.8335,0.2078,-0.6528,0.2582,0.6592,-0.4273,0.3758,0.357,-0.5529,0.2822,-0.4739,-0.5235,-0.4812,-0.7121,-0.2654,-0.4877,-0.4963,-0.4789,-0.5005,0.7515,-0.1079,0.6463,0.5995,-0.0415,0.797,0.4682,-0.6094,0.4583,0.5405,-0.5581,0.4524,0.02796,-0.2803,0.06891,-0.5597,-0.5268,-0.4745,-0.5658,-0.5516,-0.4761,-0.09381,-0.2462,-0.1797
14.39,-0.8987,-0.5891,3.285,2.95,-1.52,3.677,0.5945,1.145,3.347,2.609,3.305,0.6241,-0.5252,-2.534,-50.9,-38.33,2.138,1.682,0.855,0.3003,50.7,40.34,0.8933,1.041,0.9122,-1.435,10.35,2.586,1.03,2.754,-3.649,0.1657,0.8734,-2.019,-2.998,-5.913,-76.07,-3.526,-1.608,-25.31,1.512,-1.516,-25.33,2.106,-1.516,13.97,0.4524,1.015,-114.4,-1.702,2.527,-114.4,-0.5585,2.526,-164,-0.1177,1.761,-79.8,-0.5805,-0.05035,-83.09,-1.446,0.6227,-93.42,-0.2692,1.609,-93.43,-1.3,0.01221,-90.43,-4.942,-1.121,-80.49,-0.4979,2.037,-80.61,-3.249,3.004,-86.51,-2.759,1.286,-2.927,12.7,24.41,6.362,0,57.61,21.97,142.6,74.22,41.03,-65.43,70.8,-0.5008,20.51,-18.06,19.04,6.831,-26.37,51.28,-46.88,-10.74,12.22,20.51,-23.93,6.343,13.67,-2.443,5.361,1.459,-10.73,-5.846,-18.07,-4.412,-25.72,-10.25,4.458,3.418,14.65,32.73,-4.436,-22.94,-13.7,-15.59,-3.878,5.816,0.5345,-0.03699,0.834,0.2107,-0.6516,0.2608,0.6644,-0.4237,0.3744,0.3626,-0.5504,0.2806,-0.474,-0.5239,-0.4812,-0.7107,-0.2667,-0.4903,-0.4944,-0.4812,-0.5023,0.7516,-0.1075,0.6463,0.5996,-0.04126,0.797,0.4684,-0.6091,0.4585,0.5407,-0.5579,0.4524,0.02789,-0.2802,0.06885,-0.5594,-0.5273,-0.4741,-0.5657,-0.5519,-0.4757,-0.09369,-0.246,-0.1796
14.4,-0.8539,-0.6028,3.293,2.975,-1.488,3.67,1.084,0.8567,3.494,2.625,3.45,0.6097,-0.56,-2.553,-50.48,-38.26,2.181,1.634,1.011,0.1724,50.54,40.33,0.89,1.014,0.9083,-1.45,10.35,2.556,1.036,2.735,-3.651,0.1797,0.8749,-2.046,-3.042,-5.84,-76.13,-3.582,-1.578,-25.78,1.561,-1.462,-25.81,2.644,-1.463,13.64,0.7899,1.562,-114.4,-1.73,2.606,-114.4,-0.8747,2.605,-164,-0.2136,2.181,-79.84,-0.6116,-0.05018,-83.14,-1.431,0.6358,-93.47,-0.2553,1.616,-93.49,-1.291,0.01964,-90.43,-4.936,-1.118,-80.57,-0.5088,2.065,-80.69,-3.242,3.022,-86.52,-2.739,1.272,-42.97,1.951,60.06,4.877,14.65,59.58,7.813,147,99.12,23.45,-69.82,62.99,-2.448,23.93,-10.25,12.2,2.437,-26.86,42.01,-62.5,-0.9729,-2.437,19.04,-25.4,0.491,14.65,-10.75,0.4914,-3.891,0,-4.385,15.62,10.75,-23.05,6.274,14.6,2.921,14.65,23.42,-7.28,20.04,14.67,-29.26,-0.5171,20.04,0.5341,-0.0365,0.8343,0.2134,-0.6505,0.2631,0.6691,-0.4206,0.3724,0.3681,-0.5477,0.279,-0.4742,-0.5242,-0.4814,-0.7094,-0.2677,-0.4927,-0.4926,-0.4832,-0.5041,0.7514,-0.1072,0.6466,0.5997,-0.0409,0.7969,0.4685,-0.6089,0.4586,0.541,-0.5576,0.4526,0.02789,-0.2801,0.06891,-0.5593,-0.5277,-0.4738,-0.5654,-0.5524,-0.4753,-0.09357,-0.2459,-0.1796
14.41,-0.8272,-0.6071,3.299,2.903,-1.463,3.66,1.546,0.5678,3.533,2.627,3.485,0.5006,-0.5852,-2.579,-50.09,-38.18,2.219,1.58,1.175,0.05408,50.41,40.32,0.8889,1.005,0.9181,-1.454,10.35,2.531,1.025,2.71,-3.665,0.17,0.8819,-2.072,-3.081,-5.776,-76.17,-3.536,-1.553,-26.22,1.602,-1.41,-26.25,3.148,-1.412,13.32,1.107,2.093,-114.4,-1.751,2.683,-114.3,-1.184,2.682,-164,-0.3014,2.585,-79.87,-0.6368,-0.04904,-83.18,-1.43,0.6415,-93.51,-0.2518,1.631,-93.53,-1.277,0.02283,-90.43,-4.936,-1.125,-80.64,-0.5173,2.074,-80.76,-3.225,3.037,-86.52,-2.733,1.257,-53.72,1.951,73.24,2.454,31.26,85.94,10.26,148.9,92.78,11.22,-74.7,63.48,-2.448,25.39,4.398,-1.951,-0.481,-20.99,34.2,-76.16,-21.49,-3.412,18.55,-9.766,-4.399,13.67,-7.808,15.64,13.18,6.348,9.308,35.13,3.419,-28.73,0,16.6,0.9922,21,0.4722,-8.758,56.67,17.57,-15.59,20.04,23.89,0.5344,-0.03613,0.8341,0.2158,-0.6494,0.2652,0.6731,-0.4183,0.3701,0.3733,-0.545,0.2775,-0.4745,-0.5245,-0.4815,-0.7081,-0.2687,-0.4951,-0.491,-0.4851,-0.5058,0.7513,-0.1069,0.6468,0.5997,-0.04065,0.7969,0.4685,-0.6088,0.4587,0.5412,-0.5573,0.4527,0.02796,-0.2801,0.06891,-0.5591,-0.5279,-0.4737,-0.5652,-0.5527,-0.475,-0.09345,-0.2458,-0.1796
14.42,-0.8079,-0.5994,3.31,2.769,-1.436,3.617,1.985,0.3024,3.491,2.612,3.436,0.3124,-0.6158,-2.593,-49.75,-38.07,2.241,1.536,1.344,-0.03881,50.26,40.31,0.8878,0.9919,0.9259,-1.447,10.35,2.536,1.022,2.693,-3.673,0.1765,0.8906,-2.08,-3.12,-5.75,-76.24,-3.419,-1.509,-26.62,1.629,-1.359,-26.66,3.614,-1.361,13.05,1.41,2.606,-114.3,-1.778,2.769,-114.3,-1.475,2.768,-164,-0.3793,2.954,-79.9,-0.6533,-0.03149,-83.21,-1.426,0.6514,-93.54,-0.2461,1.648,-93.56,-1.268,0.03291,-90.43,-4.936,-1.127,-80.67,-0.5257,2.077,-80.79,-3.215,3.047,-86.52,-2.719,1.255,-8.78,6.344,-0.4932,4.393,55.66,91.31,14.15,125.5,103.5,-1.965,-69.34,62.99,-5.87,24.91,-6.35,-12.2,-9.765,-28.32,25.38,-84.97,-19.53,-17.58,10.75,-9.276,-3.908,17.1,-0.9817,-8.31,19.06,7.808,-1.923,38.08,1.93,-17.71,5.815,13.22,4.906,34.64,11.24,0,49.78,5.399,-10.73,3.878,13.15,0.5354,-0.03558,0.8336,0.2179,-0.6484,0.267,0.6764,-0.4167,0.3673,0.3782,-0.5424,0.2758,-0.4748,-0.5248,-0.4817,-0.707,-0.2697,-0.4974,-0.4895,-0.4869,-0.5074,0.7512,-0.1067,0.6469,0.5998,-0.04041,0.7969,0.4685,-0.6087,0.4588,0.5414,-0.5571,0.4529,0.02796,-0.2801,0.06885,-0.559,-0.528,-0.4736,-0.5651,-0.5528,-0.4748,-0.09345,-0.2457,-0.1796
14.43,-0.8032,-0.6038,3.329,2.679,-1.413,3.55,2.393,0.05994,3.466,2.624,3.407,0.1688,-0.6382,-2.619,-49.48,-37.91,2.251,1.5,1.529,-0.1231,50.11,40.27,0.8966,0.9919,0.9234,-1.433,10.34,2.582,1.01,2.693,-3.691,0.1895,0.8945,-2.089,-3.142,-5.771,-76.32,-3.341,-1.478,-26.97,1.648,-1.323,-27.02,4.04,-1.326,12.85,1.7,3.101,-114.2,-1.801,2.849,-114.2,-1.741,2.849,-164,-0.4518,3.294,-79.91,-0.6637,-0.02281,-83.24,-1.431,0.6651,-93.57,-0.2414,1.659,-93.58,-1.251,0.03238,-90.43,-4.934,-1.134,-80.65,-0.533,2.076,-80.77,-3.223,3.063,-86.53,-2.71,1.263,26.37,0,-44.43,16.6,77.14,84.96,18.08,101.6,85.94,-4.396,-75.2,75.2,-2.921,18.55,-4.398,-20.99,-12.2,-11.72,22.46,-95.22,-29.78,1.95,23.44,-0.9809,-2.926,23.93,-4.885,-1.474,46.38,24.41,-1.923,26.35,-1.93,-21.05,0,8.3,12.68,27.35,2.928,8.303,12.69,-2.418,-10.29,-7.368,10.74,0.536,-0.03504,0.8333,0.2196,-0.6476,0.2686,0.679,-0.4157,0.3643,0.3826,-0.5401,0.2739,-0.4752,-0.525,-0.482,-0.7059,-0.2705,-0.4994,-0.4883,-0.4884,-0.5089,0.7512,-0.1066,0.6469,0.5998,-0.04016,0.797,0.4685,-0.6087,0.4588,0.5415,-0.5569,0.4529,0.02802,-0.2801,0.06885,-0.5589,-0.5281,-0.4736,-0.5652,-0.5528,-0.4748,-0.09351,-0.2456,-0.1795
14.44,-0.7925,-0.5828,3.332,2.622,-1.397,3.504,2.767,-0.1563,3.489,2.632,3.429,0.05817,-0.6457,-2.631,-49.28,-37.76,2.239,1.462,1.7,-0.1988,49.95,40.24,0.9097,0.9954,0.9368,-1.43,10.34,2.634,1.01,2.679,-3.687,0.1895,0.9,-2.093,-3.157,-5.811,-76.38,-3.305,-1.439,-27.23,1.657,-1.266,-27.29,4.423,-1.269,12.74,1.965,3.573,-114.2,-1.837,2.931,-114.2,-1.993,2.931,-163.9,-0.5116,3.613,-79.92,-0.6845,-2.63E-04,-83.26,-1.44,0.6675,-93.58,-0.2345,1.673,-93.6,-1.245,0.03928,-90.43,-4.926,-1.133,-80.62,-0.5415,2.075,-80.74,-3.217,3.066,-86.54,-2.702,1.263,28.31,-2.442,-39.55,15.63,89.36,82.03,26.38,82.53,83.5,-3.43,-78.61,78.12,-10.74,11.24,-9.762,-29.29,-29.29,-27.83,22.46,-102.1,-29.78,-3.412,20.51,-1.471,2.926,25.39,-1.461,-13.67,42,14.16,-17.08,15.12,-4.412,-19.38,-2.907,4.458,16.1,21,-1.464,0,-25.84,-13.7,-7.794,-10.73,4.384,0.5363,-0.03449,0.8332,0.2207,-0.6469,0.2697,0.6811,-0.415,0.3613,0.3864,-0.5381,0.2716,-0.4756,-0.5252,-0.4824,-0.7049,-0.2714,-0.5014,-0.4871,-0.4898,-0.5103,0.7511,-0.1063,0.6471,0.5997,-0.04004,0.797,0.4685,-0.6085,0.459,0.5416,-0.5568,0.4529,0.02802,-0.28,0.06885,-0.5589,-0.5281,-0.4737,-0.5654,-0.5526,-0.4748,-0.09351,-0.2456,-0.1794
14.45,-0.7668,-0.5652,3.329,2.584,-1.378,3.443,3.13,-0.3496,3.522,2.642,3.466,-0.02657,-0.6277,-2.642,-49.19,-37.61,2.202,1.438,1.843,-0.2641,49.82,40.21,0.9196,0.9884,0.9282,-1.41,10.33,2.656,1.022,2.662,-3.67,0.1873,0.8981,-2.104,-3.168,-5.829,-76.45,-3.295,-1.398,-27.38,1.642,-1.193,-27.44,4.771,-1.197,12.72,2.218,4.005,-114.1,-1.873,3.012,-114.1,-2.222,3.013,-163.9,-0.571,3.905,-79.93,-0.7108,0.0229,-83.27,-1.441,0.673,-93.58,-0.2253,1.668,-93.6,-1.247,0.043,-90.42,-4.913,-1.127,-80.6,-0.5487,2.06,-80.72,-3.21,3.076,-86.54,-2.696,1.262,19.53,1.951,-7.322,14.66,100.1,57.12,26.38,67.39,69.82,3.897,-80.56,70.31,-14.16,-9.764,-5.374,-30.28,-34.67,-18.55,22.95,-105.5,-30.27,4.874,25.89,-3.902,-8.798,9.286,3.904,-8.31,43.95,1.46,-12.69,22.46,2.923,-24.39,0,9.223,-2.921,-4.389,-4.864,-1.024,-32.19,-33.2,-16.18,-20.55,5.816,0.5364,-0.03388,0.8332,0.221,-0.6463,0.2703,0.6828,-0.4147,0.3582,0.3895,-0.5366,0.269,-0.476,-0.5254,-0.4828,-0.704,-0.2722,-0.5031,-0.4861,-0.491,-0.5117,0.751,-0.1061,0.6473,0.5997,-0.03998,0.797,0.4688,-0.6083,0.4591,0.5416,-0.5568,0.453,0.02796,-0.2799,0.06879,-0.559,-0.528,-0.4739,-0.5656,-0.5525,-0.4748,-0.09351,-0.2455,-0.1795
14.46,-0.7357,-0.5522,3.332,2.535,-1.339,3.386,3.462,-0.522,3.549,2.628,3.494,-0.1142,-0.6171,-2.626,-49.21,-37.47,2.165,1.406,1.982,-0.3216,49.69,40.19,0.935,0.9954,0.9251,-1.395,10.33,2.657,1.036,2.662,-3.658,0.196,0.9081,-2.116,-3.173,-5.827,-76.52,-3.283,-1.343,-27.42,1.619,-1.119,-27.49,5.081,-1.123,12.81,2.439,4.41,-114,-1.915,3.085,-114,-2.437,3.086,-163.8,-0.6201,4.174,-79.93,-0.7464,0.04105,-83.27,-1.445,0.6784,-93.59,-0.2149,1.669,-93.6,-1.251,0.05362,-90.42,-4.905,-1.127,-80.6,-0.5463,2.05,-80.72,-3.206,3.081,-86.54,-2.682,1.254,1.463,1.467,-12.2,5.362,94.73,68.84,29.78,61.04,65.43,-3.43,-92.77,73.73,-5.37,-11.24,-17.58,-32.23,-40.04,-31.25,16.59,-114.3,-32.23,2.437,22.94,4.883,-1.473,24.91,13.17,-4.87,44.43,-2.444,-10.77,31.74,0.4964,-29.73,0,5.841,-13.67,-21.47,1.936,-12.74,-31.74,-23.93,-12.65,-9.308,8.768,0.5365,-0.03321,0.8331,0.2206,-0.6459,0.2703,0.6842,-0.4146,0.3552,0.3918,-0.5354,0.2659,-0.4763,-0.5255,-0.4832,-0.7032,-0.2732,-0.5047,-0.4853,-0.4921,-0.513,0.7508,-0.106,0.6475,0.5997,-0.03992,0.7971,0.469,-0.6081,0.4591,0.5416,-0.5568,0.453,0.02795,-0.2799,0.06879,-0.5591,-0.5278,-0.4741,-0.5656,-0.5525,-0.4748,-0.09345,-0.2454,-0.1795
14.47,-0.7017,-0.5376,3.335,2.516,-1.307,3.326,3.778,-0.6648,3.583,2.617,3.536,-0.1788,-0.583,-2.611,-49.3,-37.34,2.137,1.382,2.101,-0.3729,49.54,40.16,0.9547,0.9919,0.9323,-1.393,10.34,2.617,1.056,2.654,-3.652,0.1862,0.9223,-2.131,-3.174,-5.797,-76.57,-3.295,-1.293,-27.37,1.575,-1.04,-27.44,5.352,-1.045,13,2.616,4.777,-113.9,-1.963,3.155,-114,-2.626,3.157,-163.8,-0.6619,4.416,-79.92,-0.7768,0.06018,-83.26,-1.441,0.6829,-93.59,-0.1883,1.676,-93.6,-1.243,0.06795,-90.42,-4.89,-1.126,-80.64,-0.5439,2.053,-80.76,-3.194,3.084,-86.54,-2.682,1.24,0.9855,-0.9753,-24.91,8.786,83.01,56.16,28.31,59.08,63.97,-15.12,-120.1,64.45,-0.9737,-9.283,-17.58,-25.89,-41.02,-19.05,14.16,-125.5,-22.47,-4.874,22.45,5.864,-13.67,20.03,4.383,6.344,38.55,2.92,-2.462,18.57,5.846,-24.05,9.794,7.839,-11.74,-23.43,-15.63,-5.915,0.4534,11.2,-10.29,5.817,15.12,0.5365,-0.0326,0.8332,0.2196,-0.6456,0.2699,0.6851,-0.4149,0.3523,0.3933,-0.5347,0.2626,-0.4765,-0.5257,-0.4837,-0.7024,-0.274,-0.5061,-0.4845,-0.4931,-0.5141,0.7506,-0.106,0.6477,0.5997,-0.03992,0.797,0.4691,-0.608,0.4591,0.5415,-0.5567,0.4531,0.02796,-0.2797,0.06879,-0.5593,-0.5276,-0.4742,-0.5655,-0.5527,-0.4746,-0.09333,-0.2454,-0.1794
14.48,-0.6516,-0.5267,3.343,2.503,-1.276,3.27,4.047,-0.7806,3.618,2.609,3.578,-0.2413,-0.5352,-2.597,-49.43,-37.25,2.097,1.356,2.218,-0.4126,49.37,40.15,0.9602,0.9825,0.9379,-1.401,10.34,2.581,1.079,2.657,-3.635,0.1819,0.9316,-2.153,-3.157,-5.772,-76.6,-3.318,-1.248,-27.28,1.52,-0.9614,-27.35,5.566,-0.9655,13.27,2.761,5.107,-113.9,-2.016,3.229,-113.9,-2.796,3.231,-163.8,-0.6892,4.632,-79.9,-0.8122,0.07527,-83.25,-1.426,0.6863,-93.58,-0.1675,1.682,-93.59,-1.245,0.07804,-90.43,-4.876,-1.123,-80.66,-0.5366,2.065,-80.78,-3.193,3.084,-86.54,-2.686,1.218,9.765,6.835,-26.86,10.24,62.49,52.74,26.38,51.77,72.75,-14.65,-133.3,60.06,-2.448,-14.65,-18.56,-16.1,-37.6,-38.58,21.49,-130.4,-24.41,-19.53,13.67,11.24,-13.18,12.69,15.14,5.361,23.92,-6.348,23.46,29.3,8.769,-33.07,5.815,19.98,-5.843,-13.17,-36.6,-3.867,35.18,29.82,-12.65,11.25,6.8,0.5363,-0.03211,0.8333,0.2183,-0.6454,0.2694,0.6857,-0.4153,0.3497,0.3941,-0.5343,0.2591,-0.4767,-0.526,-0.484,-0.7018,-0.2749,-0.5073,-0.4839,-0.494,-0.515,0.7504,-0.106,0.6479,0.5998,-0.03998,0.7969,0.469,-0.608,0.4589,0.5414,-0.5567,0.4531,0.02795,-0.2796,0.06885,-0.5596,-0.5273,-0.4743,-0.5654,-0.5528,-0.4745,-0.09314,-0.2454,-0.1795
14.49,-0.5975,-0.5173,3.343,2.507,-1.242,3.228,4.273,-0.881,3.677,2.603,3.644,-0.2959,-0.4843,-2.586,-49.58,-37.17,2.059,1.341,2.31,-0.4473,49.15,40.13,0.9525,0.9674,0.9458,-1.411,10.35,2.553,1.101,2.654,-3.618,0.1797,0.928,-2.167,-3.147,-5.76,-76.63,-3.357,-1.201,-27.15,1.466,-0.8729,-27.22,5.738,-0.8772,13.61,2.86,5.397,-113.8,-2.074,3.312,-113.9,-2.954,3.314,-163.7,-0.7103,4.841,-79.88,-0.847,0.08948,-83.23,-1.407,0.6901,-93.57,-0.1536,1.691,-93.59,-1.254,0.08228,-90.43,-4.87,-1.114,-80.67,-0.5318,2.079,-80.79,-3.185,3.092,-86.54,-2.68,1.21,13.68,2.442,-20.51,10.24,42.98,57.12,21.48,50.29,62.5,-10.76,-149.9,54.69,3.422,-8.788,-20.99,-18.05,-47.85,-31.74,25.86,-139.7,-20.5,-8.286,15.63,7.314,-4.89,14.65,-4.383,19.03,21.97,-8.316,20,13.17,0.9927,-26.73,0.4591,14.6,3.418,0,-24.89,-1.024,37.63,18.54,-3.97,15.12,12.17,0.5361,-0.03162,0.8335,0.2169,-0.6452,0.2687,0.6858,-0.416,0.3471,0.3941,-0.5342,0.2554,-0.4768,-0.5264,-0.4844,-0.7011,-0.2756,-0.5084,-0.4832,-0.495,-0.5158,0.7502,-0.106,0.6481,0.5999,-0.04004,0.7968,0.4687,-0.6081,0.4587,0.5414,-0.5567,0.4532,0.02789,-0.2796,0.06891,-0.5598,-0.5273,-0.4743,-0.5654,-0.5528,-0.4744,-0.09308,-0.2453,-0.1795
14.5,-0.5584,-0.5102,3.336,2.517,-1.202,3.198,4.45,-0.9584,3.73,2.58,3.705,-0.3397,-0.4313,-2.558,-49.74,-37.11,2.008,1.311,2.398,-0.4947,48.91,40.09,0.9569,0.9628,0.9416,-1.413,10.36,2.543,1.124,2.66,-3.607,0.1906,0.9295,-2.161,-3.134,-5.781,-76.64,-3.393,-1.151,-27,1.406,-0.784,-27.06,5.856,-0.788,14.01,2.928,5.65,-113.8,-2.129,3.374,-113.8,-3.085,3.376,-163.7,-0.7145,5.029,-79.87,-0.8723,0.09974,-83.21,-1.393,0.6922,-93.55,-0.1352,1.685,-93.57,-1.26,0.08918,-90.43,-4.863,-1.106,-80.65,-0.5233,2.084,-80.77,-3.179,3.093,-86.54,-2.662,1.217,7.316,-1.951,-6.829,5.847,34.18,50.3,20.99,51.27,46.38,-11.22,-159.7,48.34,0.9737,-8.307,-9.762,-19.54,-52.74,-39.55,25.86,-140.1,-14.65,-3.412,16.61,4.883,-6.834,5.858,11.71,3.887,14.15,-14.66,11.69,6.838,17.1,-21.05,-4.897,6.763,2.921,12.22,-8.311,-6.825,0.9974,6.85,-7.352,0,3.937,0.5359,-0.03119,0.8336,0.2154,-0.6451,0.268,0.6855,-0.4171,0.3447,0.3936,-0.5344,0.2516,-0.4768,-0.5267,-0.4848,-0.7006,-0.2763,-0.5094,-0.4826,-0.496,-0.5165,0.75,-0.1061,0.6483,0.6,-0.04016,0.7968,0.4686,-0.6083,0.4585,0.5412,-0.5568,0.4532,0.02783,-0.2795,0.06891,-0.5599,-0.5272,-0.4743,-0.5655,-0.5527,-0.4744,-0.09314,-0.2452,-0.1795
14.51,-0.5193,-0.513,3.332,2.517,-1.151,3.165,4.577,-1.021,3.787,2.569,3.767,-0.4014,-0.3893,-2.537,-49.91,-37.05,1.973,1.292,2.449,-0.5202,48.63,40.05,0.9558,0.9651,0.9273,-1.409,10.38,2.539,1.147,2.679,-3.598,0.1971,0.9271,-2.161,-3.124,-5.803,-76.66,-3.418,-1.101,-26.84,1.362,-0.692,-26.9,5.939,-0.6957,14.45,2.95,5.849,-113.7,-2.183,3.447,-113.8,-3.202,3.45,-163.7,-0.7106,5.191,-79.85,-0.8965,0.1,-83.18,-1.378,0.6943,-93.54,-0.1236,1.671,-93.56,-1.27,0.0929,-90.43,-4.863,-1.1,-80.63,-0.5052,2.083,-80.75,-3.181,3.085,-86.54,-2.656,1.209,-7.316,-4.885,-1.461,6.362,27.35,38.58,14.15,32.22,46.88,-11.22,-170.4,34.18,3.422,-3.906,-14.65,-17.09,-50.78,-39.06,33.19,-137.2,-13.19,4.874,14.16,-12.69,0.9821,5.858,-0.9817,-1.966,16.09,-9.268,12.69,3.388,10.26,-24.39,-2.907,12.76,1.929,10.26,-4.864,-4.891,-17.05,-4.916,-20.44,-13.19,0.4473,0.5357,-0.03076,0.8337,0.214,-0.6449,0.2672,0.6849,-0.4183,0.3424,0.3924,-0.5349,0.248,-0.4769,-0.5271,-0.4851,-0.7002,-0.2769,-0.5102,-0.4821,-0.4969,-0.5169,0.7499,-0.1062,0.6484,0.6001,-0.04028,0.7967,0.4685,-0.6084,0.4582,0.5411,-0.5569,0.4532,0.02777,-0.2795,0.06891,-0.5598,-0.5272,-0.4742,-0.5656,-0.5526,-0.4745,-0.09308,-0.2451,-0.1795
14.52,-0.4702,-0.5101,3.333,2.484,-1.092,3.122,4.661,-1.078,3.811,2.552,3.797,-0.4804,-0.3412,-2.506,-50.09,-37.02,1.926,1.278,2.503,-0.5453,48.36,40.03,0.946,0.9662,0.9223,-1.414,10.4,2.508,1.164,2.699,-3.581,0.1992,0.9319,-2.18,-3.12,-5.794,-76.67,-3.414,-1.042,-26.66,1.304,-0.5932,-26.71,5.965,-0.5961,14.9,2.934,6.018,-113.7,-2.228,3.514,-113.8,-3.305,3.517,-163.7,-0.7095,5.337,-79.82,-0.9257,0.1008,-83.15,-1.358,0.6912,-93.54,-0.1144,1.661,-93.56,-1.279,0.09715,-90.43,-4.857,-1.1,-80.63,-0.4834,2.085,-80.76,-3.177,3.095,-86.54,-2.652,1.2,1.463,5.86,-3.415,0,28.31,30.76,18.57,20.51,33.2,-3.897,-179.7,37.11,-2.448,-2.448,-7.809,-33.19,-56.65,-45.9,29.3,-135.8,-13.19,1.95,4.393,-15.63,-3.417,-2.929,-5.365,-8.31,15.12,-1.968,-9.308,2.447,4.908,-21.38,0,8.761,-4.906,3.916,7.32,2.389,-32.19,-33.69,-17.65,-21.98,7.784,0.5358,-0.03027,0.8336,0.2125,-0.6446,0.2664,0.6837,-0.4199,0.3402,0.3909,-0.5354,0.2446,-0.4769,-0.5275,-0.4853,-0.6998,-0.2774,-0.511,-0.4817,-0.4977,-0.5173,0.7497,-0.1064,0.6486,0.6002,-0.04047,0.7965,0.4685,-0.6085,0.458,0.5411,-0.5569,0.4532,0.02777,-0.2794,0.06891,-0.5599,-0.5271,-0.474,-0.5656,-0.5527,-0.4745,-0.09302,-0.2451,-0.1795
14.53,-0.4111,-0.5062,3.344,2.428,-1.027,3.074,4.702,-1.129,3.843,2.539,3.831,-0.5537,-0.2989,-2.477,-50.29,-36.97,1.878,1.276,2.529,-0.5672,48.1,39.98,0.9427,0.9686,0.9268,-1.418,10.43,2.465,1.186,2.704,-3.565,0.1895,0.9479,-2.205,-3.127,-5.77,-76.68,-3.407,-0.9782,-26.47,1.251,-0.4891,-26.51,5.953,-0.4917,15.37,2.888,6.135,-113.7,-2.262,3.579,-113.7,-3.389,3.583,-163.8,-0.7068,5.465,-79.78,-0.9747,0.1014,-83.12,-1.348,0.6875,-93.54,-0.1063,1.661,-93.56,-1.291,0.112,-90.42,-4.855,-1.101,-80.65,-0.4701,2.087,-80.77,-3.17,3.104,-86.53,-2.654,1.183,13.68,9.769,-15.14,-3.908,34.18,24.9,20.99,-1.962,30.28,-0.9658,-188,20.02,-8.792,2.448,-16.11,-33.69,-48.82,-46.39,19.55,-138.2,-11.22,-4.387,7.805,-20.51,9.268,8.31,-10.75,-13.18,6.367,11.24,-14.15,11.73,-5.846,-27.39,0,5.38,-1.488,-3.443,15.63,1.479,-8.796,-29.33,-5.441,-13.7,17.09,0.5359,-0.02979,0.8336,0.211,-0.6443,0.2657,0.6822,-0.4217,0.3381,0.3889,-0.5362,0.2414,-0.477,-0.5278,-0.4855,-0.6994,-0.2778,-0.5116,-0.4812,-0.4985,-0.5175,0.7493,-0.1066,0.6489,0.6003,-0.04065,0.7965,0.4683,-0.6086,0.4579,0.5409,-0.5569,0.4533,0.02777,-0.2794,0.06885,-0.56,-0.5271,-0.474,-0.5656,-0.5527,-0.4743,-0.0929,-0.2451,-0.1796
14.54,-0.3634,-0.499,3.364,2.408,-0.9599,3.017,4.707,-1.169,3.887,2.513,3.879,-0.6018,-0.2606,-2.44,-50.48,-36.94,1.845,1.273,2.528,-0.5653,47.84,39.94,0.9372,0.9651,0.9178,-1.43,10.47,2.409,1.203,2.71,-3.554,0.183,0.966,-2.222,-3.129,-5.755,-76.68,-3.42,-0.9093,-26.27,1.192,-0.3899,-26.3,5.899,-0.3921,15.83,2.797,6.193,-113.6,-2.295,3.641,-113.7,-3.462,3.645,-163.8,-0.701,5.559,-79.72,-1.008,0.1041,-83.08,-1.334,0.6827,-93.54,-0.09935,1.646,-93.56,-1.302,0.1237,-90.43,-4.855,-1.108,-80.66,-0.4581,2.095,-80.79,-3.166,3.109,-86.53,-2.656,1.169,4.39,12.2,-12.2,-0.9694,46.38,22.95,19.06,-21.97,28.32,0,-184.6,17.58,-3.422,9.283,-14.65,-36.63,-39.56,-41.02,15.14,-134.3,-0.9729,-5.361,12.2,-11.73,12.69,24.41,-2.922,-0.9829,4.863,22.95,-22,8.281,-7.335,-25.72,9.794,12.76,8.764,3.443,6.328,3.867,12.24,6.85,-27.79,3.361,12.7,0.5358,-0.0293,0.8336,0.2095,-0.6441,0.265,0.6804,-0.4237,0.3362,0.3865,-0.5371,0.2386,-0.4771,-0.5281,-0.4856,-0.6992,-0.2783,-0.5121,-0.4809,-0.4991,-0.5177,0.7491,-0.107,0.6491,0.6004,-0.0409,0.7964,0.4681,-0.6089,0.4576,0.5409,-0.5569,0.4535,0.02783,-0.2794,0.06885,-0.5602,-0.5269,-0.474,-0.5656,-0.5528,-0.4742,-0.09278,-0.2451,-0.1796
14.55,-0.3246,-0.4895,3.376,2.393,-0.8917,2.974,4.678,-1.179,3.933,2.485,3.927,-0.6334,-0.2237,-2.403,-50.67,-36.92,1.823,1.287,2.525,-0.573,47.59,39.91,0.9514,0.9697,0.92,-1.448,10.53,2.355,1.22,2.71,-3.542,0.1657,0.9769,-2.259,-3.144,-5.746,-76.66,-3.444,-0.8399,-26.06,1.127,-0.2999,-26.09,5.805,-0.3013,16.29,2.673,6.214,-113.6,-2.321,3.699,-113.7,-3.497,3.703,-163.8,-0.6895,5.631,-79.65,-1.047,0.1065,-83.03,-1.334,0.6757,-93.55,-0.08433,1.639,-93.57,-1.306,0.1269,-90.42,-4.847,-1.116,-80.67,-0.452,2.107,-80.79,-3.158,3.124,-86.53,-2.666,1.148,4.39,26.86,-2.921,3.423,47.37,18.07,25.4,-31.24,24.9,-0.4996,-191.4,13.67,-0.5008,9.764,-18.56,-30.28,-35.16,-37.6,21.49,-127.9,-5.369,-0.4874,17.57,-6.845,2.926,19.53,5.365,11.7,0,18.06,11.69,17.57,-11.69,-24.39,7.804,4.458,3.914,8.305,-8.784,-4.436,41.98,40.54,-16.18,15.12,15.12,0.5357,-0.02887,0.8336,0.208,-0.6439,0.2643,0.6783,-0.4258,0.3346,0.3838,-0.5381,0.2361,-0.4773,-0.5283,-0.4858,-0.6991,-0.2785,-0.5124,-0.4808,-0.4995,-0.5179,0.7488,-0.1074,0.6493,0.6004,-0.0412,0.7964,0.4678,-0.6091,0.4572,0.5409,-0.5569,0.4535,0.02789,-0.2794,0.06879,-0.5605,-0.5266,-0.4741,-0.5656,-0.5528,-0.4741,-0.0926,-0.2451,-0.1797
14.56,-0.2869,-0.4852,3.402,2.392,-0.8177,2.933,4.625,-1.176,3.981,2.436,3.976,-0.6442,-0.1902,-2.35,-50.87,-36.89,1.815,1.287,2.512,-0.5787,47.37,39.88,0.9503,0.9744,0.9212,-1.457,10.55,2.354,1.238,2.715,-3.537,0.1548,0.9706,-2.262,-3.117,-5.782,-76.64,-3.471,-0.763,-25.83,1.056,-0.2098,-25.84,5.681,-0.2106,16.74,2.515,6.199,-113.6,-2.339,3.74,-113.6,-3.512,3.744,-163.7,-0.6661,5.673,-79.58,-1.075,0.11,-82.99,-1.324,0.675,-93.53,-0.07509,1.637,-93.55,-1.311,0.1269,-90.43,-4.849,-1.108,-80.62,-0.4375,2.116,-80.75,-3.151,3.123,-86.52,-2.666,1.147,6.839,22.95,-5.862,-4.877,44.92,9.279,22.95,-43.94,20.51,-10.26,-188.5,14.16,-0.5008,7.331,-16.11,-25.39,-35.64,-41.5,22.95,-127.4,-11.22,3.899,15.63,-1.962,11.23,19.53,4.885,6.835,-4.863,7.332,14.15,10.73,5.35,-25.39,6.274,16.6,9.26,23.43,-11.71,-3.867,26.84,16.6,-4.411,19.52,10.74,0.5355,-0.02844,0.8336,0.2063,-0.6437,0.2636,0.6761,-0.4278,0.3333,0.3808,-0.539,0.234,-0.4776,-0.5283,-0.4861,-0.6992,-0.2786,-0.5126,-0.4809,-0.4997,-0.518,0.7486,-0.1078,0.6494,0.6004,-0.04144,0.7963,0.4675,-0.6093,0.4569,0.5408,-0.557,0.4535,0.02783,-0.2794,0.06885,-0.561,-0.5262,-0.4743,-0.5658,-0.5526,-0.4742,-0.0926,-0.2451,-0.1798
14.57,-0.2498,-0.4848,3.421,2.389,-0.7554,2.9,4.535,-1.153,4.027,2.402,4.024,-0.6492,-0.1582,-2.312,-51.08,-36.86,1.82,1.291,2.485,-0.5828,47.2,39.86,0.958,0.9791,0.9279,-1.447,10.58,2.374,1.252,2.726,-3.537,0.1516,0.9678,-2.257,-3.087,-5.846,-76.6,-3.502,-0.6986,-25.57,0.9933,-0.1312,-25.58,5.528,-0.132,17.16,2.333,6.139,-113.5,-2.353,3.782,-113.6,-3.504,3.786,-163.7,-0.6301,5.698,-79.51,-1.108,0.1133,-82.94,-1.32,0.6781,-93.5,-0.06123,1.645,-93.52,-1.311,0.1306,-90.43,-4.849,-1.099,-80.56,-0.4291,2.109,-80.68,-3.151,3.113,-86.51,-2.668,1.145,4.39,10.25,-2.447,-13.18,39.07,7.809,14.15,-53.71,19.53,-14.65,-184.6,13.18,6.844,-3.906,-14.16,-15.64,-33.69,-41.5,27.84,-127.9,-11.71,1.462,10.26,-9.766,13.18,17.57,-10.75,1.966,0.4863,15.14,12.69,11.23,0,-25.06,-5.815,11.22,8.323,17.55,-2.928,6.37,-5.894,10.72,-14.12,-5.817,11.72,0.5353,-0.02814,0.8337,0.2047,-0.6437,0.2627,0.6738,-0.4299,0.3324,0.3775,-0.5401,0.2322,-0.4779,-0.5283,-0.4863,-0.6994,-0.2786,-0.5127,-0.4812,-0.4997,-0.5181,0.7483,-0.1082,0.6496,0.6004,-0.04169,0.7962,0.4673,-0.6095,0.4567,0.5406,-0.5571,0.4534,0.02777,-0.2794,0.06891,-0.5613,-0.5258,-0.4746,-0.5661,-0.5522,-0.4745,-0.09259,-0.2451,-0.1798
14.58,-0.201,-0.4744,3.441,2.392,-0.6952,2.869,4.401,-1.117,4.09,2.354,4.088,-0.627,-0.1262,-2.27,-51.33,-36.83,1.8,1.291,2.439,-0.579,47.08,39.84,0.958,0.9744,0.9349,-1.439,10.61,2.376,1.274,2.732,-3.526,0.1429,0.9772,-2.25,-3.065,-5.908,-76.56,-3.545,-0.6314,-25.27,0.9292,-0.04883,-25.28,5.33,-0.04906,17.58,2.144,6.029,-113.4,-2.357,3.812,-113.5,-3.472,3.816,-163.6,-0.5848,5.688,-79.44,-1.148,0.1216,-82.88,-1.311,0.6758,-93.48,-0.04967,1.648,-93.5,-1.323,0.138,-90.43,-4.849,-1.099,-80.5,-0.4242,2.099,-80.62,-3.151,3.112,-86.52,-2.672,1.154,-2.927,5.368,-0.4932,-17.57,34.18,13.18,19.06,-51.27,0,-20.52,-186,1.467,16.11,0.9764,-20.51,-6.843,-39.56,-43.46,31.24,-118.2,-1.946,9.261,26.36,-5.374,7.816,17.1,-6.347,-3.887,5.35,18.06,-1,10.73,7.831,-24.05,-1.989,5.38,5.843,8.777,7.32,7.28,-24.39,0,-6.764,5.429,14.67,0.535,-0.02783,0.8337,0.2028,-0.6436,0.2617,0.6713,-0.4319,0.3318,0.3741,-0.5413,0.2307,-0.4783,-0.5282,-0.4866,-0.6998,-0.2783,-0.5127,-0.4818,-0.4995,-0.5181,0.7481,-0.1086,0.6498,0.6005,-0.04199,0.7962,0.4671,-0.6096,0.4565,0.5404,-0.5572,0.4534,0.02777,-0.2794,0.06891,-0.5616,-0.5254,-0.475,-0.5664,-0.5519,-0.4747,-0.09265,-0.2452,-0.1798
14.59,-0.169,-0.4675,3.466,2.4,-0.6427,2.84,4.232,-1.068,4.128,2.321,4.127,-0.6104,-0.09369,-2.239,-51.6,-36.78,1.768,1.306,2.408,-0.5714,47.02,39.83,0.9536,0.9767,0.9307,-1.424,10.65,2.342,1.286,2.735,-3.513,0.1375,0.9983,-2.249,-3.043,-5.936,-76.51,-3.581,-0.5756,-24.95,0.8623,0.01221,-24.95,5.094,0.01246,17.96,1.958,5.886,-113.3,-2.361,3.842,-113.4,-3.426,3.846,-163.5,-0.5469,5.664,-79.36,-1.176,0.1257,-82.83,-1.306,0.6735,-93.46,-0.04967,1.642,-93.48,-1.334,0.1524,-90.44,-4.849,-1.103,-80.48,-0.4158,2.082,-80.6,-3.147,3.111,-86.53,-2.672,1.156,-11.23,17.09,15.63,-13.66,25.39,-2.44,20,-57.61,-9.771,7.827,-179.2,-0.9815,20.03,9.764,-5.857,2.446,-41.5,-32.72,32.22,-119.1,-3.909,-3.899,21.96,-21,10.25,13.19,5.365,-2.949,6.853,8.316,-11.23,-0.5019,14.17,-25.72,1.53,11.68,-13.17,-8.305,4.392,-4.436,-20.04,-18.05,-8.235,0,9.305,0.5348,-0.02765,0.8338,0.2009,-0.6437,0.2605,0.6687,-0.4339,0.3316,0.3708,-0.5426,0.2296,-0.4788,-0.5279,-0.487,-0.7002,-0.2778,-0.5127,-0.4824,-0.4992,-0.5182,0.7478,-0.1091,0.6499,0.6005,-0.0423,0.7961,0.4669,-0.6098,0.4563,0.5403,-0.5573,0.4535,0.02783,-0.2794,0.06897,-0.5619,-0.525,-0.4753,-0.5665,-0.5518,-0.4748,-0.09266,-0.2452,-0.1797
14.6,-0.1479,-0.4676,3.492,2.389,-0.5832,2.819,4.031,-1.016,4.128,2.284,4.127,-0.5989,-0.06709,-2.204,-51.86,-36.74,1.754,1.299,2.387,-0.5583,47.01,39.81,0.9591,0.9907,0.9298,-1.411,10.7,2.271,1.297,2.743,-3.504,0.1245,1.005,-2.243,-3.04,-5.929,-76.44,-3.593,-0.5215,-24.62,0.7922,0.05761,-24.61,4.824,0.05801,18.3,1.741,5.715,-113.2,-2.353,3.856,-113.3,-3.366,3.859,-163.4,-0.4897,5.614,-79.27,-1.198,0.1209,-82.77,-1.308,0.6694,-93.45,-0.04621,1.636,-93.47,-1.344,0.1635,-90.43,-4.849,-1.099,-80.48,-0.3988,2.066,-80.61,-3.14,3.112,-86.53,-2.678,1.163,-13.17,16.6,3.415,-15.63,19.53,-10.74,12.19,-52.73,11.23,15.62,-161.6,14.65,9.264,11.24,-6.35,2.446,-41.99,-38.58,39.54,-114.8,-0.4864,-7.311,16.61,-8.786,4.399,11.24,-16.6,0,8.798,0,-4.846,5.395,11.25,-25.72,-9.794,15.68,-10.25,-10.26,4.392,-18.09,-10.7,-20.47,-16.18,-29.34,9.305,0.5347,-0.02759,0.8337,0.1988,-0.644,0.2592,0.666,-0.4358,0.3318,0.3673,-0.5439,0.229,-0.4794,-0.5275,-0.4874,-0.7008,-0.2772,-0.5126,-0.4834,-0.4986,-0.5182,0.7476,-0.1097,0.65,0.6004,-0.04267,0.7961,0.4668,-0.6099,0.4562,0.5401,-0.5573,0.4535,0.02777,-0.2794,0.06891,-0.5622,-0.5245,-0.4756,-0.5665,-0.5518,-0.4747,-0.09271,-0.2452,-0.1797
14.61,-0.1356,-0.4668,3.518,2.381,-0.5215,2.816,3.821,-0.9443,4.124,2.242,4.124,-0.5867,-0.04943,-2.164,-52.12,-36.7,1.785,1.298,2.353,-0.5507,47.02,39.8,0.9646,1.008,0.9273,-1.405,10.77,2.183,1.308,2.754,-3.492,0.118,1.014,-2.253,-3.035,-5.906,-76.35,-3.602,-0.4652,-24.27,0.7257,0.09652,-24.26,4.547,0.09694,18.63,1.482,5.52,-113.1,-2.343,3.865,-113.1,-3.285,3.868,-163.3,-0.4291,5.55,-79.18,-1.216,0.1163,-82.7,-1.313,0.665,-93.45,-0.04505,1.629,-93.48,-1.353,0.1672,-90.44,-4.849,-1.103,-80.51,-0.3831,2.057,-80.63,-3.134,3.117,-86.53,-2.678,1.157,-9.765,22.46,5.368,-19.06,13.67,-22.46,0,-47.36,16.12,11.22,-131.4,24.42,20.03,19.05,-7.326,-15.14,-41.5,-43.46,33.67,-112.3,-4.396,-2.437,11.73,-21.49,-1.473,9.286,-5.365,8.801,11.23,5.872,3.923,18.57,14.67,-26.39,1.53,14.6,-15.16,-26.87,5.856,-8.303,-4.897,-12.17,-20,-16.55,9.752,0.5346,-0.02759,0.8336,0.1967,-0.6443,0.2578,0.6631,-0.4377,0.3319,0.3635,-0.5449,0.2286,-0.4801,-0.527,-0.4879,-0.7016,-0.2764,-0.5125,-0.4844,-0.498,-0.5182,0.7474,-0.1104,0.6501,0.6004,-0.04303,0.7961,0.4667,-0.61,0.456,0.5401,-0.5574,0.4536,0.02783,-0.2794,0.06897,-0.5625,-0.5241,-0.4758,-0.5664,-0.5519,-0.4746,-0.09265,-0.2452,-0.1797
14.62,-0.1039,-0.4634,3.548,2.336,-0.4717,2.819,3.607,-0.8722,4.092,2.22,4.092,-0.5918,-0.02422,-2.141,-52.38,-36.64,1.859,1.316,2.324,-0.5306,47.03,39.78,0.9591,1.022,0.9265,-1.415,10.82,2.127,1.323,2.768,-3.495,0.1126,1.025,-2.266,-3.032,-5.905,-76.26,-3.585,-0.4121,-23.91,0.6541,0.1354,-23.9,4.26,0.1359,18.97,1.173,5.324,-112.9,-2.32,3.879,-113,-3.189,3.882,-163.2,-0.3735,5.465,-79.09,-1.244,0.1211,-82.64,-1.31,0.6669,-93.44,-0.04621,1.631,-93.47,-1.367,0.1688,-90.43,-4.863,-1.113,-80.5,-0.365,2.07,-80.63,-3.13,3.115,-86.52,-2.68,1.142,-8.302,16.6,0,-29.78,11.72,-21,-1.962,-49.32,18.55,-0.4996,-115.7,11.72,6.343,13.67,-4.398,-14.65,-38.58,-38.08,21.49,-112.8,-3.423,-12.22,8.786,-1.471,-2.926,17.1,-4.383,13.18,25.86,-4.888,0,23.46,12.68,-28.4,1.53,13.22,-11.24,-16.14,-14.64,-10.24,27.84,4.432,-20.44,4.912,4.921,0.5348,-0.02765,0.8334,0.1945,-0.6446,0.2564,0.6602,-0.4397,0.3321,0.3595,-0.5459,0.2285,-0.4809,-0.5264,-0.4884,-0.7024,-0.2755,-0.5122,-0.4856,-0.4971,-0.5183,0.7472,-0.1109,0.6502,0.6004,-0.04334,0.796,0.4665,-0.6102,0.4559,0.54,-0.5574,0.4536,0.02789,-0.2795,0.06891,-0.563,-0.5237,-0.476,-0.5665,-0.5519,-0.4746,-0.09253,-0.2452,-0.1798
14.63,-0.0865,-0.4687,3.559,2.301,-0.4218,2.829,3.376,-0.7847,4.049,2.202,4.049,-0.5889,-0.001191,-2.122,-52.64,-36.58,1.97,1.324,2.284,-0.517,47.04,39.78,0.9514,1.02,0.9402,-1.429,10.88,2.089,1.337,2.76,-3.475,0.1029,1.026,-2.277,-3.016,-5.94,-76.17,-3.568,-0.3686,-23.56,0.5857,0.1587,-23.55,3.961,0.1592,19.3,0.827,5.097,-112.8,-2.292,3.885,-112.8,-3.075,3.888,-163,-0.3026,5.367,-79.01,-1.262,0.1157,-82.57,-1.31,0.667,-93.43,-0.04852,1.646,-93.45,-1.386,0.1688,-90.43,-4.863,-1.113,-80.47,-0.3662,2.083,-80.6,-3.123,3.11,-86.53,-2.682,1.128,4.39,13.67,-17.58,-34.66,-2.444,-21.97,1.471,-65.92,5.368,-23.91,-122.6,7.326,-2.448,6.835,-0.4928,-19.04,-32.23,-31.25,18.54,-109.4,2.45,-12.71,1.962,-6.845,-5.381,8.787,1.461,-4.378,14.15,7.808,8.769,26.35,3.419,-25.06,0,2.92,14.17,10.74,-27.81,0.455,42.98,24.9,1.912,17.06,13.69,0.5349,-0.02777,0.8331,0.1923,-0.6449,0.255,0.6573,-0.4417,0.3324,0.3552,-0.5467,0.2286,-0.4818,-0.5257,-0.4889,-0.7033,-0.2744,-0.5119,-0.4869,-0.4961,-0.5183,0.747,-0.1115,0.6502,0.6004,-0.0437,0.796,0.4662,-0.6103,0.4558,0.5398,-0.5576,0.4536,0.02789,-0.2795,0.06891,-0.5635,-0.5232,-0.4763,-0.5666,-0.5517,-0.4747,-0.09241,-0.2452,-0.1798
14.64,-0.07882,-0.4547,3.568,2.278,-0.3917,2.864,3.111,-0.6803,3.999,2.191,3.999,-0.5796,0.01866,-2.113,-52.87,-36.52,2.082,1.349,2.279,-0.503,47.04,39.76,0.9493,1.031,0.9536,-1.423,10.92,2.078,1.343,2.768,-3.477,0.09529,1.035,-2.276,-2.993,-5.987,-76.07,-3.554,-0.3301,-23.22,0.516,0.1667,-23.21,3.627,0.167,19.63,0.465,4.87,-112.6,-2.261,3.893,-112.7,-2.94,3.895,-162.9,-0.2343,5.253,-78.93,-1.271,0.1253,-82.5,-1.311,0.6629,-93.41,-0.04852,1.656,-93.43,-1.391,0.1688,-90.43,-4.87,-1.121,-80.42,-0.3553,2.074,-80.54,-3.119,3.105,-86.52,-2.684,1.127,10.75,11.23,-27.83,-35.66,-12.2,-34.18,10.76,-65.43,6.345,-20.52,-116.2,10.75,-9.765,-7.812,2.929,-21.98,-28.81,-25.88,11.74,-107.9,-9.278,-9.261,3.412,-1.962,-10.25,7.811,-1.963,-1.966,30.29,6.824,2.923,7.842,0.4964,-25.39,-1.53,4.919,1.488,10.74,-38.58,9.327,16.14,12.73,-13.68,2.973,19.06,0.535,-0.02802,0.8329,0.1902,-0.6454,0.2536,0.6541,-0.4437,0.333,0.3508,-0.5475,0.2288,-0.4828,-0.525,-0.4894,-0.7044,-0.2731,-0.5116,-0.4883,-0.495,-0.5183,0.7469,-0.1119,0.6502,0.6003,-0.04407,0.796,0.4658,-0.6105,0.4557,0.5397,-0.5577,0.4536,0.02796,-0.2796,0.06891,-0.5639,-0.5227,-0.4767,-0.5669,-0.5514,-0.4749,-0.09241,-0.2452,-0.1798
14.65,-0.06445,-0.4474,3.564,2.262,-0.3595,2.908,2.819,-0.5577,3.969,2.185,3.969,-0.5566,0.03097,-2.113,-53.09,-36.46,2.179,1.376,2.258,-0.4756,47.04,39.77,0.946,1.037,0.9625,-1.416,10.94,2.07,1.357,2.771,-3.46,0.08229,1.046,-2.278,-2.95,-6.036,-75.96,-3.552,-0.2963,-22.89,0.462,0.1743,-22.88,3.281,0.1744,19.94,0.11,4.619,-112.4,-2.225,3.903,-112.5,-2.782,3.904,-162.7,-0.1534,5.11,-78.88,-1.285,0.1286,-82.44,-1.311,0.6589,-93.36,-0.05199,1.661,-93.39,-1.407,0.1762,-90.43,-4.87,-1.121,-80.36,-0.3493,2.064,-80.48,-3.117,3.096,-86.51,-2.694,1.119,14.66,16.11,-19.05,-31.75,-24.41,-27.35,5.36,-75.2,0,-30.27,-116.2,-22.46,1.475,-16.12,-6.35,-26.85,-40.53,-19.53,12.22,-110.3,-14.16,1.462,12.69,-16.61,-6.343,7.811,0,-4.87,30.29,20.03,-8.308,-11.73,3.916,-23.05,-2.448,8.3,4.906,7.292,-13.69,-1.934,-17.05,4.432,-4.853,3.361,10.29,0.535,-0.02826,0.8327,0.1883,-0.6459,0.2523,0.651,-0.4455,0.3338,0.3464,-0.5484,0.2291,-0.4837,-0.5243,-0.4899,-0.7056,-0.2718,-0.511,-0.49,-0.4937,-0.5182,0.7467,-0.1122,0.6503,0.6003,-0.04443,0.7959,0.4654,-0.6108,0.4554,0.5394,-0.558,0.4535,0.02796,-0.2796,0.06891,-0.5642,-0.5223,-0.477,-0.5671,-0.5511,-0.4751,-0.09235,-0.2453,-0.1799
14.66,-0.02772,-0.44,3.568,2.246,-0.3337,2.937,2.523,-0.4109,3.943,2.163,3.943,-0.5149,0.03672,-2.101,-53.28,-36.4,2.265,1.395,2.24,-0.4603,47.02,39.76,0.9328,1.038,0.96,-1.402,10.98,2.028,1.365,2.779,-3.445,0.07905,1.047,-2.265,-2.923,-6.063,-75.86,-3.565,-0.2642,-22.59,0.4081,0.1675,-22.58,2.931,0.1674,20.25,-0.2292,4.359,-112.3,-2.194,3.899,-112.3,-2.604,3.901,-162.5,-0.06136,4.956,-78.8,-1.314,0.1371,-82.37,-1.303,0.6595,-93.33,-0.05545,1.66,-93.35,-1.422,0.1736,-90.43,-4.87,-1.123,-80.33,-0.3372,2.051,-80.45,-3.113,3.088,-86.51,-2.692,1.126,0,8.302,-18.06,-31.75,-24.9,-11.72,-0.9809,-81.55,-2.437,-40.03,-117.7,-22.95,-4.897,-21.98,0,-21.49,-38.58,-21.49,15.14,-101.6,3.909,-3.412,16.12,-15.63,2.435,10.74,-11.23,-10.72,24.41,17.08,-17.08,-9.787,-5.846,-18.71,4.897,7.839,-9.26,-10.26,4.392,-0.455,-21.04,-10.23,-11.76,-1.034,-0.9842,0.5349,-0.02851,0.8326,0.1865,-0.6463,0.251,0.648,-0.4472,0.3348,0.3421,-0.5493,0.2295,-0.4847,-0.5235,-0.4905,-0.7068,-0.2705,-0.5104,-0.4917,-0.4925,-0.518,0.7465,-0.1127,0.6504,0.6003,-0.0448,0.7958,0.465,-0.6111,0.4552,0.5392,-0.5582,0.4534,0.02796,-0.2796,0.06885,-0.5644,-0.522,-0.4772,-0.5672,-0.5509,-0.4753,-0.09241,-0.2453,-0.1799
14.67,0.01469,-0.4362,3.58,2.234,-0.3077,2.966,2.205,-0.2371,3.937,2.139,3.937,-0.4718,0.03791,-2.087,-53.43,-36.37,2.317,1.412,2.215,-0.4343,47,39.78,0.9328,1.042,0.9497,-1.39,11.03,1.957,1.379,2.787,-3.433,0.07471,1.049,-2.27,-2.901,-6.062,-75.74,-3.592,-0.2421,-22.33,0.3693,0.1557,-22.32,2.574,0.1561,20.54,-0.5349,4.083,-112.1,-2.178,3.895,-112.1,-2.415,3.896,-162.4,0.0372,4.782,-78.71,-1.352,0.1358,-82.3,-1.299,0.6543,-93.31,-0.05314,1.644,-93.33,-1.433,0.1731,-90.43,-4.87,-1.123,-80.33,-0.3263,2.034,-80.45,-3.111,3.085,-86.51,-2.694,1.118,-4.898,8.786,-14.64,-29.3,-31.26,-24.42,2.943,-85.93,0,-32.71,-110.8,-23.93,-8.792,-29.29,-2.445,-23.93,-43.45,-13.19,10.73,-97.16,-9.765,-13.2,4.883,-20.51,-5.852,-3.905,-4.383,-12.69,16.58,2.444,-14.62,-4.893,6.342,-30.4,0,6.763,-17.58,-19.51,8.311,-9.782,-25.84,-26.84,-23.97,-24.43,18.07,0.5347,-0.02887,0.8326,0.1851,-0.6468,0.25,0.645,-0.4487,0.3361,0.338,-0.5503,0.23,-0.4854,-0.5228,-0.491,-0.7081,-0.2691,-0.5096,-0.4934,-0.4911,-0.5177,0.7462,-0.1132,0.6506,0.6003,-0.04523,0.7958,0.4647,-0.6115,0.4548,0.5391,-0.5583,0.4534,0.02796,-0.2796,0.06885,-0.5645,-0.5217,-0.4773,-0.5673,-0.5508,-0.4753,-0.09235,-0.2453,-0.1799
14.68,0.04709,-0.4263,3.584,2.244,-0.2856,2.984,1.872,-0.05388,3.958,2.121,3.958,-0.4216,0.02878,-2.079,-53.56,-36.35,2.322,1.434,2.151,-0.3872,46.98,39.79,0.9328,1.043,0.934,-1.388,11.1,1.882,1.405,2.784,-3.413,0.04873,1.044,-2.276,-2.892,-6.062,-75.64,-3.63,-0.2128,-22.09,0.3427,0.1545,-22.09,2.215,0.1546,20.8,-0.8039,3.774,-112,-2.158,3.904,-112,-2.211,3.904,-162.2,0.1515,4.584,-78.63,-1.38,0.1449,-82.21,-1.295,0.6534,-93.3,-0.04967,1.627,-93.32,-1.454,0.1677,-90.43,-4.87,-1.123,-80.32,-0.3191,2.031,-80.45,-3.1,3.082,-86.5,-2.708,1.111,1.463,10.25,-16.6,-23.45,-36.63,-24.42,9.284,-79.58,-3.908,-13.19,-99.6,-25.39,-1.475,-21.48,0.4928,-21.98,-38.58,-24.41,5.382,-97.16,-12.7,-14.66,5.864,-9.276,7.325,9.286,-12.21,-6.835,5.35,4.38,-3.385,0,-4.908,-22.05,7.345,17.06,-7.331,-16.14,1.464,-6.37,4.352,-9.268,-5.882,-12.15,6.8,0.5344,-0.02912,0.8326,0.1839,-0.6471,0.249,0.6423,-0.4499,0.3377,0.3341,-0.5516,0.2307,-0.4861,-0.5223,-0.4914,-0.7095,-0.2678,-0.5086,-0.4953,-0.4897,-0.5172,0.746,-0.1137,0.6507,0.6003,-0.04566,0.7957,0.4643,-0.6119,0.4544,0.539,-0.5585,0.4534,0.02796,-0.2796,0.06885,-0.5647,-0.5214,-0.4775,-0.5673,-0.5508,-0.4753,-0.09229,-0.2454,-0.18
14.69,0.04475,-0.4136,3.599,2.298,-0.2721,3.009,1.548,0.1515,3.996,2.098,3.996,-0.3469,0.03613,-2.069,-53.65,-36.35,2.306,1.452,2.081,-0.349,46.96,39.81,0.9416,1.047,0.9226,-1.407,11.16,1.809,1.419,2.757,-3.394,0.02599,1.039,-2.286,-2.877,-6.059,-75.53,-3.693,-0.1947,-21.89,0.3071,0.1503,-21.89,1.855,0.1503,21.03,-1.049,3.457,-111.9,-2.143,3.904,-111.9,-1.992,3.904,-162.1,0.2727,4.378,-78.54,-1.389,0.1504,-82.14,-1.306,0.6473,-93.28,-0.05314,1.61,-93.31,-1.473,0.1683,-90.43,-4.87,-1.116,-80.32,-0.3251,2.045,-80.44,-3.079,3.078,-86.5,-2.711,1.096,-0.9855,7.327,-6.829,-7.331,-32.22,-21,11.25,-77.14,-10.74,-1.465,-97.65,-32.71,-3.422,-27.34,-9.762,-20.5,-41.02,-21.49,4.41,-88.38,-12.21,-6.336,1.962,-4.883,9.268,7.334,-14.66,12.69,-4.377,5.364,2.462,16.62,-7.335,-19.04,2.448,9.837,-0.4961,-15.12,-10.25,-3.412,24.94,9.751,-8.823,12.15,5.816,0.5339,-0.02948,0.8328,0.1827,-0.6474,0.2482,0.6397,-0.4509,0.3396,0.3304,-0.5529,0.2315,-0.4867,-0.5217,-0.4918,-0.7109,-0.2664,-0.5076,-0.4972,-0.4882,-0.5166,0.7458,-0.1143,0.6507,0.6002,-0.04609,0.7957,0.4639,-0.6123,0.454,0.5388,-0.5586,0.4535,0.02789,-0.2796,0.06885,-0.5651,-0.5211,-0.4778,-0.5674,-0.5506,-0.4752,-0.09216,-0.2454,-0.1801
14.7,0.02338,-0.4004,3.594,2.337,-0.2525,3.036,1.225,0.3624,4.002,2.073,4.002,-0.3081,0.02978,-2.051,-53.71,-36.36,2.27,1.471,1.981,-0.308,46.95,39.83,0.9514,1.057,0.9108,-1.412,11.22,1.75,1.431,2.757,-3.378,0.0249,1.045,-2.286,-2.856,-6.08,-75.43,-3.726,-0.1652,-21.73,0.2719,0.1423,-21.72,1.497,0.1425,21.21,-1.269,3.108,-111.8,-2.131,3.909,-111.8,-1.769,3.909,-161.9,0.3988,4.17,-78.47,-1.383,0.1608,-82.06,-1.321,0.6452,-93.26,-0.06007,1.598,-93.28,-1.488,0.1656,-90.43,-4.87,-1.123,-80.3,-0.3263,2.048,-80.42,-3.081,3.069,-86.5,-2.713,1.089,-4.898,1.467,0,-4.393,-34.66,-17.09,19.06,-61.04,-11.71,10.26,-86.42,-28.81,-6.844,-20.02,-2.445,-17.09,-44.43,-7.808,11.21,-82.03,-3.909,-1.462,0.4905,-21.96,-2.435,0.9764,-2.443,15.14,-3.891,9.776,3.385,12.23,5.846,-28.73,0.9181,9.223,-2.921,-6.819,-8.784,-2.389,35.64,28.77,-5.882,18.62,12.7,0.5337,-0.02973,0.8327,0.1818,-0.6476,0.2477,0.6374,-0.4517,0.3417,0.3269,-0.5543,0.2327,-0.4872,-0.5213,-0.4922,-0.7122,-0.2652,-0.5064,-0.4991,-0.4869,-0.5159,0.7458,-0.1147,0.6506,0.6001,-0.04651,0.7958,0.4635,-0.6127,0.4536,0.5387,-0.5588,0.4535,0.02796,-0.2796,0.06885,-0.5655,-0.5207,-0.4781,-0.5674,-0.5505,-0.4753,-0.09211,-0.2454,-0.1801
14.71,0.01636,-0.393,3.593,2.364,-0.2314,3.053,0.8994,0.5718,4.009,2.047,4.008,-0.2672,0.02481,-2.03,-53.75,-36.38,2.212,1.48,1.856,-0.2618,46.95,39.84,0.9536,1.047,0.9033,-1.408,11.29,1.712,1.442,2.737,-3.369,0.02166,1.03,-2.287,-2.847,-6.125,-75.33,-3.752,-0.1389,-21.59,0.2437,0.1396,-21.59,1.143,0.1398,21.36,-1.47,2.739,-111.7,-2.114,3.906,-111.7,-1.544,3.905,-161.8,0.5292,3.948,-78.39,-1.381,0.1662,-81.98,-1.327,0.6437,-93.25,-0.06354,1.59,-93.27,-1.506,0.1624,-90.43,-4.876,-1.11,-80.26,-0.342,2.042,-80.38,-3.077,3.061,-86.5,-2.711,1.082,1.463,9.769,-10.26,-4.393,-35.64,-21,18.08,-50.79,-16.12,7.327,-79.59,-35.65,-9.264,-21.48,-6.833,-11.71,-37.1,-10.74,7.325,-74.22,-2.937,0.9748,8.295,-22.45,5.852,5.381,1.461,1.966,-16.09,2.444,7.308,3.388,12.68,-24.05,-2.448,1.998,-4.906,7.292,2.456,-11.72,8.342,2.418,-8.823,3.361,6.352,0.5335,-0.02997,0.8327,0.1811,-0.6478,0.2473,0.6352,-0.4523,0.344,0.3236,-0.5558,0.2341,-0.4876,-0.521,-0.4924,-0.7135,-0.2641,-0.5052,-0.5009,-0.4856,-0.515,0.7457,-0.1152,0.6505,0.6,-0.04694,0.7957,0.4631,-0.6131,0.4533,0.5386,-0.5589,0.4535,0.02783,-0.2796,0.06885,-0.5657,-0.5204,-0.4784,-0.5676,-0.5503,-0.4755,-0.09204,-0.2454,-0.1801
14.72,0.01336,-0.3914,3.598,2.384,-0.1915,3.058,0.5693,0.7853,4.013,2.002,4.012,-0.2233,-0.005161,-1.989,-53.79,-36.39,2.135,1.495,1.732,-0.2208,46.97,39.83,0.9525,1.047,0.884,-1.395,11.35,1.685,1.448,2.732,-3.35,0.01841,1.025,-2.282,-2.833,-6.174,-75.25,-3.776,-0.09413,-21.47,0.2199,0.1324,-21.47,0.7888,0.1324,21.48,-1.647,2.368,-111.6,-2.096,3.898,-111.6,-1.313,3.896,-161.8,0.6577,3.724,-78.31,-1.385,0.1714,-81.91,-1.333,0.6477,-93.23,-0.07162,1.577,-93.26,-1.519,0.163,-90.42,-4.87,-1.102,-80.21,-0.3469,2.034,-80.33,-3.075,3.053,-86.5,-2.711,1.082,-3.912,10.25,-4.875,-4.877,-32.22,-10.25,16.61,-41.99,-7.817,21.98,-45.89,-16.6,0.9737,-14.65,6.833,-19.04,-41.02,-14.65,2.915,-70.31,0,0,8.786,-3.412,0.9821,1.475,-11.71,-5.361,-18.57,-1.968,2.462,-4.893,7.831,-22.05,-1.989,1.537,-6.339,4.861,2.456,-6.37,-26.39,9.268,-17.06,-0.5171,3.4,0.5333,-0.03003,0.8327,0.1804,-0.648,0.2468,0.633,-0.4528,0.3465,0.3206,-0.5572,0.2357,-0.4881,-0.5206,-0.4927,-0.7148,-0.2631,-0.5038,-0.5026,-0.4844,-0.5141,0.7456,-0.1157,0.6505,0.5999,-0.0473,0.7957,0.4629,-0.6133,0.453,0.5384,-0.5591,0.4535,0.02777,-0.2796,0.06885,-0.566,-0.52,-0.4788,-0.5678,-0.55,-0.4757,-0.09204,-0.2454,-0.1801
14.73,0.01636,-0.3806,3.602,2.411,-0.1683,3.066,0.2464,0.9935,4.024,1.977,4.024,-0.1695,-0.01866,-1.97,-53.8,-36.39,2.066,1.498,1.575,-0.1724,47.01,39.79,0.9438,1.045,0.8856,-1.39,11.4,1.638,1.45,2.735,-3.331,0.01841,1.027,-2.282,-2.808,-6.197,-75.16,-3.808,-0.06618,-21.36,0.1964,0.1251,-21.36,0.443,0.125,21.56,-1.826,1.97,-111.6,-2.073,3.891,-111.5,-1.082,3.89,-161.7,0.7996,3.493,-78.23,-1.389,0.1766,-81.83,-1.335,0.6423,-93.21,-0.08202,1.575,-93.24,-1.53,0.1566,-90.43,-4.863,-1.109,-80.18,-0.3469,2.023,-80.3,-3.079,3.044,-86.5,-2.713,1.074,-2.449,7.811,-3.415,-4.393,-39.55,-11.23,10.76,-41.01,-8.794,25.38,-37.59,-26.85,-2.921,-15.62,-3.421,-5.358,-28.32,-12.69,10.73,-53.22,0.9729,-5.849,2.431,-11.73,3.908,-6.834,-13.17,1.474,-4.863,-3.904,-5.385,-8.281,8.769,-29.73,-6.886,14.14,-4.906,-18.57,5.383,9.782,-41.53,-31.75,-24.41,-25.85,23.44,0.533,-0.03021,0.8327,0.1798,-0.6482,0.2465,0.6311,-0.4531,0.349,0.3177,-0.5587,0.2376,-0.4886,-0.5201,-0.4929,-0.716,-0.2622,-0.5023,-0.5043,-0.4833,-0.5129,0.7455,-0.1162,0.6505,0.5999,-0.04773,0.7957,0.4626,-0.6136,0.4529,0.5383,-0.5592,0.4534,0.02783,-0.2795,0.06885,-0.5663,-0.5197,-0.4791,-0.5679,-0.5498,-0.4759,-0.09198,-0.2454,-0.1801
14.74,0.004675,-0.3703,3.607,2.444,-0.1449,3.082,-0.05359,1.21,4.016,1.953,4.016,-0.1163,-0.03454,-1.949,-53.83,-36.4,1.996,1.515,1.428,-0.1244,47.09,39.73,0.9394,1.063,0.8901,-1.378,11.46,1.57,1.453,2.732,-3.321,0.00758,1.033,-2.265,-2.81,-6.201,-75.08,-3.84,-0.03823,-21.25,0.1628,0.09919,-21.25,0.1089,0.09928,21.61,-1.983,1.576,-111.5,-2.05,3.885,-111.4,-0.8437,3.883,-161.7,0.9323,3.255,-78.16,-1.388,0.1814,-81.77,-1.346,0.6376,-93.21,-0.09473,1.578,-93.23,-1.547,0.1603,-90.42,-4.87,-1.111,-80.19,-0.3384,2.006,-80.3,-3.066,3.028,-86.5,-2.713,1.076,2.927,2.926,-8.783,-11.24,-36.63,-20.02,9.774,-38.09,-7.817,23.91,-17.57,-16.6,0.9737,-17.1,0,-9.754,-25.4,-13.19,10.24,-41.5,-0.9729,-7.798,-0.4905,-16.61,-2.435,-7.811,-4.383,-8.801,-4.377,8.792,-9.769,-3.89,7.335,-24.39,3.979,9.223,-2.921,-30.25,8.784,7.28,-23.94,-16.6,-11.18,-13.19,10.74,0.5328,-0.0304,0.8327,0.1792,-0.6485,0.2462,0.6291,-0.4535,0.3515,0.315,-0.5602,0.2396,-0.489,-0.5197,-0.4931,-0.7172,-0.2613,-0.5007,-0.5059,-0.4821,-0.5117,0.7454,-0.1166,0.6504,0.5998,-0.0481,0.7957,0.4624,-0.6137,0.4528,0.5382,-0.5593,0.4535,0.02783,-0.2796,0.06879,-0.5665,-0.5193,-0.4794,-0.5679,-0.5497,-0.4759,-0.09198,-0.2454,-0.1801
14.75,-0.01236,-0.3692,3.612,2.49,-0.1156,3.081,-0.3603,1.418,4.032,1.943,4.031,-0.05602,-0.05697,-1.943,-53.83,-36.4,1.934,1.532,1.273,-0.06204,47.13,39.67,0.9405,1.073,0.8876,-1.374,11.53,1.497,1.456,2.726,-3.302,-0.003248,1.037,-2.265,-2.817,-6.189,-75.01,-3.884,-0.01383,-21.19,0.144,0.07744,-21.19,-0.2164,0.07748,21.65,-2.145,1.184,-111.4,-2.028,3.89,-111.3,-0.6125,3.888,-161.6,1.07,3.016,-78.09,-1.386,0.1763,-81.7,-1.361,0.6326,-93.22,-0.1086,1.573,-93.24,-1.567,0.1587,-90.42,-4.87,-1.117,-80.19,-0.3408,1.999,-80.31,-3.062,3.014,-86.5,-2.723,1.062,23.44,13.67,-9.769,-6.847,-42.48,-15.63,10.76,-34.67,-0.9771,24.91,0,-23.93,-5.87,-24.91,0,-12.7,-19.53,-16.61,7.325,-29.28,3.909,-0.4874,-4.883,-6.845,0.491,0,-4.885,10.28,4.863,17.08,-2.462,16.12,4.412,-24.05,2.448,11.68,7.827,-37.14,8.311,-2.957,9.249,8.784,-11.76,-1.939,13.69,0.5325,-0.03052,0.8328,0.1787,-0.6487,0.2459,0.6272,-0.4538,0.3538,0.3124,-0.5615,0.2418,-0.4894,-0.5194,-0.4932,-0.7184,-0.2604,-0.4992,-0.5074,-0.4811,-0.5104,0.7454,-0.1171,0.6503,0.5996,-0.04846,0.7958,0.4621,-0.614,0.4527,0.5382,-0.5594,0.4536,0.02789,-0.2796,0.06879,-0.5667,-0.5189,-0.4797,-0.5678,-0.5497,-0.4759,-0.09187,-0.2455,-0.1801
14.76,-0.009685,-0.3668,3.632,2.528,-0.09079,3.087,-0.6584,1.637,4.042,1.926,4.041,0.008618,-0.08833,-1.925,-53.81,-36.39,1.874,1.566,1.13,-0.002545,47.17,39.59,0.9284,1.071,0.8801,-1.367,11.59,1.447,1.456,2.712,-3.294,-0.01949,1.032,-2.275,-2.83,-6.179,-74.93,-3.931,0.01449,-21.12,0.1248,0.04578,-21.12,-0.5334,0.04594,21.68,-2.296,0.8017,-111.3,-2.007,3.888,-111.2,-0.3746,3.886,-161.6,1.191,2.767,-78.02,-1.395,0.1805,-81.65,-1.367,0.6352,-93.22,-0.1248,1.572,-93.24,-1.58,0.1529,-90.41,-4.876,-1.121,-80.19,-0.3469,1.994,-80.31,-3.054,3.008,-86.49,-2.733,1.046,3.404,-0.9753,-7.322,-7.331,-43.46,-9.77,2.452,-32.72,-1.46,24.91,13.68,-29.29,-5.87,-29.29,-4.398,-7.804,-16.11,-14.65,-1.943,-21,6.342,4.874,-3.412,-17.57,-1.473,-3.905,1.461,17.11,3.891,7.332,6.846,28.29,0,-25.72,0,16.6,2.921,-29.78,-2.928,-6.37,42.98,35.14,-4.411,24.43,9.752,0.5321,-0.03064,0.8329,0.1782,-0.649,0.2456,0.6254,-0.4541,0.3562,0.3099,-0.5629,0.2438,-0.4898,-0.5191,-0.4934,-0.7196,-0.2595,-0.4976,-0.5089,-0.48,-0.5091,0.7453,-0.1175,0.6504,0.5996,-0.04871,0.7958,0.4618,-0.6142,0.4526,0.5382,-0.5594,0.4536,0.02789,-0.2796,0.06873,-0.5669,-0.5187,-0.4799,-0.5678,-0.5497,-0.4759,-0.09174,-0.2456,-0.1802
14.77,-0.007681,-0.3749,3.632,2.57,-0.06644,3.111,-0.9269,1.859,4.041,1.91,4.04,0.07828,-0.1062,-1.908,-53.78,-36.38,1.824,1.594,0.9943,0.05122,47.22,39.5,0.9295,1.076,0.8725,-1.357,11.63,1.43,1.467,2.704,-3.286,-0.03573,1.03,-2.272,-2.817,-6.22,-74.85,-3.981,0.03608,-21.07,0.09077,0.005723,-21.07,-0.836,0.00584,21.7,-2.442,0.4309,-111.2,-1.989,3.88,-111.1,-0.1345,3.878,-161.6,1.313,2.519,-77.96,-1.403,0.1787,-81.59,-1.373,0.6419,-93.21,-0.1294,1.573,-93.23,-1.597,0.1497,-90.41,-4.884,-1.121,-80.15,-0.3481,1.991,-80.27,-3.049,2.996,-86.49,-2.741,1.04,2.927,1.467,-17.58,-3.423,-46.38,-10.25,1.471,-24.91,0.9771,21.48,19.54,-26.37,4.897,-21.98,6.35,-9.754,-13.18,-14.16,-7.325,-13.19,9.765,2.437,-13.67,-17.08,-3.908,-15.62,4.383,11.21,6.853,0,11.69,23.9,18.53,-24.05,1.989,3.382,0.4961,-17.55,-5.383,-7.848,34.18,33.69,-12.65,18.62,4.921,0.5318,-0.03082,0.833,0.1777,-0.6494,0.2455,0.6236,-0.4544,0.3585,0.3075,-0.5642,0.2459,-0.4903,-0.5187,-0.4936,-0.7208,-0.2586,-0.496,-0.5104,-0.4789,-0.5078,0.7452,-0.1179,0.6504,0.5995,-0.04895,0.7957,0.4615,-0.6145,0.4524,0.5381,-0.5596,0.4536,0.0279,-0.2797,0.06873,-0.5672,-0.5184,-0.4802,-0.568,-0.5494,-0.4761,-0.09168,-0.2456,-0.1802
14.78,0.006011,-0.3714,3.616,2.598,-0.03437,3.14,-1.163,2.057,4.023,1.892,4.021,0.1508,-0.1354,-1.886,-53.77,-36.37,1.783,1.604,0.8716,0.1196,47.25,39.43,0.9262,1.073,0.8773,-1.35,11.65,1.428,1.473,2.701,-3.282,-0.03032,1.031,-2.267,-2.781,-6.267,-74.79,-4.028,0.07235,-21.02,0.04616,-0.04311,-21.02,-1.117,-0.04322,21.73,-2.574,0.08181,-111.2,-1.963,3.876,-111,0.09013,3.873,-161.6,1.446,2.27,-77.93,-1.423,0.1848,-81.54,-1.379,0.6445,-93.18,-0.1363,1.582,-93.2,-1.608,0.1497,-90.42,-4.892,-1.12,-80.1,-0.3553,1.986,-80.22,-3.054,2.994,-86.49,-2.739,1.047,-8.78,4.885,-16.6,-8.301,-42.98,0,-0.4905,-23.43,0,18.55,38.58,-31.24,-7.317,-33.69,-5.374,-9.289,-11.72,-16.61,-9.754,-0.4993,6.342,0.4874,-14.16,-8.295,1.473,-9.764,5.365,-1.474,15.61,1.968,0,17.06,7.335,-24.05,3.979,17.06,-10.25,-10.74,-13.69,-6.825,-6.801,14.67,-14.12,0.5171,14.14,0.5314,-0.03082,0.8331,0.1772,-0.6498,0.2454,0.6219,-0.4548,0.3606,0.3053,-0.5654,0.2478,-0.4907,-0.5183,-0.4938,-0.722,-0.2578,-0.4945,-0.5119,-0.4778,-0.5065,0.745,-0.118,0.6505,0.5995,-0.0492,0.7957,0.4613,-0.6146,0.4524,0.5379,-0.5597,0.4536,0.02789,-0.2797,0.06879,-0.5674,-0.5181,-0.4805,-0.5682,-0.5492,-0.4763,-0.09174,-0.2456,-0.1802
14.79,0.008683,-0.3749,3.616,2.625,0.01069,3.157,-1.402,2.266,3.999,1.863,3.995,0.2097,-0.1783,-1.851,-53.75,-36.34,1.746,1.635,0.7669,0.1769,47.25,39.36,0.9339,1.077,0.8697,-1.33,11.64,1.439,1.496,2.704,-3.257,-0.02707,1.044,-2.258,-2.742,-6.314,-74.74,-4.065,0.1179,-20.99,0.007433,-0.09194,-20.99,-1.395,-0.09188,21.78,-2.708,-0.2473,-111.1,-1.94,3.869,-110.9,0.3214,3.867,-161.6,1.559,2.027,-77.9,-1.432,0.1862,-81.51,-1.385,0.6498,-93.13,-0.1363,1.579,-93.16,-1.631,0.1502,-90.42,-4.89,-1.128,-80.06,-0.3577,1.971,-80.18,-3.06,2.992,-86.5,-2.739,1.055,-0.4778,8.302,-8.783,-4.393,-36.63,-4.389,-2.943,-13.68,0.9771,17.09,49.8,-22.46,-7.818,-32.72,-2.445,-2.446,-7.809,-14.16,-12.71,6.344,11.22,-8.286,-16.12,-18.55,1.944,-9.764,-10.25,-10.72,11.23,11.24,-2.923,13.68,-0.4964,-19.04,4.438,0,-3.914,-1.958,-12.7,0,-31.74,-14.18,-4.411,-2.456,4.921,0.5312,-0.0307,0.8331,0.1768,-0.6501,0.2454,0.6203,-0.4551,0.3626,0.303,-0.5666,0.2495,-0.4911,-0.5179,-0.4939,-0.7231,-0.2569,-0.493,-0.5133,-0.4766,-0.5053,0.7449,-0.1182,0.6505,0.5994,-0.04932,0.7958,0.4612,-0.6147,0.4523,0.5376,-0.56,0.4535,0.02796,-0.2797,0.06873,-0.5675,-0.5179,-0.4807,-0.5683,-0.549,-0.4765,-0.0918,-0.2456,-0.1802
